 head     neck    torso    right elbow    right_shoulder_ right hand    
-0.00188637,-0.00188637,-0.00189367,-0.00373373,0.00194031,0.00127382
-0.00364814,-0.00364814,-0.00368864,-0.00738357,0.0037423,0.00258016
-0.00534355,-0.00534356,-0.00540934,-0.0107863,0.00552505,0.00390548
-0.00706969,-0.00706969,-0.00715465,-0.0140443,0.00740066,0.00525319
-0.00881118,-0.00881119,-0.00894164,-0.0179799,0.00923648,0.00655486
-0.0105685,-0.0105685,-0.0107603,-0.0217446,0.0110706,0.00787386
-0.0124588,-0.0124588,-0.0126958,-0.0254644,0.0130506,0.00914392
-0.0143463,-0.0143463,-0.0146269,-0.0291855,0.0151168,0.0104227
-0.016163,-0.016163,-0.016449,-0.0326995,0.0171638,0.0117616
-0.0178672,-0.0178672,-0.0181528,-0.0381874,0.0190047,0.0129949
-0.0195149,-0.0195149,-0.019785,-0.0414209,0.0208072,0.0143633
-0.0211366,-0.0211366,-0.0213191,-0.0447684,0.0226331,0.0157402
-0.0226426,-0.0226426,-0.0227355,-0.0480042,0.0244069,0.0171426
-0.0240089,-0.0240089,-0.0240083,-0.0530411,0.0260839,0.018456
-0.0254332,-0.0254332,-0.0253205,-0.0584647,0.0277526,0.0197541
-0.0268827,-0.0268827,-0.0266455,-0.0619553,0.0293957,0.0211248
-0.0283194,-0.0283194,-0.0279414,-0.0653489,0.0311326,0.0225191
-0.0298339,-0.0298339,-0.0293368,-0.068904,0.0329275,0.0239019
-0.0313692,-0.0314573,-0.030843,-0.0726491,0.0346479,0.0252802
-0.0332003,-0.0332884,-0.0325696,-0.0760094,0.0362954,0.0266762
-0.035202,-0.0352901,-0.0344562,-0.079709,0.0378737,0.0280421
-0.0373248,-0.0374129,-0.0364598,-0.0834556,0.0394996,0.0294097
-0.0394247,-0.0395128,-0.0384351,-0.0871499,0.0412163,0.0307795
-0.0414818,-0.0415699,-0.0403905,-0.0908169,0.0429229,0.0321543
-0.0429927,-0.0430808,-0.0418235,-0.0945747,0.044598,0.0335311
-0.0450147,-0.0451028,-0.0437985,-0.0983559,0.0465923,0.0349038
-0.0471872,-0.0472753,-0.0459231,-0.102122,0.0484958,0.0362928
-0.04955,-0.0496381,-0.0482285,-0.105817,0.0502721,0.0376569
-0.0519263,-0.0520144,-0.0505437,-0.109403,0.0520119,0.0390319
-0.0542025,-0.0542906,-0.0527501,-0.112789,0.053515,0.0404139
-0.056473,-0.0565611,-0.0549371,-0.116152,0.0548939,0.0417806
-0.0587842,-0.0588723,-0.0571578,-0.119345,0.0558079,0.0431273
-0.0611091,-0.0611972,-0.0593932,-0.122526,0.0567522,0.0444884
-0.0634171,-0.0635052,-0.0616,-0.125637,0.0576219,0.0458445
-0.0655206,-0.0656087,-0.0636205,-0.128717,0.0584909,0.0472211
-0.0674625,-0.0675506,-0.0655015,-0.131716,0.0593843,0.048589
-0.0693302,-0.0694183,-0.0673248,-0.13474,0.0602404,0.0499544
-0.0712888,-0.0713769,-0.069248,-0.137731,0.0611419,0.0512978
-0.0733179,-0.073406,-0.0712489,-0.140792,0.0620184,0.0526505
-0.0753343,-0.0754223,-0.0732601,-0.147273,0.0630373,0.0537245
-0.0773273,-0.0774154,-0.075258,-0.150529,0.0640521,0.0550614
-0.0793348,-0.0794229,-0.0772756,-0.154013,0.0651045,0.0563631
-0.0813429,-0.081431,-0.0792987,-0.157468,0.0661519,0.0576782
-0.0833645,-0.0834526,-0.0813138,-0.160559,0.0667808,0.0590201
-0.0853756,-0.0854637,-0.0832889,-0.163772,0.0673781,0.0603604
-0.0874076,-0.0874957,-0.0852942,-0.166838,0.0679245,0.0616951
-0.0895044,-0.0895925,-0.0873566,-0.169556,0.0680809,0.0630295
-0.0916748,-0.0917629,-0.0894791,-0.173216,0.0683285,0.0642985
-0.0938691,-0.0939572,-0.0916239,-0.176213,0.0686349,0.0656226
-0.0961002,-0.0961883,-0.0938035,-0.178988,0.0688889,0.066982
-0.0982869,-0.098375,-0.0959429,-0.18218,0.0693172,0.0683303
-0.100396,-0.100484,-0.0980075,-0.184946,0.0697476,0.0696883
-0.102542,-0.10263,-0.100114,-0.187961,0.0701607,0.0709817
-0.10469,-0.104778,-0.102221,-0.190687,0.0704487,0.0722571
-0.106855,-0.106943,-0.104354,-0.193238,0.0707422,0.0735547
-0.109004,-0.109092,-0.106487,-0.195839,0.0711019,0.074862
-0.111048,-0.111136,-0.108499,-0.198725,0.0716053,0.0761549
-0.11306,-0.113148,-0.110471,-0.2016,0.0721688,0.0774319
-0.115045,-0.115133,-0.112422,-0.203878,0.0727538,0.0787704
-0.116891,-0.116979,-0.11426,-0.206879,0.0733413,0.0800689
-0.118713,-0.118802,-0.11606,-0.209283,0.0738937,0.0814146
-0.120456,-0.120544,-0.117761,-0.212092,0.0744235,0.0827411
-0.122277,-0.122365,-0.119527,-0.214732,0.0749375,0.0840504
-0.124093,-0.124181,-0.121295,-0.217318,0.0754339,0.0853861
-0.125954,-0.126042,-0.12311,-0.219838,0.0761058,0.0867031
-0.127758,-0.127846,-0.124868,-0.222266,0.077039,0.0880363
-0.129528,-0.129616,-0.126586,-0.224915,0.078094,0.0893494
-0.131285,-0.131373,-0.128285,-0.227612,0.0793243,0.0907061
-0.133022,-0.133111,-0.129966,-0.229959,0.0804901,0.0920671
-0.134814,-0.134902,-0.131668,-0.232951,0.0817516,0.0933509
-0.136574,-0.136662,-0.133333,-0.235776,0.08289,0.0946641
-0.138416,-0.138505,-0.135048,-0.238001,0.0839225,0.0960302
-0.140228,-0.140316,-0.13673,-0.240891,0.0849631,0.0973376
-0.142067,-0.142155,-0.13843,-0.24399,0.0860511,0.0986407
-0.144057,-0.144145,-0.140292,-0.246675,0.0871057,0.0999908
-0.145928,-0.146016,-0.142048,-0.249482,0.088094,0.101316
-0.147711,-0.147799,-0.14372,-0.251951,0.0890144,0.102679
-0.149389,-0.149477,-0.145267,-0.255076,0.0899073,0.103988
-0.15105,-0.151138,-0.146787,-0.258029,0.0908384,0.105314
-0.152689,-0.152777,-0.148292,-0.261317,0.0919456,0.106623
-0.154324,-0.154412,-0.149809,-0.264181,0.0932117,0.107975
-0.155932,-0.15602,-0.15132,-0.267233,0.094537,0.109307
-0.157511,-0.157599,-0.15281,-0.270253,0.0958142,0.110638
-0.159765,-0.159853,-0.154989,-0.273248,0.0971901,0.111968
-0.161752,-0.16184,-0.156917,-0.276213,0.0986301,0.113283
-0.163575,-0.163663,-0.158694,-0.279036,0.0997073,0.114606
-0.165466,-0.165554,-0.160547,-0.281445,0.100597,0.115955
-0.167299,-0.167387,-0.162367,-0.283891,0.101723,0.117314
-0.169226,-0.169314,-0.16428,-0.286709,0.102768,0.118622
-0.170814,-0.170902,-0.165853,-0.289476,0.102863,0.11994
-0.172508,-0.172596,-0.167548,-0.292344,0.103236,0.121251
-0.174201,-0.174289,-0.169244,-0.29525,0.103668,0.122531
-0.175869,-0.175957,-0.170928,-0.297984,0.104147,0.123823
-0.177465,-0.177553,-0.172546,-0.300669,0.104578,0.125135
-0.179092,-0.17918,-0.174181,-0.302839,0.104937,0.126487
-0.180738,-0.180826,-0.17581,-0.305335,0.105339,0.127791
-0.18236,-0.182448,-0.177414,-0.307779,0.105815,0.129128
-0.184014,-0.184102,-0.179032,-0.310382,0.106086,0.130449
-0.185614,-0.185702,-0.180601,-0.312705,0.106347,0.131768
-0.187281,-0.187369,-0.182211,-0.314817,0.106713,0.133121
-0.187018,-0.187106,-0.181871,-0.313445,0.105117,0.133197
-0.186915,-0.187003,-0.181639,-0.312379,0.103789,0.133238
-0.186841,-0.186929,-0.181434,-0.311718,0.102582,0.13323
-0.186814,-0.186902,-0.181291,-0.311568,0.101607,0.133217
-0.186839,-0.186927,-0.18119,-0.310422,0.100674,0.133259
-0.186792,-0.18688,-0.181011,-0.30934,0.0997664,0.133302
-0.186694,-0.186782,-0.180782,-0.308742,0.098635,0.133321
-0.186618,-0.186706,-0.180583,-0.30799,0.0973191,0.13336
-0.186664,-0.186752,-0.180546,-0.307995,0.0960868,0.133357
-0.186843,-0.186931,-0.180653,-0.305444,0.0951216,0.133428
-0.187088,-0.187176,-0.180849,-0.304703,0.0941479,0.133415
-0.187356,-0.187445,-0.181137,-0.304101,0.0932032,0.133393
-0.18775,-0.187838,-0.181535,-0.303817,0.0924815,0.133335
-0.188272,-0.18836,-0.182051,-0.30134,0.0918879,0.133417
-0.188741,-0.188829,-0.18252,-0.299161,0.0912586,0.133468
-0.189171,-0.189234,-0.182964,-0.298342,0.0905916,0.133505
-0.189541,-0.189604,-0.183354,-0.29844,0.0899126,0.133465
-0.18974,-0.189804,-0.183543,-0.29798,0.0892594,0.133476
-0.189714,-0.18969,-0.183421,-0.297422,0.0888517,0.133517
-0.189669,-0.189645,-0.18337,-0.297225,0.0890595,0.133547
-0.189436,-0.189412,-0.183151,-0.296728,0.0892858,0.133579
-0.18914,-0.189115,-0.182878,-0.296275,0.0893131,0.133632
-0.18883,-0.188805,-0.182593,-0.295903,0.0891393,0.133681
-0.188535,-0.188511,-0.182331,-0.2954,0.0890681,0.133728
-0.188964,-0.188939,-0.182754,-0.294838,0.0891691,0.133782
-0.18887,-0.188846,-0.182628,-0.293828,0.0888994,0.133857
-0.188645,-0.18862,-0.182374,-0.292774,0.0887653,0.133916
-0.188239,-0.188215,-0.181967,-0.292354,0.0890358,0.133953
-0.187839,-0.187814,-0.181577,-0.291795,0.0893951,0.134009
-0.187524,-0.187499,-0.181272,-0.291412,0.0901185,0.134052
-0.18731,-0.187285,-0.181079,-0.291409,0.0910169,0.13408
-0.187263,-0.187238,-0.18105,-0.291698,0.0924026,0.134137
-0.187204,-0.18718,-0.181015,-0.291845,0.0936616,0.134182
-0.186831,-0.186807,-0.180697,-0.291633,0.095022,0.134252
-0.186771,-0.186746,-0.180675,-0.291971,0.09642,0.134268
-0.186835,-0.186811,-0.180766,-0.292528,0.0978521,0.13428
-0.186954,-0.18693,-0.180885,-0.292759,0.0992904,0.134307
-0.186864,-0.18684,-0.180797,-0.293299,0.10076,0.134332
-0.187179,-0.187154,-0.18109,-0.29339,0.102109,0.134374
-0.187201,-0.187176,-0.181027,-0.289533,0.101846,0.134675
-0.187237,-0.187212,-0.180973,-0.2889,0.101757,0.134709
-0.187146,-0.187121,-0.18077,-0.288207,0.101535,0.134784
-0.187129,-0.187104,-0.180638,-0.287491,0.101427,0.134854
-0.187122,-0.187098,-0.180534,-0.287292,0.101812,0.134879
-0.187011,-0.186986,-0.180347,-0.286784,0.102162,0.134907
-0.186844,-0.186819,-0.180096,-0.286378,0.102496,0.134941
-0.186546,-0.186521,-0.179746,-0.285696,0.102745,0.135022
-0.185284,-0.185259,-0.178566,-0.283361,0.102333,0.135022
-0.183545,-0.18352,-0.176896,-0.281522,0.101526,0.134919
-0.181248,-0.181223,-0.174653,-0.279525,0.100334,0.134719
-0.178905,-0.17888,-0.17235,-0.276928,0.0988235,0.134498
-0.176526,-0.176501,-0.170007,-0.274484,0.0970666,0.13423
-0.173999,-0.173975,-0.167505,-0.271663,0.0952513,0.134003
-0.171378,-0.171354,-0.164918,-0.268936,0.0934265,0.133768
-0.168824,-0.1688,-0.162387,-0.266298,0.0915494,0.133502
-0.166274,-0.166249,-0.159831,-0.263463,0.0895387,0.133212
-0.163893,-0.163869,-0.157461,-0.260266,0.0873733,0.132928
-0.161552,-0.161527,-0.155152,-0.257029,0.0851216,0.132657
-0.159177,-0.159152,-0.152804,-0.2543,0.082814,0.132321
-0.157072,-0.157048,-0.15071,-0.250749,0.080504,0.132004
-0.155101,-0.155077,-0.148754,-0.247759,0.0782267,0.131638
-0.153178,-0.153154,-0.146867,-0.244313,0.0759541,0.131288
-0.151231,-0.151207,-0.144969,-0.241007,0.0736981,0.130955
-0.149248,-0.149224,-0.143029,-0.237735,0.0714332,0.130596
-0.147225,-0.147201,-0.141044,-0.234513,0.0689891,0.130261
-0.14519,-0.145165,-0.139037,-0.231362,0.066272,0.129907
-0.14318,-0.143156,-0.137061,-0.227948,0.0634607,0.129582
-0.141151,-0.141127,-0.135079,-0.224455,0.0604917,0.129216
-0.139222,-0.139198,-0.133187,-0.221282,0.0575963,0.12884
-0.137082,-0.137058,-0.131125,-0.21746,0.0545923,0.128542
-0.134869,-0.134845,-0.128999,-0.213789,0.0517205,0.128224
-0.132605,-0.132581,-0.126842,-0.210697,0.0489621,0.127865
-0.130232,-0.130207,-0.12459,-0.20695,0.0461809,0.12757
-0.127842,-0.127817,-0.122323,-0.202994,0.0433481,0.127281
-0.125253,-0.125228,-0.119847,-0.199447,0.0405453,0.126954
-0.122755,-0.12273,-0.117443,-0.195779,0.0378007,0.126658
-0.120315,-0.12029,-0.115093,-0.192444,0.0351266,0.126323
-0.11796,-0.117936,-0.112858,-0.188455,0.032474,0.126044
-0.115623,-0.115599,-0.110647,-0.184625,0.0297938,0.125743
-0.113392,-0.113367,-0.108542,-0.180472,0.0269239,0.125459
-0.111102,-0.111077,-0.106361,-0.176747,0.0238877,0.125138
-0.108746,-0.108721,-0.104094,-0.172828,0.0207969,0.124845
-0.106515,-0.106491,-0.101937,-0.168924,0.0177689,0.124545
-0.103556,-0.103532,-0.0990485,-0.165038,0.0146484,0.124242
-0.10093,-0.100905,-0.0964695,-0.161187,0.0114577,0.123955
-0.0984832,-0.0984586,-0.0940545,-0.157474,0.00863197,0.123654
-0.0959502,-0.0959256,-0.091545,-0.154167,0.0059998,0.123322
-0.0936466,-0.093622,-0.0892454,-0.150832,0.00312453,0.122969
-0.091317,-0.0912924,-0.0869144,-0.147121,0.000332557,0.122665
-0.0893971,-0.0893726,-0.0849836,-0.14345,-0.0015006,0.122342
-0.0873675,-0.0873429,-0.0829215,-0.139678,-0.00361147,0.122029
-0.0850223,-0.0849977,-0.0805529,-0.135867,-0.00578008,0.121753
-0.0826987,-0.0826741,-0.0782048,-0.132225,-0.00799244,0.121469
-0.0803364,-0.0803118,-0.0758185,-0.128654,-0.0101807,0.121171
-0.0777075,-0.0776829,-0.073182,-0.125611,-0.0123093,0.120838
-0.07517,-0.0751454,-0.0706509,-0.122257,-0.014495,0.120552
-0.0726496,-0.072625,-0.0681392,-0.118939,-0.0167401,0.120219
-0.0703364,-0.0703118,-0.0658445,-0.115457,-0.0187753,0.119891
-0.0680292,-0.0680046,-0.0635587,-0.112244,-0.0207909,0.119569
-0.0657415,-0.0657169,-0.0613087,-0.109256,-0.0229238,0.11921
-0.0634797,-0.0634551,-0.0590972,-0.106022,-0.0250387,0.118864
-0.0609211,-0.0608965,-0.0566229,-0.102569,-0.0272871,0.118522
-0.0584336,-0.058409,-0.0542341,-0.098957,-0.0296359,0.118216
-0.0558941,-0.0558695,-0.0517717,-0.0949798,-0.0323122,0.11789
-0.053007,-0.0529824,-0.0489597,-0.0913053,-0.0349728,0.117558
-0.0501122,-0.0500875,-0.0461342,-0.0877384,-0.0376588,0.11722
-0.0470672,-0.0470426,-0.0431676,-0.0837314,-0.0402665,0.116957
-0.0441045,-0.0440799,-0.0402739,-0.0798693,-0.0427679,0.116669
-0.0409789,-0.0409543,-0.0372318,-0.0754398,-0.0453154,0.116363
-0.0379955,-0.0379709,-0.0343171,-0.0716116,-0.0479439,0.116072
-0.0349806,-0.0349559,-0.0313667,-0.0682161,-0.0505137,0.115743
-0.0320242,-0.0319996,-0.0284695,-0.0645598,-0.0531282,0.115416
-0.0289756,-0.028951,-0.0254999,-0.060699,-0.0559153,0.115105
-0.0260156,-0.025991,-0.0226249,-0.057227,-0.0587301,0.11474
-0.023365,-0.0233404,-0.0200554,-0.053059,-0.061491,0.114422
-0.0207425,-0.0207425,-0.0175129,-0.0494766,-0.0641997,0.114052
-0.0179638,-0.0179638,-0.014838,-0.045055,-0.0669718,0.113746
-0.0152037,-0.0152038,-0.0121946,-0.041046,-0.0698431,0.113403
-0.0128484,-0.0128484,-0.00994526,-0.0369291,-0.0728706,0.113034
-0.0100267,-0.0100268,-0.00722361,-0.0328377,-0.076442,0.112658
-0.00743855,-0.0074386,-0.00472872,-0.0287131,-0.0799682,0.112309
-0.00489686,-0.00489691,-0.00226937,-0.0244914,-0.0833374,0.111935
-0.00240749,-0.00240754,0.000122523,-0.0202553,-0.0866103,0.111555
0.000141256,0.00014121,0.00260207,-0.0161462,-0.0899454,0.111171
0.00287651,0.00287647,0.00527222,-0.0120136,-0.0934286,0.110779
0.00577255,0.00577251,0.00810225,-0.00829998,-0.0968541,0.110385
0.00861219,0.00861215,0.0108864,-0.00464447,-0.100324,0.109989
0.0114052,0.0114051,0.0136467,-0.000422387,-0.104068,0.109643
0.0142255,0.0142254,0.0164293,0.00355875,-0.107857,0.10927
0.017035,0.017035,0.0191832,0.00751573,-0.111774,0.108913
0.0199406,0.0199406,0.0220344,0.0118248,-0.115746,0.108576
0.0229257,0.0229256,0.0249671,0.0162487,-0.119748,0.10823
0.0258615,0.0258615,0.0278504,0.0205195,-0.123652,0.107877
0.0285519,0.0285518,0.030497,0.0243701,-0.127575,0.107502
0.0311877,0.0311877,0.033104,0.0287416,-0.131532,0.107155
0.0339219,0.0339219,0.0358167,0.0332617,-0.135539,0.106815
0.0366178,0.0366178,0.0384918,0.0374681,-0.139525,0.106464
0.0393227,0.0393227,0.0411807,0.0419217,-0.143617,0.106138
0.0425502,0.0425502,0.0443788,0.0459822,-0.147578,0.105782
0.0454912,0.0454912,0.0472391,0.0495558,-0.150029,0.105449
0.048386,0.048386,0.0500683,0.0531115,-0.152666,0.105124
0.0510617,0.0510617,0.0526608,0.0568322,-0.155211,0.104789
0.0537421,0.053742,0.0552438,0.0604959,-0.15787,0.104449
0.0563546,0.0563546,0.0577369,0.0643118,-0.160604,0.104113
0.0589112,0.0589112,0.0601844,0.0679462,-0.163266,0.103771
0.0614178,0.0614178,0.0625799,0.0715206,-0.165876,0.103426
0.0637029,0.0637029,0.0647851,0.0744721,-0.168011,0.103025
0.0651247,0.0651247,0.0662555,0.0767205,-0.169566,0.102769
0.0660337,0.0660337,0.0672012,0.0788078,-0.17078,0.10256
0.0663977,0.0663977,0.067583,0.0805124,-0.171559,0.102414
0.0666819,0.0666818,0.0678732,0.0820201,-0.172209,0.1023
0.0668048,0.0668048,0.0680068,0.0832411,-0.172627,0.102217
0.0670079,0.0670078,0.0682127,0.0843111,-0.172993,0.102163
0.0671327,0.0671327,0.0683495,0.0851812,-0.173229,0.102136
0.0674635,0.0674634,0.0686845,0.0859705,-0.173414,0.102117
0.0678502,0.0678502,0.0690565,0.0865946,-0.173548,0.102118
0.0683513,0.0683512,0.0695548,0.0871419,-0.173672,0.102125
0.068798,0.068798,0.070016,0.087652,-0.173757,0.102135
0.0691156,0.0691156,0.0703553,0.0880749,-0.173804,0.102145
0.069607,0.069607,0.0708774,0.0884108,-0.17384,0.102176
0.0702797,0.0702797,0.0715607,0.0887099,-0.173872,0.102213
0.0708697,0.0708697,0.0721652,0.0889548,-0.173892,0.102255
0.0714646,0.0714646,0.0727664,0.0891823,-0.173901,0.102297
0.0719875,0.0719875,0.073302,0.0893826,-0.173891,0.10233
0.0725396,0.0725395,0.0738598,0.0895781,-0.173865,0.102361
0.0729582,0.0729582,0.0742652,0.0897731,-0.173808,0.102392
0.0734697,0.0734697,0.0747699,0.0899165,-0.173787,0.10241
0.0739226,0.0739225,0.0752247,0.0900384,-0.173775,0.102427
0.0744231,0.0744231,0.0757152,0.0901193,-0.173782,0.102445
0.0747964,0.0747964,0.0760887,0.0902031,-0.17377,0.102461
0.0750022,0.0750022,0.0763011,0.0902608,-0.173777,0.102465
0.0752145,0.0752145,0.0765132,0.0902952,-0.173794,0.102466
0.0754006,0.0754006,0.0767115,0.09033,-0.173806,0.102465
0.0755868,0.0755868,0.076901,0.0903675,-0.17381,0.102464
0.0756959,0.0756958,0.0770071,0.0904018,-0.17381,0.102451
0.0757855,0.0757855,0.0770814,0.0904438,-0.173795,0.102424
0.0757576,0.0757575,0.0770467,0.0904853,-0.173778,0.1024
0.0756638,0.0756638,0.076949,0.0905254,-0.173758,0.10237
0.0756404,0.0756404,0.0769134,0.0905548,-0.173747,0.102352
0.0757747,0.0757747,0.0770364,0.09061,-0.173708,0.102343
0.075757,0.075757,0.0770058,0.0909515,-0.173379,0.102363
0.0756684,0.0756684,0.0768174,0.0914184,-0.172924,0.102378
0.0752122,0.0752121,0.0763486,0.0915673,-0.172785,0.102353
0.0747154,0.0747154,0.0758669,0.0916698,-0.17269,0.102326
0.0743614,0.0743613,0.0755198,0.0917267,-0.17264,0.102305
0.0741126,0.0741126,0.0752599,0.0917701,-0.172602,0.102302
0.0740735,0.0740734,0.0752162,0.091794,-0.172583,0.102312
0.0742449,0.0742448,0.0753819,0.0918211,-0.17256,0.102339
0.0744344,0.0744344,0.0755659,0.0918457,-0.172539,0.102361
0.0746784,0.0746783,0.0757912,0.091848,-0.17254,0.102392
0.0749236,0.0749236,0.0760222,0.0918528,-0.172538,0.102428
0.0748456,0.0748456,0.0759434,0.091851,-0.172542,0.102456
0.0747731,0.0747731,0.0758719,0.0918747,-0.17252,0.102485
0.0747129,0.0747129,0.0758238,0.0919254,-0.172471,0.102497
0.0744322,0.0744322,0.0755608,0.0919677,-0.172431,0.102506
0.0743035,0.0743035,0.0754394,0.0920156,-0.172384,0.102517
0.0740581,0.0740581,0.075188,0.092402,-0.171999,0.102527
0.0734853,0.0734853,0.0745995,0.0928572,-0.171544,0.102457
0.072835,0.072835,0.0741213,0.0933571,-0.171045,0.102378
0.0724197,0.0724197,0.0738039,0.0936349,-0.170768,0.102337
0.0721209,0.0721209,0.0735199,0.0937175,-0.170686,0.10232
0.07169,0.07169,0.0731054,0.0937795,-0.170625,0.102307
0.0711034,0.0711034,0.0725401,0.0938214,-0.170583,0.102276
0.070532,0.070532,0.0719872,0.093856,-0.170549,0.10225
0.0696675,0.0696675,0.0711493,0.0938678,-0.170537,0.102232
0.0687565,0.0687565,0.0702783,0.0938882,-0.170517,0.102192
0.0680948,0.0680948,0.0696315,0.0939173,-0.170488,0.102157
0.0675719,0.0675718,0.0691136,0.0939307,-0.170475,0.102122
0.0668541,0.0668541,0.0684275,0.0939303,-0.170476,0.102083
0.0661246,0.0661246,0.0677293,0.0939538,-0.170452,0.102052
0.0655986,0.0655986,0.0672125,0.093982,-0.170424,0.102016
0.0651485,0.0651484,0.0667537,0.0940017,-0.170405,0.101985
0.0646066,0.0646066,0.0662248,0.0940224,-0.170384,0.101938
0.0642171,0.0642171,0.0658327,0.094042,-0.170365,0.101891
0.0639962,0.0639961,0.0656167,0.0940457,-0.170361,0.101835
0.0638035,0.0638035,0.0654334,0.0940559,-0.170351,0.101772
0.0634068,0.0634067,0.0650465,0.0940504,-0.170356,0.101706
0.0629555,0.0629555,0.0645985,0.0940514,-0.170355,0.101633
0.0628207,0.0628206,0.0644565,0.0940438,-0.170363,0.10157
0.0625374,0.0625374,0.0641709,0.094029,-0.170378,0.101514
0.0621009,0.0621008,0.0637543,0.0940188,-0.170388,0.101448
0.0618797,0.0618797,0.0635536,0.0940141,-0.170393,0.101387
0.0615248,0.0615248,0.0632285,0.0940421,-0.170365,0.101317
0.0611505,0.0611505,0.0628763,0.0940332,-0.170374,0.101251
0.0610425,0.0610425,0.0627563,0.0940093,-0.170397,0.101204
0.0609035,0.0609035,0.0626178,0.0939888,-0.170418,0.10115
0.0609057,0.0609057,0.0626186,0.0939522,-0.170455,0.101099
0.0610185,0.0610185,0.062721,0.0939065,-0.1705,0.101047
0.0610531,0.0610531,0.0627687,0.0938495,-0.170557,0.100987
0.0611209,0.0611209,0.0628622,0.0938048,-0.170602,0.100913
0.0611815,0.0611814,0.0629245,0.0937945,-0.170612,0.100856
0.0611437,0.0611436,0.062891,0.0937748,-0.170632,0.100786
0.0609024,0.0609023,0.0626651,0.0937701,-0.170637,0.100717
0.060769,0.0607689,0.062544,0.0937392,-0.170668,0.100655
0.0606005,0.0606005,0.062392,0.0937094,-0.170697,0.100592
0.0603904,0.0603904,0.0621979,0.0936763,-0.170731,0.100533
0.0602017,0.0602017,0.06201,0.0936575,-0.170749,0.100471
0.05977,0.05977,0.0615813,0.0936509,-0.170756,0.100406
0.0592669,0.0592669,0.0610794,0.0936731,-0.170734,0.100342
0.0589111,0.0589111,0.0607382,0.093661,-0.170746,0.100283
0.0583989,0.0583989,0.0602478,0.0936383,-0.170769,0.100218
0.0581515,0.0581514,0.0600063,0.093645,-0.170762,0.100166
0.0581196,0.0581196,0.059989,0.093651,-0.170756,0.100115
0.0582679,0.0582679,0.0601767,0.0936544,-0.170753,0.100073
0.0584319,0.0584319,0.0603442,0.0936664,-0.17074,0.100041
0.0585237,0.0585237,0.0604488,0.0936931,-0.170714,0.100011
0.0588877,0.0588877,0.0608101,0.0937097,-0.170697,0.0999948
0.0593605,0.0593604,0.0612715,0.0937011,-0.170706,0.0999834
0.059515,0.059515,0.0614113,0.0938934,-0.170514,0.0999879
0.0592166,0.0592165,0.0611757,0.0941793,-0.170228,0.0999258
0.0591702,0.0591702,0.0611514,0.0943415,-0.170065,0.0998769
0.0595462,0.0595462,0.0615077,0.0943934,-0.170014,0.0998576
0.0600293,0.0600293,0.0619751,0.0944237,-0.169983,0.0998418
0.0604807,0.0604807,0.0623954,0.0944526,-0.169954,0.0998201
0.0607563,0.0607563,0.0626352,0.0944702,-0.169937,0.099811
0.0608519,0.0608518,0.0627034,0.0945155,-0.169891,0.0997901
0.0608321,0.0608321,0.0626498,0.0945726,-0.169834,0.0997815
0.0608415,0.0608414,0.0626242,0.0946213,-0.169786,0.099768
0.0609075,0.0609074,0.0626483,0.094694,-0.169713,0.0997611
0.0610254,0.0610254,0.0627259,0.094744,-0.169663,0.099752
0.0610589,0.0610589,0.0627268,0.0947725,-0.169634,0.0997424
0.0611768,0.0611767,0.0628245,0.0947955,-0.169611,0.0997255
0.0611955,0.0611955,0.0628377,0.0947762,-0.169631,0.0997058
0.0612362,0.0612362,0.0628685,0.0947516,-0.169655,0.0996935
0.0612604,0.0612604,0.0628797,0.0946921,-0.169715,0.099685
0.0614233,0.0614233,0.063033,0.094612,-0.169794,0.0996769
0.0616094,0.0616094,0.0632071,0.0945471,-0.169859,0.0996687
0.0617967,0.0617966,0.0633826,0.0944896,-0.169916,0.0996606
0.0620638,0.0620638,0.063638,0.094467,-0.169939,0.099662
0.0622405,0.0622405,0.0638191,0.0944459,-0.16996,0.0996615
0.062467,0.062467,0.0640361,0.0944365,-0.169969,0.099669
0.0627225,0.0627225,0.0642776,0.0944219,-0.169984,0.0996644
0.062922,0.062922,0.0644554,0.0944224,-0.169983,0.0996425
0.0630374,0.0630374,0.0645429,0.0944216,-0.169984,0.0996183
0.0630329,0.0630329,0.0645265,0.0944222,-0.169983,0.0995936
0.0628892,0.0628892,0.0643799,0.0944199,-0.169986,0.0995706
0.0628016,0.0628016,0.0642804,0.0944137,-0.169992,0.0995398
0.0626706,0.0626706,0.0641583,0.0944161,-0.16999,0.0995029
0.062505,0.062505,0.0639968,0.0944109,-0.169995,0.0994671
0.0621557,0.0621557,0.0636559,0.0944111,-0.169995,0.0994234
0.0618839,0.0618839,0.0633984,0.0941214,-0.170284,0.099342
0.0614886,0.0614886,0.0631086,0.0937013,-0.170704,0.0992524
0.0616527,0.0616526,0.0632952,0.0935228,-0.170883,0.0992187
0.0617709,0.0617708,0.0634122,0.0934134,-0.170992,0.0991962
0.0619787,0.0619787,0.0636148,0.0933598,-0.171046,0.0991826
0.0622198,0.0622198,0.0638577,0.0933093,-0.171096,0.0991637
0.0623061,0.0623061,0.0639435,0.0932955,-0.17111,0.0991373
0.0622037,0.0622036,0.0638515,0.0932814,-0.171124,0.0991099
0.0623475,0.0623475,0.0640035,0.0932676,-0.171138,0.0990807
0.0626097,0.0626096,0.0642584,0.0932885,-0.171117,0.0990456
0.0627735,0.0627735,0.0644054,0.0933129,-0.171093,0.0989967
0.0632249,0.0632248,0.0648214,0.0912879,-0.169903,0.0995593
0.0636622,0.0636621,0.0649893,0.088055,-0.167688,0.100719
0.0640634,0.0640634,0.0652399,0.0844447,-0.165571,0.102159
0.0645522,0.0645522,0.0656677,0.0801061,-0.163211,0.104701
0.064948,0.064948,0.0660226,0.0758213,-0.16059,0.107483
0.0656896,0.0656896,0.0666861,0.0717092,-0.157978,0.110811
0.066902,0.066902,0.067848,0.0677888,-0.155303,0.114458
0.0679319,0.0679319,0.0686636,0.0645643,-0.152469,0.11861
0.0686935,0.0686935,0.0692848,0.0613417,-0.149149,0.12286
0.0694093,0.0694093,0.0699621,0.0588822,-0.145108,0.12743
0.070108,0.070108,0.0706289,0.0568786,-0.140956,0.132172
0.0710671,0.0710671,0.0715437,0.0553705,-0.136389,0.13722
0.072053,0.0720529,0.0724764,0.0541875,-0.13166,0.142416
0.0730006,0.0730006,0.0733791,0.0537364,-0.126709,0.147882
0.0739217,0.0739217,0.0742355,0.0537256,-0.121587,0.153456
0.0742498,0.0742497,0.07452,0.054114,-0.115701,0.15894
0.0744885,0.0744884,0.074726,0.0544571,-0.109561,0.164509
0.0748798,0.0748798,0.0750788,0.0549139,-0.103169,0.170137
0.0753637,0.0753637,0.0754972,0.055873,-0.0966815,0.175839
0.0757463,0.0757463,0.0758292,0.057531,-0.0902267,0.181614
0.0761236,0.0761236,0.0761464,0.0593647,-0.0834784,0.187333
0.076714,0.0767139,0.0766598,0.0613138,-0.0763906,0.192892
0.0773068,0.0773068,0.0771862,0.0632673,-0.0693238,0.198415
0.0779418,0.0779418,0.0777318,0.0654354,-0.0618578,0.203823
0.0785684,0.0785684,0.0782556,0.0679863,-0.0543958,0.209234
0.0791765,0.0791765,0.0787754,0.0704551,-0.0468642,0.214563
0.0797732,0.0797731,0.079289,0.0731653,-0.0392477,0.219883
0.0804477,0.0804477,0.0798888,0.0764693,-0.031634,0.225201
0.0809741,0.0809741,0.0803448,0.0800774,-0.0240448,0.230537
0.0818633,0.0818633,0.0811407,0.0837816,-0.016483,0.235886
0.0826713,0.0826713,0.0818781,0.0873656,-0.00877345,0.241094
0.0836059,0.0836059,0.0826909,0.0909351,-0.00119908,0.246438
0.0844429,0.0844429,0.0834186,0.0948749,0.00619002,0.251899
0.0851034,0.0851033,0.0839946,0.0990009,0.0135431,0.257332
0.0854655,0.0854655,0.0842609,0.103033,0.0209443,0.262715
0.0856487,0.0856486,0.0843526,0.106608,0.0285473,0.268029
0.0858651,0.085865,0.0844959,0.110588,0.0360398,0.273442
0.0864461,0.086446,0.0847982,0.11486,0.0433127,0.278943
0.0870003,0.0870003,0.0852446,0.119299,0.0503824,0.284566
0.0875927,0.0875926,0.0857561,0.123905,0.057195,0.290223
0.0883703,0.0883702,0.0864334,0.128472,0.0640351,0.295819
0.0892996,0.0892996,0.0872672,0.133063,0.0709048,0.301426
0.0900898,0.0900898,0.0879731,0.137435,0.0778522,0.306985
0.0911633,0.0911632,0.0889427,0.141362,0.0847238,0.312446
0.0920236,0.0920236,0.0896988,0.145223,0.0915739,0.317942
0.0926992,0.0926992,0.0902641,0.148914,0.0983169,0.323484
0.093389,0.0933889,0.0908517,0.152734,0.105091,0.329044
0.0939445,0.0939444,0.0913119,0.156261,0.111874,0.334557
0.0943717,0.0943717,0.0916368,0.159848,0.118717,0.340028
0.0950622,0.0950622,0.0922098,0.163229,0.125724,0.345423
0.0955977,0.0955977,0.0926349,0.166459,0.132703,0.350778
0.0959739,0.0959739,0.0929134,0.1698,0.139609,0.356174
0.096005,0.096005,0.0928534,0.173262,0.146628,0.361564
0.0961508,0.0961507,0.0929242,0.176789,0.153508,0.367008
0.0963735,0.0963734,0.0930638,0.180107,0.160472,0.372404
0.0965703,0.0965702,0.0931779,0.183651,0.167388,0.377865
0.0967635,0.0967635,0.0932957,0.187071,0.174217,0.383321
0.0972208,0.0972207,0.0936725,0.190089,0.180944,0.388664
0.098034,0.0980339,0.0943298,0.192975,0.187677,0.394047
0.0985605,0.0985605,0.0947564,0.196172,0.194544,0.399412
0.0987871,0.098787,0.0949446,0.20002,0.201335,0.404854
0.098388,0.0983879,0.0944906,0.203304,0.20849,0.410358
0.0980332,0.0980331,0.094088,0.206584,0.215647,0.415853
0.0980037,0.0980037,0.0940157,0.209715,0.222657,0.421297
0.0981326,0.0981326,0.0941012,0.212527,0.229651,0.426719
0.0985953,0.0985953,0.0945101,0.215872,0.236393,0.432281
0.099097,0.0990969,0.094957,0.219104,0.243092,0.437881
0.0993677,0.0993677,0.0951791,0.221629,0.249792,0.443461
0.0996683,0.0996682,0.0954362,0.223915,0.256427,0.449021
0.100143,0.100143,0.0958737,0.225271,0.262674,0.454537
0.100614,0.100614,0.0962926,0.226268,0.268665,0.460035
0.101305,0.101305,0.096943,0.226831,0.274508,0.465608
0.102086,0.102086,0.0976877,0.227156,0.280211,0.470977
0.102731,0.102731,0.0982994,0.226717,0.285589,0.476218
0.103227,0.103227,0.0987722,0.225787,0.290827,0.481529
0.10358,0.10358,0.0991145,0.223976,0.295733,0.486743
0.103833,0.103833,0.0993569,0.221857,0.300252,0.491991
0.103662,0.103662,0.0992929,0.219316,0.304217,0.497123
0.103484,0.103484,0.0991502,0.216554,0.307724,0.502282
0.103339,0.103339,0.0990278,0.213249,0.310498,0.507302
0.103215,0.103215,0.0989128,0.209701,0.313105,0.51223
0.103043,0.103043,0.098756,0.205354,0.315414,0.516912
0.102996,0.102996,0.098731,0.200681,0.317536,0.521461
0.103143,0.103143,0.0988969,0.195217,0.319268,0.525701
0.103328,0.103328,0.0990731,0.189693,0.32051,0.529837
0.103583,0.103583,0.0993226,0.183983,0.321407,0.533715
0.103964,0.103964,0.0996822,0.178083,0.322167,0.537412
0.104187,0.104187,0.0999057,0.171944,0.322728,0.540702
0.104479,0.104479,0.100193,0.16567,0.323353,0.54373
0.104664,0.104664,0.10038,0.159374,0.323931,0.546584
0.105195,0.105195,0.100886,0.152838,0.324285,0.549021
0.105805,0.105805,0.101451,0.146173,0.324452,0.551005
0.106444,0.106444,0.102043,0.13963,0.324458,0.55278
0.106912,0.106912,0.102465,0.133207,0.324532,0.554098
0.10718,0.10718,0.102698,0.12702,0.324562,0.555222
0.107303,0.107303,0.102784,0.120974,0.324713,0.55618
0.107579,0.107578,0.103029,0.115296,0.324649,0.556822
0.107618,0.107618,0.103038,0.109564,0.325261,0.557304
0.107536,0.107536,0.102949,0.103768,0.326206,0.557724
0.107613,0.107613,0.103011,0.0980588,0.327218,0.558116
0.107509,0.107509,0.102898,0.0945337,0.326858,0.557843
0.107401,0.107401,0.103022,0.0922194,0.325517,0.556938
0.10703,0.10703,0.102769,0.0903761,0.324448,0.555735
0.10662,0.10662,0.102383,0.0894196,0.322989,0.553432
0.106426,0.106426,0.102195,0.0884092,0.321081,0.55089
0.106063,0.106063,0.101885,0.0869532,0.318705,0.547826
0.105774,0.105774,0.101631,0.0851989,0.316364,0.544539
0.10574,0.10574,0.101626,0.0827198,0.313815,0.540757
0.105787,0.105787,0.101692,0.0804876,0.310826,0.536856
0.10573,0.10573,0.101639,0.0777034,0.307278,0.532603
0.10559,0.10559,0.101502,0.0744803,0.303556,0.528175
0.105296,0.105296,0.101209,0.0707969,0.299546,0.523445
0.104973,0.104973,0.100872,0.0667821,0.295391,0.518556
0.104727,0.104727,0.100625,0.0620356,0.291009,0.513383
0.104418,0.104418,0.100326,0.0568306,0.286497,0.5081
0.104366,0.104366,0.100292,0.0511969,0.281193,0.502899
0.104257,0.104256,0.100196,0.0455598,0.275799,0.49764
0.104088,0.104088,0.100035,0.0397061,0.270271,0.492344
0.103975,0.103975,0.0999407,0.0330704,0.264787,0.487077
0.103857,0.103857,0.0998489,0.0252936,0.259262,0.481827
0.103789,0.103789,0.0998206,0.0167193,0.253457,0.476996
0.103669,0.103669,0.0997283,0.00779054,0.247355,0.472603
0.103691,0.103691,0.0997643,-0.00116012,0.24132,0.468864
0.103902,0.103902,0.100007,-0.00993355,0.234827,0.465936
0.10416,0.10416,0.100312,-0.0186352,0.228328,0.463397
0.104114,0.104114,0.100326,-0.0264244,0.222016,0.461621
0.103831,0.103831,0.100122,-0.0341752,0.216038,0.460149
0.103254,0.103254,0.0996259,-0.0423149,0.210378,0.458913
0.102706,0.102706,0.0991525,-0.0495498,0.205234,0.458203
0.102428,0.102428,0.0989389,-0.0558103,0.200171,0.457938
0.102217,0.102217,0.0987611,-0.0618582,0.195556,0.457736
0.102104,0.102104,0.0987206,-0.0675952,0.1913,0.457581
0.101839,0.101839,0.098518,-0.0729465,0.188301,0.457254
0.101412,0.101412,0.0981431,-0.0781834,0.185785,0.45694
0.101129,0.101129,0.0978966,-0.0827137,0.183778,0.456736
0.101058,0.101058,0.0978474,-0.0862233,0.18198,0.456629
0.101015,0.101015,0.097809,-0.0901158,0.180291,0.45656
0.100658,0.100658,0.0976536,-0.0936917,0.178982,0.456333
0.100232,0.100232,0.0972446,-0.0968851,0.178044,0.456058
0.0998676,0.0998676,0.0968842,-0.0995358,0.177468,0.455721
0.099635,0.0996349,0.0966613,-0.10198,0.176871,0.455571
0.0994938,0.0994938,0.0965154,-0.10364,0.17628,0.455676
0.0992496,0.0992495,0.0962587,-0.104787,0.175679,0.455925
0.0989858,0.0989858,0.0959851,-0.105073,0.175268,0.456309
0.0988617,0.0988616,0.0958568,-0.105398,0.17493,0.456628
0.0989574,0.0989574,0.0959682,-0.105299,0.174865,0.456898
0.0992257,0.0992256,0.0962426,-0.10549,0.174712,0.457173
0.09966,0.0996599,0.0966807,-0.105425,0.17458,0.457499
0.100195,0.100195,0.0972142,-0.105253,0.17433,0.457851
0.100602,0.100602,0.0976169,-0.105198,0.17393,0.4583
0.101022,0.101022,0.0980459,-0.105082,0.173562,0.458788
0.101363,0.101363,0.0983976,-0.104999,0.173228,0.459242
0.102001,0.102001,0.0990294,-0.104838,0.172711,0.459722
0.102436,0.102436,0.0994578,-0.104673,0.172297,0.460145
0.102832,0.102832,0.0998497,-0.104475,0.171771,0.460601
0.103252,0.103252,0.100268,-0.104393,0.171254,0.460989
0.103521,0.103521,0.100531,-0.104578,0.170885,0.461343
0.103793,0.103793,0.100803,-0.104226,0.170441,0.461793
0.10411,0.10411,0.101122,-0.103637,0.169914,0.462255
0.104591,0.104591,0.101595,-0.103263,0.169352,0.462712
0.10497,0.10497,0.101944,-0.103589,0.169013,0.463064
0.105526,0.105526,0.102488,-0.103664,0.168454,0.463307
0.106145,0.106145,0.103098,-0.103739,0.167862,0.463589
0.106451,0.106451,0.103403,-0.103462,0.167287,0.463969
0.106772,0.106772,0.103726,-0.103077,0.166746,0.464371
0.106818,0.106818,0.103767,-0.103141,0.166441,0.464628
0.10692,0.10692,0.103851,-0.102903,0.1662,0.464805
0.107186,0.107186,0.104108,-0.102115,0.165933,0.464994
0.107476,0.107476,0.104384,-0.100941,0.165658,0.465206
0.107614,0.107614,0.104503,-0.0986971,0.165772,0.465461
0.107749,0.107749,0.104627,-0.0960233,0.166094,0.465719
0.107746,0.107746,0.104585,-0.0929415,0.166801,0.465886
0.107645,0.107645,0.104445,-0.0896116,0.167694,0.46624
0.107662,0.107662,0.104427,-0.0855097,0.168919,0.466711
0.107791,0.107791,0.104514,-0.081054,0.170254,0.467115
0.107888,0.107888,0.104548,-0.075751,0.171975,0.467573
0.108138,0.108138,0.104736,-0.0702433,0.174081,0.467965
0.108822,0.108822,0.105252,-0.0642806,0.176619,0.468504
0.109439,0.109439,0.105745,-0.0581116,0.179625,0.469028
0.109966,0.109966,0.106176,-0.0513373,0.183335,0.469698
0.110504,0.110504,0.106626,-0.0441149,0.187236,0.470411
0.111032,0.111032,0.10707,-0.0364754,0.191414,0.471395
0.111514,0.111514,0.107464,-0.0284549,0.195733,0.472586
0.112083,0.112083,0.107939,-0.0194366,0.200256,0.474133
0.112712,0.112712,0.108498,-0.0102469,0.205339,0.475813
0.113249,0.113249,0.108966,-0.00115879,0.210872,0.477668
0.113638,0.113638,0.109288,0.00792567,0.216805,0.479566
0.114188,0.114188,0.109765,0.0174365,0.222897,0.481879
0.114916,0.114916,0.110419,0.0270721,0.22889,0.484416
0.115545,0.115545,0.110966,0.0365957,0.234795,0.487172
0.115982,0.115982,0.111345,0.0463432,0.240833,0.490409
0.1163,0.1163,0.111609,0.056257,0.247062,0.494132
0.116662,0.116662,0.111917,0.0652202,0.253499,0.497879
0.117067,0.117067,0.112284,0.0744242,0.259847,0.502101
0.117611,0.117611,0.112781,0.0839453,0.266182,0.506654
0.118257,0.118257,0.113384,0.0933487,0.272333,0.511402
0.118948,0.118948,0.114016,0.101614,0.278806,0.5163
0.119501,0.119501,0.114518,0.110156,0.284572,0.521401
0.119937,0.119937,0.114898,0.119304,0.289751,0.526719
0.120262,0.120262,0.115173,0.127927,0.294764,0.532052
0.12058,0.12058,0.115459,0.135597,0.299987,0.537195
0.121008,0.121008,0.115855,0.142902,0.304706,0.542395
0.12159,0.12159,0.116416,0.149832,0.308861,0.547559
0.122277,0.122277,0.117084,0.15621,0.312878,0.552765
0.122754,0.122754,0.117541,0.161669,0.31673,0.557898
0.123179,0.123179,0.117949,0.165987,0.320214,0.562923
0.123509,0.123509,0.118272,0.169949,0.323467,0.567805
0.123886,0.123886,0.118631,0.17309,0.325787,0.572747
0.124241,0.124241,0.11897,0.175716,0.328266,0.57748
0.124445,0.124445,0.119163,0.177652,0.330089,0.582181
0.124603,0.124603,0.119311,0.179283,0.331707,0.586846
0.12477,0.12477,0.119483,0.180681,0.332863,0.591484
0.124849,0.124849,0.119589,0.18147,0.333752,0.595894
0.124852,0.124852,0.119603,0.181982,0.334485,0.60019
0.124714,0.124714,0.119482,0.181702,0.33505,0.604203
0.124602,0.124602,0.119368,0.181189,0.335516,0.608073
0.124515,0.124515,0.119285,0.180419,0.335485,0.611616
0.124475,0.124475,0.119258,0.179562,0.335253,0.614966
0.124325,0.124325,0.119114,0.178727,0.334865,0.617891
0.124094,0.124094,0.1189,0.178365,0.334523,0.620544
0.123787,0.123787,0.118635,0.178298,0.33427,0.622454
0.123324,0.123324,0.118225,0.178393,0.333652,0.62375
0.122801,0.122801,0.117753,0.17845,0.332876,0.624248
0.122269,0.122269,0.117241,0.178336,0.33189,0.623785
0.121741,0.121741,0.116724,0.177758,0.330877,0.622786
0.121569,0.121569,0.116555,0.176369,0.32953,0.620944
0.121615,0.121615,0.116596,0.174752,0.327814,0.618577
0.121776,0.121776,0.116749,0.172998,0.325863,0.615881
0.121953,0.121953,0.116923,0.170279,0.323434,0.612464
0.121977,0.121977,0.116949,0.166554,0.321159,0.60852
0.121966,0.121966,0.116933,0.16304,0.318102,0.604464
0.121825,0.121825,0.116796,0.159311,0.314846,0.600151
0.121777,0.121777,0.116766,0.155117,0.310477,0.595728
0.121746,0.121746,0.116755,0.150666,0.305733,0.591204
0.121895,0.121895,0.116935,0.145334,0.300813,0.586509
0.121952,0.121952,0.117035,0.139349,0.295692,0.581749
0.121799,0.121799,0.11693,0.133147,0.290847,0.576785
0.121715,0.121715,0.11689,0.126378,0.286698,0.571874
0.121662,0.121662,0.116812,0.119274,0.282225,0.566888
0.121479,0.121479,0.11663,0.111714,0.276479,0.561876
0.121316,0.121316,0.116486,0.103846,0.270775,0.556767
0.121159,0.121159,0.116382,0.0950782,0.2652,0.551413
0.121057,0.121057,0.116358,0.0859321,0.259926,0.545968
0.120963,0.120963,0.116346,0.0763864,0.254412,0.540491
0.120786,0.120786,0.116244,0.0669689,0.248898,0.535049
0.120512,0.120512,0.116047,0.0574575,0.243221,0.529559
0.120287,0.120287,0.115899,0.0481318,0.237547,0.523983
0.120129,0.120129,0.115808,0.0388273,0.231762,0.518398
0.119858,0.119858,0.115619,0.0292978,0.226114,0.512818
0.119677,0.119677,0.11552,0.0201684,0.220384,0.507211
0.119606,0.119606,0.115517,0.0110879,0.214544,0.501593
0.119638,0.119638,0.115612,0.00191213,0.208727,0.495966
0.119446,0.119446,0.115505,-0.00742631,0.202994,0.490324
0.119307,0.119307,0.115452,-0.0168299,0.197361,0.484682
0.119408,0.119408,0.115625,-0.0260456,0.191668,0.479058
0.119372,0.119372,0.115668,-0.0353045,0.185961,0.473511
0.119401,0.119401,0.115776,-0.0441657,0.18034,0.468022
0.119525,0.119525,0.115977,-0.0533578,0.174776,0.462546
0.119693,0.119693,0.116221,-0.0627099,0.16934,0.457091
0.119639,0.119639,0.116242,-0.0719437,0.163721,0.45165
0.119353,0.119353,0.116026,-0.0809835,0.158324,0.446218
0.119166,0.119166,0.11591,-0.0896431,0.152829,0.440826
0.118924,0.118924,0.115726,-0.0982524,0.147341,0.435411
0.11885,0.11885,0.115701,-0.107024,0.141804,0.42993
0.118744,0.118744,0.115652,-0.115584,0.136135,0.424461
0.118627,0.118627,0.11561,-0.124251,0.1306,0.418984
0.118567,0.118567,0.115639,-0.133126,0.124753,0.413555
0.11856,0.11856,0.115702,-0.141872,0.119005,0.408129
0.118478,0.118478,0.115678,-0.150781,0.113471,0.402697
0.118358,0.118358,0.115624,-0.159849,0.107981,0.39726
0.118071,0.118071,0.115392,-0.169078,0.102691,0.391843
0.117903,0.117903,0.115287,-0.178258,0.0971063,0.386447
0.117824,0.117824,0.115267,-0.187485,0.0916693,0.381065
0.117705,0.117705,0.115209,-0.196783,0.0862277,0.375686
0.117588,0.117588,0.115155,-0.20601,0.0807212,0.37031
0.117554,0.117554,0.115189,-0.215166,0.0749861,0.364981
0.117552,0.117552,0.115249,-0.224271,0.0692175,0.359686
0.117449,0.117449,0.115204,-0.233415,0.0634774,0.354362
0.117425,0.117425,0.115246,-0.242739,0.0579461,0.349038
0.117458,0.117458,0.115347,-0.252218,0.0524371,0.343713
0.117441,0.117441,0.115402,-0.262046,0.0469732,0.338551
0.117343,0.117343,0.115385,-0.271704,0.041548,0.333464
0.117286,0.117286,0.115391,-0.28187,0.0361512,0.328488
0.117178,0.117178,0.115348,-0.292419,0.0307987,0.323626
0.117175,0.117175,0.115404,-0.303303,0.0253301,0.319184
0.117264,0.117264,0.115546,-0.314097,0.0197406,0.315091
0.117387,0.117387,0.115747,-0.324536,0.0142234,0.311717
0.117522,0.117522,0.115951,-0.334837,0.008948,0.308611
0.117434,0.117434,0.115939,-0.344831,0.00373397,0.306096
0.117408,0.117408,0.115993,-0.354442,-0.00130138,0.303807
0.117037,0.117037,0.115709,-0.363751,-0.00577651,0.301927
0.116532,0.116532,0.115299,-0.372878,-0.00990332,0.300226
0.116027,0.116026,0.114891,-0.380794,-0.0137173,0.299123
0.115473,0.115473,0.114422,-0.38847,-0.0174598,0.298239
0.114955,0.114955,0.113992,-0.395964,-0.0204882,0.297376
0.114409,0.114409,0.113521,-0.403091,-0.0233582,0.296666
0.113827,0.113827,0.113021,-0.408914,-0.0252191,0.296095
0.113435,0.113435,0.112698,-0.414446,-0.0267918,0.295547
0.113258,0.113258,0.112582,-0.419877,-0.0277407,0.294933
0.113189,0.113189,0.11258,-0.424509,-0.028469,0.294363
0.113085,0.113085,0.112523,-0.427466,-0.0288384,0.294112
0.112975,0.112975,0.112457,-0.429655,-0.0285964,0.29386
0.112911,0.112911,0.112413,-0.431038,-0.0275215,0.293671
0.112718,0.112718,0.112231,-0.431586,-0.0259997,0.293437
0.112691,0.112691,0.112207,-0.430762,-0.0239457,0.293356
0.112721,0.112721,0.112232,-0.428654,-0.0214462,0.293546
0.112817,0.112817,0.112303,-0.425408,-0.0188296,0.29409
0.112753,0.112753,0.112212,-0.420852,-0.0151655,0.294655
0.112716,0.112716,0.11215,-0.415056,-0.0112035,0.295418
0.112862,0.112862,0.112257,-0.408629,-0.00639906,0.296213
0.113173,0.113173,0.112533,-0.401766,-0.00100922,0.296967
0.113555,0.113555,0.112877,-0.394604,0.00483067,0.297742
0.114165,0.114165,0.113442,-0.386305,0.0109823,0.298762
0.114911,0.114911,0.114146,-0.378376,0.0175443,0.299834
0.115831,0.115831,0.115016,-0.369075,0.0242382,0.301213
0.116753,0.116753,0.115896,-0.359599,0.0310603,0.302714
0.117873,0.117873,0.116973,-0.349743,0.0381374,0.304507
0.118961,0.118961,0.118004,-0.339664,0.0453089,0.306493
0.120115,0.120115,0.11912,-0.329455,0.0524664,0.308805
0.121264,0.121264,0.120222,-0.319427,0.0596559,0.311269
0.122376,0.122376,0.121262,-0.308742,0.0665201,0.314173
0.123555,0.123555,0.122364,-0.297799,0.0736536,0.317437
0.124566,0.124565,0.123315,-0.287294,0.080752,0.320918
0.125534,0.125534,0.124236,-0.277191,0.0879557,0.32471
0.12636,0.12636,0.125021,-0.267918,0.0950156,0.328571
0.127192,0.127192,0.125816,-0.258761,0.101989,0.332643
0.128127,0.128127,0.126697,-0.250947,0.108532,0.336874
0.129082,0.129082,0.127593,-0.243929,0.114844,0.341076
0.130225,0.130225,0.128686,-0.237507,0.120645,0.345331
0.131299,0.131299,0.129729,-0.231515,0.12585,0.349698
0.132096,0.132096,0.13051,-0.226881,0.130897,0.354106
0.132913,0.132913,0.131327,-0.222894,0.135525,0.358582
0.133606,0.133606,0.132025,-0.219989,0.13942,0.36313
0.134295,0.134295,0.132719,-0.217563,0.142895,0.367655
0.134703,0.134703,0.133139,-0.215806,0.145483,0.37195
0.135036,0.135036,0.13348,-0.214399,0.147617,0.3761
0.135511,0.135511,0.133967,-0.213172,0.149242,0.380145
0.135917,0.135917,0.134384,-0.21263,0.149443,0.383874
0.136409,0.136409,0.134971,-0.212835,0.149117,0.387175
0.136969,0.136969,0.13561,-0.213726,0.1498,0.390292
0.137356,0.137356,0.136068,-0.214922,0.150059,0.392913
0.137701,0.137701,0.136465,-0.216133,0.149929,0.395286
0.138031,0.138031,0.136832,-0.21729,0.148899,0.397221
0.138299,0.138299,0.137131,-0.218231,0.14754,0.399006
0.138749,0.138749,0.137596,-0.219184,0.145829,0.400475
0.139168,0.139168,0.138018,-0.220392,0.144089,0.401828
0.139271,0.139271,0.138131,-0.221656,0.142513,0.402949
0.139318,0.139318,0.13818,-0.222928,0.141011,0.403932
0.139004,0.139004,0.13779,-0.223463,0.14011,0.404714
0.138796,0.138796,0.137546,-0.223885,0.138676,0.405385
0.138512,0.138512,0.137265,-0.223824,0.136986,0.405823
0.138221,0.138221,0.136984,-0.223816,0.135422,0.406148
0.138188,0.138188,0.136941,-0.223982,0.134933,0.406385
0.137852,0.137852,0.136696,-0.22408,0.134681,0.406562
0.137435,0.137434,0.13632,-0.223955,0.134025,0.406675
0.137068,0.137068,0.135984,-0.223971,0.133693,0.4067
0.136845,0.136845,0.135782,-0.223893,0.133458,0.406688
0.136602,0.136602,0.135558,-0.223747,0.132981,0.406664
0.136499,0.136498,0.135475,-0.223703,0.132642,0.406601
0.136518,0.136518,0.13551,-0.223714,0.13254,0.406529
0.13668,0.13668,0.135693,-0.223809,0.132345,0.406439
0.136908,0.136908,0.135931,-0.223878,0.132087,0.406352
0.137108,0.137107,0.136156,-0.224005,0.131809,0.406247
0.13721,0.13721,0.13629,-0.224147,0.13173,0.406154
0.137234,0.137234,0.136341,-0.224298,0.131686,0.406052
0.137177,0.137177,0.136316,-0.224419,0.131556,0.405966
0.136871,0.136871,0.136024,-0.224557,0.131775,0.405866
0.13659,0.13659,0.13577,-0.224695,0.131862,0.405757
0.136175,0.136175,0.135387,-0.224766,0.13175,0.405649
0.135949,0.135948,0.135177,-0.224783,0.131455,0.405549
0.135894,0.135894,0.135136,-0.224687,0.130949,0.405453
0.135757,0.135757,0.13502,-0.224553,0.130494,0.405368
0.135428,0.135428,0.134717,-0.224359,0.129991,0.405299
0.135073,0.135073,0.134376,-0.224038,0.12962,0.405239
0.134469,0.134469,0.133799,-0.223687,0.129349,0.405182
0.133849,0.133849,0.133208,-0.223343,0.1292,0.405126
0.133081,0.133081,0.132469,-0.222865,0.129169,0.405079
0.132271,0.132271,0.131693,-0.22238,0.129253,0.405033
0.131399,0.131399,0.130842,-0.221758,0.129305,0.404976
0.130579,0.130579,0.130042,-0.221027,0.129346,0.404918
0.129667,0.129667,0.129198,-0.220158,0.129257,0.404752
0.128761,0.128761,0.128297,-0.219063,0.129205,0.4045
0.127847,0.127847,0.127417,-0.217493,0.129233,0.404069
0.12691,0.12691,0.126521,-0.215697,0.12918,0.403489
0.1258,0.1258,0.125452,-0.213757,0.129387,0.402463
0.124789,0.124789,0.124492,-0.211594,0.129594,0.401172
0.123945,0.123945,0.123662,-0.209538,0.129355,0.399303
0.12292,0.12292,0.122652,-0.207824,0.128875,0.397151
0.121743,0.121743,0.121487,-0.206451,0.128642,0.394459
0.12065,0.12065,0.120403,-0.205266,0.128392,0.391497
0.119843,0.119843,0.119596,-0.204355,0.127692,0.388069
0.119407,0.119407,0.119149,-0.203546,0.126472,0.38442
0.119079,0.119079,0.118816,-0.203171,0.125009,0.380358
0.118734,0.118734,0.11847,-0.203376,0.123564,0.376041
0.118536,0.118536,0.118271,-0.20428,0.121409,0.37156
0.118247,0.118247,0.117989,-0.205597,0.119231,0.366897
0.117793,0.117793,0.117546,-0.20742,0.115702,0.36225
0.117429,0.117429,0.117186,-0.209775,0.112095,0.357548
0.117057,0.117057,0.11683,-0.212752,0.107978,0.352765
0.116716,0.116715,0.116496,-0.216133,0.103754,0.347954
0.11637,0.11637,0.116167,-0.22034,0.0988729,0.343071
0.115922,0.115922,0.115738,-0.225005,0.0939871,0.33816
0.115417,0.115417,0.115255,-0.230182,0.0886697,0.333254
0.114827,0.114827,0.114699,-0.235772,0.083456,0.328347
0.114374,0.114374,0.114289,-0.241753,0.0779702,0.323358
0.113832,0.113832,0.113796,-0.24798,0.0726302,0.318189
0.112411,0.112411,0.112646,-0.254914,0.0678256,0.312799
0.111448,0.111448,0.111826,-0.262304,0.0624894,0.307314
0.109941,0.109941,0.110399,-0.270454,0.0574156,0.301829
0.10857,0.10857,0.109098,-0.27854,0.0522398,0.296336
0.107235,0.107235,0.107819,-0.286713,0.0466708,0.290911
0.106001,0.106001,0.106697,-0.294903,0.0408154,0.285471
0.10501,0.10501,0.105771,-0.303678,0.0341475,0.280011
0.103984,0.103984,0.104803,-0.311928,0.0272086,0.274644
0.103031,0.103031,0.103906,-0.320775,0.0201237,0.269299
0.102041,0.102041,0.102968,-0.329536,0.01302,0.263984
0.100934,0.100934,0.101907,-0.338353,0.00597361,0.258683
0.0999621,0.0999621,0.100986,-0.347198,-0.00119254,0.253364
0.09896,0.09896,0.100035,-0.356003,-0.0082516,0.248048
0.0978617,0.0978617,0.098995,-0.364674,-0.0151945,0.242752
0.0967955,0.0967954,0.0979827,-0.373626,-0.0219865,0.237396
0.0956155,0.0956155,0.0968678,-0.382751,-0.028705,0.232027
0.0943108,0.0943108,0.0956203,-0.391375,-0.0350599,0.226624
0.0929839,0.0929838,0.0943578,-0.399835,-0.0412416,0.221177
0.0919487,0.0919486,0.0933714,-0.407405,-0.0472984,0.215811
0.0909519,0.0909519,0.0924147,-0.414908,-0.0530777,0.210391
0.0899151,0.0899151,0.0914318,-0.421054,-0.0585381,0.205044
0.0888144,0.0888143,0.0903922,-0.426465,-0.0638913,0.199813
0.0876,0.0875999,0.089233,-0.431542,-0.0688904,0.194699
0.0862647,0.0862647,0.0879456,-0.436259,-0.0734272,0.189554
0.0850323,0.0850323,0.0867497,-0.439957,-0.0775741,0.184557
0.0837688,0.0837687,0.0855192,-0.443097,-0.0813609,0.179577
0.0826803,0.0826803,0.0844439,-0.445408,-0.0842833,0.174692
0.0816951,0.0816951,0.0834693,-0.447254,-0.0868863,0.169922
0.080887,0.0808869,0.0826752,-0.448204,-0.0890247,0.165487
0.0802222,0.0802221,0.0820167,-0.448741,-0.0909339,0.161229
0.0795084,0.0795084,0.0813007,-0.448858,-0.0925445,0.157145
0.0788177,0.0788177,0.0806092,-0.448341,-0.0935519,0.153394
0.0781517,0.0781516,0.0799338,-0.447355,-0.0940571,0.150075
0.0774718,0.0774717,0.0792506,-0.445941,-0.0945547,0.14699
0.0766641,0.0766641,0.0784326,-0.444074,-0.0945388,0.144386
0.0759944,0.0759943,0.0777377,-0.442169,-0.0943337,0.142011
0.0753748,0.0753747,0.0770909,-0.4402,-0.0934634,0.140063
0.0747451,0.0747451,0.0764398,-0.438494,-0.0921801,0.138266
0.0738174,0.0738173,0.0755128,-0.436757,-0.0903652,0.136788
0.0731133,0.0731133,0.0748027,-0.434921,-0.0885666,0.135473
0.072727,0.072727,0.0744142,-0.432991,-0.0870579,0.134455
0.0723405,0.0723404,0.0740401,-0.431067,-0.0855662,0.133578
0.0721887,0.0721887,0.0739763,-0.429821,-0.0846688,0.13291
0.0719055,0.0719054,0.0737415,-0.428762,-0.0831901,0.132354
0.0716349,0.0716348,0.0734851,-0.428179,-0.0813854,0.132045
0.0713228,0.0713228,0.0731803,-0.427523,-0.0797401,0.131846
0.0707406,0.0707405,0.0726074,-0.426654,-0.0789539,0.131735
0.0705147,0.0705146,0.0722888,-0.42585,-0.0785673,0.131677
0.070131,0.070131,0.071878,-0.425273,-0.0778037,0.131681
0.0695305,0.0695305,0.0712605,-0.424616,-0.0773099,0.131694
0.0685281,0.0685281,0.0702441,-0.423992,-0.0769082,0.131725
0.0675334,0.0675334,0.0692399,-0.423459,-0.0763126,0.131748
0.0663999,0.0663998,0.0680959,-0.422879,-0.0759292,0.131804
0.0652587,0.0652586,0.0669534,-0.422338,-0.0756595,0.131864
0.0642168,0.0642168,0.0659078,-0.421712,-0.0754308,0.131941
0.0632896,0.0632895,0.0649831,-0.421143,-0.0753399,0.132013
0.062403,0.0624029,0.064088,-0.420534,-0.0751404,0.132101
0.0614645,0.0614645,0.0631438,-0.419898,-0.0749665,0.132182
0.0605911,0.060591,0.0622572,-0.419371,-0.0748874,0.132268
0.0598161,0.0598161,0.061471,-0.418828,-0.0747964,0.132347
0.0590586,0.0590586,0.0607154,-0.418254,-0.0747271,0.132442
0.0583125,0.0583124,0.0599606,-0.417687,-0.0747581,0.132542
0.0575077,0.0575077,0.0591539,-0.417244,-0.0748013,0.132632
0.0565418,0.0565417,0.0581941,-0.416925,-0.0748411,0.132715
0.0553805,0.0553804,0.0570516,-0.41687,-0.0751612,0.132795
0.0543316,0.0543316,0.0560095,-0.417058,-0.0758309,0.132877
0.0532952,0.0532952,0.0549751,-0.417478,-0.0770485,0.132949
0.0523263,0.0523263,0.0540215,-0.418622,-0.0792303,0.133019
0.0515603,0.0515602,0.0532538,-0.419924,-0.0823929,0.133022
0.0508132,0.0508132,0.0524941,-0.421806,-0.0871777,0.132995
0.0500299,0.0500299,0.0517069,-0.424767,-0.0938001,0.132969
0.0492117,0.0492116,0.0508736,-0.428352,-0.101296,0.132943
0.0483074,0.0483073,0.0499714,-0.43246,-0.109755,0.132925
0.0469033,0.0469032,0.0485584,-0.437811,-0.119597,0.132899
0.0448402,0.0448402,0.0464422,-0.44432,-0.130307,0.132872
0.0424792,0.0424792,0.0440864,-0.451314,-0.141481,0.132821
0.0395103,0.0395103,0.0411218,-0.458796,-0.153625,0.132697
0.0362254,0.0362253,0.0378237,-0.466359,-0.166014,0.13255
0.0325271,0.0325271,0.0341224,-0.47389,-0.17937,0.132178
0.0284428,0.0284427,0.0300449,-0.481531,-0.192795,0.131815
0.0241404,0.0241404,0.0257552,-0.489235,-0.206241,0.131481
0.0195079,0.0195079,0.0211355,-0.496827,-0.219532,0.131167
0.0141645,0.0141645,0.0158091,-0.503935,-0.232759,0.130924
0.00878935,0.00878929,0.0104388,-0.510757,-0.24592,0.130738
0.00323079,0.00323074,0.00487071,-0.517016,-0.258774,0.130578
-0.00276129,-0.00276133,-0.00111804,-0.523072,-0.271156,0.130432
-0.00902049,-0.00902053,-0.00736734,-0.528828,-0.283459,0.130283
-0.0150734,-0.0150735,-0.0134227,-0.534185,-0.295555,0.130143
-0.0213728,-0.0213728,-0.0197272,-0.539263,-0.307318,0.130022
-0.027635,-0.027635,-0.0259927,-0.544253,-0.3191,0.129906
-0.0337332,-0.0337333,-0.0320921,-0.549205,-0.330591,0.129799
-0.0399495,-0.0399495,-0.03829,-0.554126,-0.342239,0.12968
-0.0460877,-0.0460877,-0.0444275,-0.559141,-0.353876,0.129547
-0.0523015,-0.0523015,-0.0506382,-0.564182,-0.36548,0.129388
-0.0585504,-0.0585504,-0.0568633,-0.569341,-0.376964,0.129209
-0.0647533,-0.0647533,-0.0630424,-0.57453,-0.388689,0.129041
-0.0708028,-0.0708028,-0.0690709,-0.579765,-0.40041,0.128871
-0.0768756,-0.0768756,-0.0751248,-0.584987,-0.412399,0.128692
-0.0832131,-0.0832131,-0.0814508,-0.590312,-0.424346,0.128513
-0.0897348,-0.0897349,-0.0879591,-0.5958,-0.436444,0.128286
-0.0957996,-0.0957996,-0.0942292,-0.601558,-0.449271,0.128003
-0.102456,-0.102456,-0.100963,-0.607497,-0.461816,0.127719
-0.108505,-0.108505,-0.107036,-0.613697,-0.475303,0.127451
-0.114597,-0.114597,-0.113132,-0.620079,-0.489038,0.127161
-0.120869,-0.120869,-0.119391,-0.626666,-0.502865,0.126891
-0.126837,-0.126837,-0.125427,-0.633608,-0.516774,0.126605
-0.13301,-0.13301,-0.131623,-0.640636,-0.530045,0.126312
-0.138827,-0.138827,-0.137454,-0.647756,-0.543367,0.125892
-0.144201,-0.144201,-0.142838,-0.655336,-0.556719,0.125255
-0.149483,-0.149483,-0.148119,-0.663056,-0.570086,0.12474
-0.154977,-0.154977,-0.153593,-0.670829,-0.582972,0.124363
-0.160623,-0.160623,-0.159206,-0.6786,-0.595432,0.124058
-0.166055,-0.166055,-0.164622,-0.686155,-0.607338,0.123835
-0.171221,-0.171221,-0.169776,-0.693523,-0.619136,0.123657
-0.176148,-0.176148,-0.174679,-0.700682,-0.630663,0.12348
-0.180622,-0.180622,-0.179151,-0.707268,-0.641718,0.123315
-0.184554,-0.184554,-0.183068,-0.713121,-0.652365,0.123175
-0.188351,-0.188351,-0.186855,-0.718559,-0.662655,0.123048
-0.192113,-0.192113,-0.190596,-0.723681,-0.672497,0.122914
-0.1956,-0.1956,-0.194067,-0.727873,-0.681402,0.122766
-0.19884,-0.19884,-0.197302,-0.731632,-0.68972,0.122618
-0.201699,-0.201699,-0.200165,-0.734309,-0.696809,0.122425
-0.204408,-0.204408,-0.202877,-0.73644,-0.703122,0.122209
-0.206849,-0.206849,-0.205324,-0.737844,-0.708265,0.121971
-0.209108,-0.209108,-0.207587,-0.738796,-0.712928,0.121725
-0.211248,-0.211248,-0.209729,-0.739467,-0.716527,0.121558
-0.213254,-0.213254,-0.211735,-0.739857,-0.719679,0.121381
-0.215165,-0.215165,-0.213633,-0.739462,-0.722208,0.121172
-0.217107,-0.217107,-0.215569,-0.738714,-0.724514,0.120927
-0.219187,-0.219187,-0.217639,-0.737791,-0.726105,0.120735
-0.221302,-0.221302,-0.219729,-0.736761,-0.72771,0.120652
-0.223371,-0.223371,-0.221778,-0.735506,-0.72925,0.120688
-0.225543,-0.225543,-0.223931,-0.734091,-0.730484,0.120753
-0.2276,-0.2276,-0.225972,-0.732497,-0.731641,0.120863
-0.22957,-0.22957,-0.227928,-0.730868,-0.732861,0.12097
-0.231533,-0.231533,-0.229878,-0.729182,-0.734192,0.121071
-0.233567,-0.233567,-0.231892,-0.727627,-0.735637,0.121155
-0.235688,-0.235688,-0.233998,-0.726354,-0.737277,0.121229
-0.237621,-0.237621,-0.235921,-0.725376,-0.739333,0.12128
-0.239681,-0.239681,-0.237964,-0.72527,-0.741981,0.121266
-0.241796,-0.241796,-0.240066,-0.725713,-0.745814,0.121199
-0.243983,-0.243984,-0.242248,-0.726644,-0.750285,0.121143
-0.246029,-0.246029,-0.244292,-0.728797,-0.756553,0.121103
-0.248059,-0.248059,-0.246317,-0.7316,-0.763626,0.121089
-0.250374,-0.250374,-0.248617,-0.735682,-0.772271,0.12114
-0.25282,-0.25282,-0.251052,-0.740409,-0.781587,0.1212
-0.255299,-0.255299,-0.253509,-0.745903,-0.791714,0.121295
-0.258284,-0.258284,-0.256471,-0.752404,-0.802996,0.121427
-0.261538,-0.261538,-0.259702,-0.759381,-0.814496,0.121574
-0.265291,-0.265291,-0.263436,-0.767006,-0.826593,0.121721
-0.269369,-0.269369,-0.267494,-0.774786,-0.839616,0.121832
-0.273618,-0.273619,-0.271745,-0.782564,-0.852965,0.121874
-0.278062,-0.278062,-0.276193,-0.790429,-0.86656,0.121743
-0.282832,-0.282832,-0.280965,-0.798271,-0.880168,0.121615
-0.288106,-0.288106,-0.28624,-0.805985,-0.893689,0.121539
-0.293628,-0.293628,-0.291765,-0.813757,-0.906653,0.121461
-0.299299,-0.299299,-0.297422,-0.821229,-0.919702,0.121432
-0.305264,-0.305265,-0.303364,-0.828249,-0.932525,0.12145
-0.311199,-0.311199,-0.30928,-0.834939,-0.945058,0.121483
-0.317085,-0.317085,-0.315181,-0.841272,-0.957346,0.121482
-0.322868,-0.322868,-0.320983,-0.847413,-0.969508,0.121478
-0.328652,-0.328652,-0.326776,-0.853293,-0.981328,0.1215
-0.334148,-0.334148,-0.33229,-0.85901,-0.992988,0.121532
-0.339733,-0.339733,-0.337884,-0.864529,-1.00441,0.121516
-0.345172,-0.345172,-0.343336,-0.869784,-1.01552,0.121478
-0.350736,-0.350736,-0.348922,-0.87496,-1.02633,0.121346
-0.3561,-0.3561,-0.35431,-0.880129,-1.03694,0.12118
-0.361659,-0.361659,-0.359896,-0.884721,-1.04679,0.121002
-0.367453,-0.367453,-0.365706,-0.88917,-1.05575,0.120902
-0.37328,-0.37328,-0.371545,-0.893361,-1.06335,0.120822
-0.378731,-0.378731,-0.377015,-0.896869,-1.06952,0.1207
-0.384252,-0.384252,-0.38256,-0.899914,-1.0749,0.120585
-0.389505,-0.389505,-0.387844,-0.902801,-1.07934,0.120429
-0.393961,-0.393961,-0.392315,-0.904504,-1.08271,0.120201
-0.397355,-0.397355,-0.39572,-0.905041,-1.08534,0.119941
-0.400135,-0.400135,-0.398505,-0.905172,-1.08774,0.119789
-0.402144,-0.402144,-0.40052,-0.904886,-1.08933,0.119671
-0.40351,-0.40351,-0.401888,-0.904726,-1.09038,0.11963
-0.404508,-0.404508,-0.40288,-0.904599,-1.09047,0.119828
-0.405127,-0.405127,-0.403504,-0.904457,-1.09002,0.120034
-0.405314,-0.405314,-0.403697,-0.904229,-1.08906,0.120195
-0.4049,-0.4049,-0.403277,-0.904028,-1.08798,0.12034
-0.403496,-0.403496,-0.401872,-0.904131,-1.08703,0.120408
-0.401683,-0.401683,-0.400054,-0.904271,-1.08569,0.120435
-0.399511,-0.399511,-0.397867,-0.904569,-1.08413,0.120481
-0.397236,-0.397236,-0.395576,-0.904884,-1.08245,0.120537
-0.394313,-0.394313,-0.392649,-0.904765,-1.08053,0.120599
-0.391402,-0.391402,-0.389729,-0.904759,-1.07844,0.120653
-0.388361,-0.388361,-0.386682,-0.904675,-1.0761,0.120711
-0.384958,-0.384958,-0.383273,-0.903698,-1.0728,0.120748
-0.381462,-0.381462,-0.37978,-0.902272,-1.06894,0.120785
-0.37785,-0.37785,-0.376178,-0.899832,-1.06375,0.120801
-0.374155,-0.374155,-0.372482,-0.896354,-1.05731,0.120794
-0.370412,-0.370412,-0.368736,-0.892408,-1.05039,0.120781
-0.366676,-0.366677,-0.365017,-0.888005,-1.04216,0.120775
-0.362908,-0.362908,-0.361263,-0.883443,-1.03344,0.120759
-0.359182,-0.359182,-0.357547,-0.878531,-1.02461,0.120755
-0.355406,-0.355406,-0.353774,-0.873278,-1.01506,0.120802
-0.351579,-0.351579,-0.349949,-0.867807,-1.00525,0.120894
-0.347497,-0.347497,-0.345863,-0.861662,-0.995186,0.121103
-0.342994,-0.342994,-0.341354,-0.855109,-0.984991,0.121395
-0.338249,-0.338249,-0.336599,-0.848452,-0.974905,0.121724
-0.333467,-0.333467,-0.331803,-0.841796,-0.964635,0.122044
-0.328794,-0.328794,-0.327122,-0.83554,-0.955189,0.122434
-0.324099,-0.324099,-0.32243,-0.829704,-0.946324,0.122825
-0.319698,-0.319698,-0.318009,-0.825156,-0.939211,0.123332
-0.315335,-0.315335,-0.313621,-0.821367,-0.933118,0.123892
-0.311488,-0.311488,-0.309753,-0.819098,-0.92904,0.124574
-0.308309,-0.308309,-0.306551,-0.817229,-0.925613,0.125452
-0.305804,-0.305804,-0.304018,-0.81685,-0.923251,0.126197
-0.303384,-0.303384,-0.301586,-0.816899,-0.921904,0.126744
-0.301336,-0.301336,-0.299549,-0.817221,-0.922138,0.127079
-0.299639,-0.299639,-0.29787,-0.817955,-0.923385,0.127253
-0.298569,-0.29857,-0.296811,-0.818473,-0.925268,0.12734
-0.298183,-0.298183,-0.296434,-0.819321,-0.927361,0.127382
-0.299029,-0.299029,-0.297263,-0.820634,-0.929236,0.127442
-0.300552,-0.300552,-0.298776,-0.822223,-0.931707,0.127532
-0.302664,-0.302664,-0.300889,-0.823508,-0.934143,0.127676
-0.304975,-0.304975,-0.303206,-0.82488,-0.936698,0.127841
-0.307837,-0.307837,-0.306066,-0.826744,-0.939866,0.128022
-0.310999,-0.310999,-0.309225,-0.828958,-0.943456,0.128195
-0.314581,-0.314581,-0.312795,-0.832128,-0.948144,0.128393
-0.318261,-0.318262,-0.316472,-0.83584,-0.953532,0.128579
-0.322004,-0.322004,-0.320206,-0.8404,-0.960409,0.128749
-0.325793,-0.325793,-0.323989,-0.845484,-0.967958,0.128897
-0.329861,-0.329861,-0.328064,-0.851132,-0.976846,0.128961
-0.333983,-0.333984,-0.33218,-0.857275,-0.986481,0.129024
-0.337937,-0.337937,-0.336155,-0.865246,-0.996955,0.129046
-0.341562,-0.341562,-0.339786,-0.873959,-1.00777,0.12904
-0.344422,-0.344422,-0.342671,-0.883174,-1.01925,0.129451
-0.347268,-0.347268,-0.345546,-0.892482,-1.03092,0.129681
-0.34996,-0.34996,-0.348245,-0.901801,-1.04284,0.129743
-0.352568,-0.352568,-0.35086,-0.911123,-1.05486,0.129762
-0.354977,-0.354977,-0.353266,-0.920383,-1.06648,0.129725
-0.357129,-0.357129,-0.355422,-0.928828,-1.07711,0.129606
-0.359222,-0.359222,-0.357513,-0.936267,-1.08668,0.129419
-0.361123,-0.361123,-0.359417,-0.943068,-1.09571,0.129264
-0.362669,-0.362669,-0.360968,-0.948423,-1.10317,0.129071
-0.363874,-0.363874,-0.362178,-0.952846,-1.10988,0.128906
-0.364543,-0.364543,-0.362866,-0.955103,-1.11439,0.128807
-0.365017,-0.365017,-0.363538,-0.956228,-1.11676,0.128763
-0.365233,-0.365233,-0.36377,-0.956364,-1.11678,0.128699
-0.36535,-0.36535,-0.363898,-0.955181,-1.11421,0.128644
-0.365252,-0.365252,-0.363798,-0.952485,-1.10949,0.128637
-0.364675,-0.364675,-0.363229,-0.948052,-1.10222,0.128536
-0.363934,-0.363934,-0.36249,-0.942795,-1.09383,0.128441
-0.36285,-0.36285,-0.361421,-0.936669,-1.08446,0.128324
-0.361143,-0.361143,-0.359726,-0.929482,-1.0733,0.128184
-0.359124,-0.359124,-0.357728,-0.921654,-1.06157,0.12806
-0.356271,-0.356271,-0.354885,-0.912884,-1.04898,0.127962
-0.35286,-0.35286,-0.351479,-0.903637,-1.03571,0.127912
-0.349157,-0.349157,-0.347758,-0.894251,-1.0222,0.12794
-0.345132,-0.345132,-0.343717,-0.884652,-1.00863,0.128116
-0.340856,-0.340857,-0.339429,-0.875034,-0.994968,0.128284
-0.336098,-0.336098,-0.334655,-0.865591,-0.981514,0.128406
-0.331282,-0.331282,-0.329831,-0.856191,-0.968434,0.128545
-0.326352,-0.326352,-0.324894,-0.847135,-0.955348,0.128641
-0.321177,-0.321177,-0.319726,-0.838502,-0.942672,0.128698
-0.316115,-0.316115,-0.31467,-0.830149,-0.929998,0.128743
-0.31099,-0.31099,-0.309529,-0.822265,-0.917616,0.12881
-0.305807,-0.305807,-0.30433,-0.814611,-0.905467,0.128875
-0.300718,-0.300718,-0.299231,-0.807176,-0.893737,0.128922
-0.295781,-0.295781,-0.294265,-0.799857,-0.882176,0.128979
-0.290803,-0.290803,-0.289267,-0.792623,-0.8706,0.129089
-0.285847,-0.285847,-0.284292,-0.785346,-0.858922,0.129218
-0.281057,-0.281057,-0.279469,-0.777997,-0.846986,0.129416
-0.276407,-0.276407,-0.274779,-0.770406,-0.834823,0.129643
-0.271474,-0.271474,-0.269814,-0.762696,-0.82253,0.129888
-0.266175,-0.266175,-0.264496,-0.755018,-0.810177,0.13011
-0.260788,-0.260789,-0.259082,-0.747099,-0.79755,0.130341
-0.255642,-0.255642,-0.253911,-0.73891,-0.784631,0.130599
-0.250141,-0.250141,-0.248377,-0.730612,-0.77181,0.130832
-0.244643,-0.244643,-0.242843,-0.721852,-0.759221,0.131095
-0.239619,-0.239619,-0.237788,-0.713081,-0.74624,0.131423
-0.234923,-0.234923,-0.233073,-0.704324,-0.732977,0.131786
-0.230581,-0.230581,-0.22873,-0.69556,-0.719391,0.132054
-0.226412,-0.226412,-0.224565,-0.686729,-0.705777,0.132338
-0.22265,-0.22265,-0.220801,-0.677684,-0.692168,0.132564
-0.218692,-0.218692,-0.216842,-0.668533,-0.678754,0.132772
-0.214811,-0.214812,-0.212972,-0.659325,-0.665832,0.132961
-0.211241,-0.211241,-0.209404,-0.650187,-0.653252,0.133178
-0.207884,-0.207884,-0.206057,-0.641153,-0.640817,0.13337
-0.204529,-0.204529,-0.202709,-0.632341,-0.628573,0.133543
-0.201271,-0.201271,-0.199472,-0.623877,-0.617011,0.133691
-0.198058,-0.198059,-0.196275,-0.615855,-0.606038,0.13378
-0.194799,-0.1948,-0.193029,-0.60813,-0.595365,0.133848
-0.19202,-0.19202,-0.190259,-0.601162,-0.585142,0.133899
-0.189149,-0.189149,-0.187395,-0.594464,-0.575627,0.133956
-0.186298,-0.186298,-0.184536,-0.588191,-0.566672,0.133989
-0.183753,-0.183753,-0.181992,-0.582972,-0.558545,0.134018
-0.181279,-0.181279,-0.179518,-0.578285,-0.55104,0.134037
-0.179125,-0.179125,-0.177375,-0.574538,-0.544889,0.134106
-0.177405,-0.177405,-0.175663,-0.571762,-0.539869,0.134201
-0.175808,-0.175808,-0.174083,-0.569342,-0.535393,0.134324
-0.174311,-0.174311,-0.172598,-0.567302,-0.531991,0.134464
-0.172838,-0.172838,-0.171139,-0.565326,-0.529117,0.13461
-0.171456,-0.171456,-0.169768,-0.563736,-0.526336,0.134742
-0.170018,-0.170018,-0.168362,-0.562489,-0.524333,0.134825
-0.168565,-0.168565,-0.166935,-0.561418,-0.522553,0.134858
-0.167164,-0.167164,-0.165571,-0.560882,-0.520962,0.13484
-0.165709,-0.165709,-0.164145,-0.560567,-0.519351,0.134802
-0.164279,-0.164279,-0.16276,-0.560179,-0.517549,0.134736
-0.162913,-0.162913,-0.161424,-0.559444,-0.515474,0.134659
-0.16145,-0.16145,-0.159987,-0.558202,-0.512487,0.134538
-0.1601,-0.1601,-0.158668,-0.556394,-0.508684,0.134407
-0.158816,-0.158816,-0.157418,-0.553102,-0.50281,0.134208
-0.157569,-0.157569,-0.156217,-0.548941,-0.495869,0.13397
-0.156218,-0.156218,-0.154882,-0.543052,-0.486779,0.133707
-0.154719,-0.154719,-0.153396,-0.536238,-0.476862,0.133429
-0.152641,-0.152641,-0.151339,-0.527839,-0.465782,0.13317
-0.150208,-0.150208,-0.148939,-0.518938,-0.454259,0.132962
-0.147384,-0.147384,-0.146126,-0.509753,-0.441471,0.132892
-0.144364,-0.144364,-0.143109,-0.500266,-0.428186,0.132904
-0.141071,-0.141071,-0.139821,-0.491213,-0.414268,0.132952
-0.137327,-0.137327,-0.136096,-0.482103,-0.400293,0.133031
-0.132622,-0.132622,-0.131422,-0.473054,-0.3871,0.13308
-0.12771,-0.12771,-0.126535,-0.464456,-0.37386,0.133075
-0.122248,-0.122248,-0.121105,-0.456588,-0.361026,0.133
-0.11684,-0.11684,-0.115727,-0.448988,-0.348531,0.132913
-0.111307,-0.111307,-0.110208,-0.441726,-0.33657,0.132826
-0.105833,-0.105833,-0.104734,-0.434593,-0.324659,0.132743
-0.100291,-0.100291,-0.0991991,-0.427594,-0.312866,0.132686
-0.0948178,-0.0948179,-0.0937273,-0.420566,-0.301001,0.13267
-0.0893917,-0.0893917,-0.0883132,-0.413371,-0.288911,0.132691
-0.0839831,-0.0839832,-0.082923,-0.406104,-0.276698,0.132734
-0.0783597,-0.0783597,-0.0773086,-0.398554,-0.264156,0.132789
-0.0728095,-0.0728095,-0.0717777,-0.390772,-0.251417,0.132852
-0.0676117,-0.0676118,-0.0665651,-0.381995,-0.238347,0.132989
-0.0626677,-0.0626677,-0.0616409,-0.372767,-0.225147,0.133202
-0.0584513,-0.0584513,-0.0574087,-0.363266,-0.211928,0.132937
-0.0542626,-0.0542626,-0.0532058,-0.353822,-0.198644,0.132734
-0.0501439,-0.0501439,-0.0490878,-0.344377,-0.185392,0.132582
-0.0460847,-0.0460847,-0.0450223,-0.335114,-0.17209,0.132438
-0.0424052,-0.0424052,-0.041354,-0.326074,-0.159251,0.132302
-0.0389138,-0.0389139,-0.0378715,-0.317924,-0.147369,0.132258
-0.0356546,-0.0356547,-0.0346191,-0.310885,-0.136366,0.132278
-0.0325863,-0.0325863,-0.0315511,-0.304318,-0.126067,0.13229
-0.0297391,-0.0297391,-0.0287042,-0.298803,-0.117247,0.132351
-0.0271989,-0.027199,-0.0261542,-0.293902,-0.109103,0.132416
-0.0250431,-0.0250432,-0.023994,-0.29016,-0.102581,0.132488
-0.0232953,-0.0232953,-0.0220589,-0.287057,-0.0966934,0.132562
-0.0216911,-0.0216912,-0.0204584,-0.284424,-0.0924117,0.132651
-0.0201937,-0.0201938,-0.0189648,-0.281992,-0.0890847,0.132705
-0.0190255,-0.0190256,-0.0178058,-0.280412,-0.0870388,0.132686
-0.0180754,-0.0180755,-0.0168727,-0.279219,-0.0859617,0.132679
-0.0171455,-0.0171456,-0.0159542,-0.27823,-0.0851864,0.132656
-0.0163872,-0.0163873,-0.0152004,-0.27741,-0.084775,0.132629
-0.0159672,-0.0159672,-0.0147828,-0.276683,-0.0847319,0.132578
-0.0154933,-0.0154933,-0.0143037,-0.276145,-0.0849207,0.132486
-0.0151285,-0.0151286,-0.0139557,-0.275845,-0.0854125,0.132386
-0.0148236,-0.0148237,-0.0136696,-0.27587,-0.0857886,0.132278
-0.0146045,-0.0146045,-0.0134729,-0.275925,-0.0861896,0.132188
-0.0144321,-0.0144322,-0.0133168,-0.276085,-0.0866297,0.132115
-0.0141925,-0.0141926,-0.0131051,-0.276214,-0.0871016,0.132059
-0.0137892,-0.0137892,-0.0127365,-0.276284,-0.0876367,0.132
-0.0130836,-0.0130836,-0.0120477,-0.276161,-0.0883347,0.131942
-0.0124183,-0.0124184,-0.0114069,-0.275972,-0.0890259,0.131873
-0.0116934,-0.0116934,-0.0107196,-0.275936,-0.0894089,0.131798
-0.0109675,-0.0109675,-0.0100174,-0.275899,-0.0899117,0.13171
-0.010467,-0.010467,-0.0095289,-0.275902,-0.0901892,0.131617
-0.00998525,-0.00998529,-0.00905412,-0.275864,-0.0904493,0.131529
-0.00938811,-0.00938815,-0.00846698,-0.275836,-0.0905586,0.131438
-0.00888363,-0.00888366,-0.00798447,-0.275809,-0.09053,0.131334
-0.00833292,-0.00833296,-0.00745025,-0.27576,-0.0905944,0.131234
-0.00780913,-0.00780916,-0.00694757,-0.275803,-0.090635,0.13113
-0.0071015,-0.00710153,-0.00625328,-0.275802,-0.09079,0.131023
-0.00638035,-0.00638039,-0.00554023,-0.275839,-0.0909727,0.130915
-0.0056691,-0.00566914,-0.00483281,-0.275931,-0.0911999,0.130787
-0.00508442,-0.00508446,-0.00425254,-0.275905,-0.0914167,0.13068
-0.00444345,-0.00444349,-0.00363088,-0.275804,-0.0916849,0.130576
-0.00384646,-0.0038465,-0.00304846,-0.275617,-0.0919337,0.130473
-0.00359692,-0.00359696,-0.00280012,-0.275491,-0.0917955,0.130375
-0.00359139,-0.00359143,-0.00279255,-0.275371,-0.0915681,0.130286
-0.00340503,-0.00340506,-0.00261604,-0.275251,-0.0914113,0.130195
-0.00310444,-0.00310447,-0.00232364,-0.275186,-0.0914015,0.130086
-0.00269334,-0.00269338,-0.00191229,-0.275117,-0.091471,0.129996
-0.00221321,-0.00221325,-0.00142532,-0.275089,-0.0914867,0.129917
-0.00171788,-0.00171792,-0.000928417,-0.275076,-0.0915946,0.12984
-0.00120436,-0.00120439,-0.000418467,-0.27517,-0.0917184,0.129774
-0.000740527,-0.000740564,5.14422e-05,-0.275295,-0.0917644,0.129721
-0.000320319,-0.000320355,0.000462027,-0.275327,-0.0918607,0.129648
9.00845e-05,9.00482e-05,0.000859657,-0.275301,-0.0920284,0.1296
0.000488912,0.000488876,0.00125279,-0.275269,-0.0923037,0.12957
0.000681806,0.00068177,0.00145307,-0.275192,-0.092289,0.129575
0.000782164,0.000782127,0.00157569,-0.275107,-0.092274,0.129588
0.00083757,0.000837534,0.00163764,-0.27493,-0.0922861,0.12959
0.000836037,0.000836001,0.00164148,-0.274811,-0.0921488,0.129613
0.000474008,0.000473971,0.00128334,-0.274774,-0.0915989,0.129629
-2.71166e-05,-2.71532e-05,0.000773574,-0.274747,-0.0910778,0.129648
-0.000398562,-0.000398599,0.000396359,-0.274647,-0.0910623,0.129711
-0.000818228,-0.000818265,-2.46421e-05,-0.274528,-0.0910986,0.129789
-0.000947636,-0.000947674,-0.000146143,-0.274452,-0.0911271,0.129838
-0.000859093,-0.00085913,-4.97936e-05,-0.274381,-0.091167,0.129906
-0.000870477,-0.000870514,-5.56428e-05,-0.274403,-0.0910219,0.129987
-0.000899769,-0.000899806,-7.71445e-05,-0.274385,-0.090891,0.130054
-0.000963948,-0.000963985,-0.000121603,-0.274438,-0.090734,0.130113
-0.000939624,-0.00093966,-8.9642e-05,-0.274416,-0.0907127,0.130175
-0.000790873,-0.00079091,7.35418e-05,-0.274473,-0.0908585,0.130251
-0.000708967,-0.000709004,0.000176128,-0.274542,-0.090908,0.130334
-0.000562962,-0.000562998,0.000360131,-0.274527,-0.0912445,0.130411
-0.000264287,-0.000264324,0.000685095,-0.274371,-0.0917688,0.130488
3.40553e-05,3.40184e-05,0.00101528,-0.27431,-0.0920754,0.13057
0.00032478,0.000324743,0.00133607,-0.274348,-0.0924406,0.130654
0.000352791,0.000352754,0.00139764,-0.274327,-0.0926661,0.130735
0.000483095,0.000483058,0.00156553,-0.274322,-0.0929163,0.130807
0.000505578,0.000505541,0.00162748,-0.274254,-0.0930827,0.130881
0.000517041,0.000517004,0.00168677,-0.274109,-0.0932379,0.130953
0.000631754,0.000631717,0.00181758,-0.273932,-0.0935178,0.131039
0.000777257,0.00077722,0.00197536,-0.273806,-0.0938047,0.131124
0.000943431,0.000943395,0.00215578,-0.273637,-0.094192,0.131193
0.000969301,0.000969264,0.002207,-0.273494,-0.0942884,0.13126
0.00101639,0.00101635,0.00225297,-0.273374,-0.0942527,0.131328
0.00100798,0.00100794,0.00224872,-0.273299,-0.0942702,0.131388
0.00103207,0.00103204,0.00227607,-0.273196,-0.0946288,0.131424
0.00110705,0.00110701,0.00236203,-0.273074,-0.0950579,0.131465
0.00102827,0.00102823,0.00229727,-0.272987,-0.095325,0.131492
0.0010422,0.00104217,0.00232363,-0.272928,-0.0956878,0.131513
0.000794512,0.000794475,0.00209783,-0.272853,-0.0960769,0.131545
0.000523341,0.000523304,0.00184909,-0.272796,-0.0963456,0.131589
0.000351424,0.000351387,0.00167767,-0.272815,-0.0965687,0.131637
0.000253981,0.000253944,0.00157023,-0.272816,-0.0968029,0.131702
0.000259847,0.000259811,0.00157099,-0.272863,-0.0970479,0.13176
0.000323413,0.000323377,0.00162176,-0.272943,-0.0973358,0.131777
0.000214645,0.000214608,0.00151439,-0.273063,-0.0975765,0.13178
8.47005e-05,8.46642e-05,0.0014015,-0.273168,-0.0977569,0.131777
2.05967e-05,2.05603e-05,0.00135308,-0.273243,-0.0978025,0.131775
0.000108181,0.000108145,0.00145849,-0.273424,-0.0979915,0.131767
0.000239779,0.000239743,0.00159651,-0.273628,-0.0982248,0.131768
0.000189605,0.000189569,0.00157778,-0.273948,-0.0982372,0.13175
-4.89386e-05,-4.89751e-05,0.00135922,-0.27431,-0.0980942,0.131752
-3.28054e-06,-3.31711e-06,0.00141187,-0.274676,-0.0981122,0.131771
3.55531e-05,3.55168e-05,0.00145367,-0.275236,-0.0981124,0.13178
-2.37836e-05,-2.38201e-05,0.00139859,-0.275781,-0.0981329,0.131814
4.00452e-05,4.00091e-05,0.00146622,-0.276394,-0.0981909,0.131842
0.00018341,0.000183374,0.00161404,-0.276976,-0.0983996,0.131868
0.000406333,0.000406297,0.0018383,-0.277479,-0.0987397,0.131922
0.000626912,0.000626876,0.00205887,-0.278,-0.0988494,0.131977
0.000703015,0.000702978,0.00213802,-0.27863,-0.0986831,0.132024
0.000658214,0.000658177,0.00209299,-0.279313,-0.0982081,0.132006
0.000682285,0.000682249,0.00213547,-0.280051,-0.0976686,0.131953
0.000923792,0.000923756,0.00239554,-0.280747,-0.0972586,0.131895
0.00114175,0.00114171,0.00264437,-0.281353,-0.0969112,0.131805
0.0013345,0.00133446,0.00286145,-0.281749,-0.0965479,0.131716
0.00181175,0.00181171,0.00335544,-0.282115,-0.0962914,0.131621
0.00222349,0.00222345,0.00379384,-0.282601,-0.0959162,0.13154
0.00271484,0.00271481,0.00429798,-0.28312,-0.0956528,0.131469
0.00322324,0.00322321,0.00481936,-0.283728,-0.0952386,0.13139
0.00380427,0.00380423,0.00541147,-0.284209,-0.0950041,0.131324
0.00434205,0.00434202,0.00595384,-0.284606,-0.0947549,0.131264
0.00472917,0.00472913,0.00635686,-0.285046,-0.0942835,0.131185
0.00515558,0.00515555,0.00681074,-0.285557,-0.0938493,0.131111
0.00570822,0.00570819,0.00738832,-0.286109,-0.0934794,0.131015
0.00650337,0.00650334,0.00820624,-0.28667,-0.0932312,0.130914
0.0075048,0.00750476,0.00923035,-0.287332,-0.0929213,0.130783
0.00832067,0.00832064,0.0100712,-0.288001,-0.0925316,0.130641
0.0088323,0.00883227,0.0106,-0.288748,-0.091926,0.130476
0.00920628,0.00920624,0.0109823,-0.28966,-0.0911248,0.130261
0.00953024,0.0095302,0.0113426,-0.29067,-0.090443,0.129973
0.00988763,0.0098876,0.011727,-0.291538,-0.0897667,0.129695
0.0103588,0.0103588,0.0122005,-0.291941,-0.0896217,0.129366
0.0107996,0.0107996,0.0126429,-0.292346,-0.0894287,0.129035
0.0112082,0.0112082,0.0130556,-0.292774,-0.089177,0.128705
0.0116942,0.0116941,0.013545,-0.293164,-0.0889711,0.12838
0.012184,0.012184,0.0140342,-0.293579,-0.0887746,0.128051
0.0127386,0.0127386,0.0145922,-0.293958,-0.0886659,0.127726
