-0.194963,-0.194963,-0.2654780.298158,0.643383,-0.243752,0.340934,0.267897,0.295729,-1.25352,-0.509399,0.621124,-0.0716159,-1.15023,0.156435
-0.211347,-0.211347,-0.2727650.302006,0.498266,-0.276091,0.334165,0.272004,0.286292,-1.25982,-0.68081,0.415635,-0.0988462,-1.1084,0.130236
-0.249239,-0.249239,-0.3012630.335763,0.441705,-0.265518,0.335929,0.30075,0.282834,-1.24495,-0.726837,0.291454,-0.100361,-1.02877,0.118145
-0.307511,-0.307511,-0.3411430.378292,0.559665,-0.50457,0.339041,0.334877,0.279041,-1.23009,-0.674771,0.0341189,-0.104604,-0.922996,0.107663
-0.282586,-0.282586,-0.3182220.351353,0.463198,-0.55352,0.339875,0.310263,0.2682,-1.2439,-0.662012,-0.0622248,-0.105483,-0.993119,0.102766
-0.30393,-0.30393,-0.3126010.361606,0.52234,-0.630458,0.338507,0.278909,0.250898,-1.24705,-0.853523,-0.000803122,-0.104833,-0.982989,0.0904559
-0.290116,-0.290116,-0.2985190.350115,0.502665,-0.642616,0.341509,0.276602,0.244619,-1.2582,-0.861862,-0.121352,-0.101926,-0.965984,0.0842331
-0.331691,-0.331691,-0.3408150.379237,0.475545,-0.579941,0.336694,0.345637,0.23849,-1.22137,-1.01793,-0.327545,-0.100026,-0.970589,0.0831481
-0.40919,-0.40919,-0.4202780.457585,0.443573,-0.572134,0.336105,0.375523,0.23479,-1.18501,-1.00774,-0.290238,-0.0971891,-0.901628,0.0798356
-0.536476,-0.536476,-0.5518040.58677,0.390799,-0.558946,0.327923,0.468326,0.237858,-1.12376,-0.883058,-0.360164,-0.0960584,-0.822967,0.0689174
-0.520574,-0.520574,-0.5292240.471235,0.372272,-0.545824,0.322073,0.758314,0.22834,-1.14163,-0.85285,0.0159549,-0.0550265,-0.8159,0.0647216
-0.46977,-0.46977,-0.4740050.46235,0.311047,-0.570648,0.319028,0.633305,0.215078,-1.19732,-0.728608,-0.38146,-0.108017,-0.846005,0.0605451
-0.450351,-0.450351,-0.4558070.45747,0.23454,-0.522056,0.319025,0.58698,0.210916,-1.21295,-0.690028,-0.422624,-0.106323,-0.860035,0.0586274
-0.434162,-0.434162,-0.43740.446198,0.223703,-0.524021,0.307911,0.571092,0.215417,-1.21597,-0.745366,0.16003,-0.0566959,-0.961638,0.066156
-0.412575,-0.412575,-0.4169350.426121,0.181715,-0.548484,0.307879,0.535935,0.218178,-1.22052,-0.757119,0.0917814,-0.0680639,-1.00117,0.0667857
-0.348586,-0.348586,-0.3539340.377191,0.110554,-0.512139,0.321318,0.439097,0.214826,-1.27402,-0.716854,0.0966125,-0.0830395,-0.999763,0.0719213
-0.331918,-0.331918,-0.3372250.36262,0.0755297,-0.516614,0.322326,0.424758,0.213584,-1.28827,-0.687373,0.116221,-0.0855764,-1.0093,0.0720477
-0.356504,-0.356504,-0.358090.380495,0.129847,-0.525559,0.333518,0.361278,0.20496,-1.28152,-0.647949,0.0920863,-0.0946432,-0.978156,0.0723413
-0.274508,-0.274508,-0.2748820.296257,0.146137,-0.54111,0.334381,0.222518,0.19903,-1.35061,-0.634479,0.221414,-0.10511,-1.09613,0.0507808
-0.330567,-0.330567,-0.3321780.356662,0.190821,-0.531654,0.335641,0.291252,0.198078,1.60449,-0.627722,0.264652,-0.0967152,1.60449,-0.120052
-0.323191,-0.323191,-0.3253720.347931,0.21265,-0.552625,0.338346,0.29948,0.199364,1.61229,-0.614684,0.351906,-0.0982609,1.61229,-0.119654
-0.306407,-0.306407,-0.308140.33693,0.176911,-0.612546,0.330782,0.248748,0.205279,1.61751,-0.585436,0.526751,-0.109892,1.39311,0.0155068
-0.296756,-0.296756,-0.2978670.330347,0.189036,-0.686049,0.325914,0.243116,0.207972,1.61526,-0.580136,0.610956,-0.1071,1.38622,0.0105097
-0.353399,-0.353399,-0.3526660.409292,0.184351,-0.902454,0.292622,0.290613,0.213009,1.63305,-0.566277,0.841776,-0.0863732,1.39119,0.0113108
-0.402083,-0.402083,-0.4004490.450899,0.18006,-1.05471,0.271965,0.355937,0.217686,1.6707,-0.552311,0.974122,-0.0679401,1.42003,0.0139979
-0.437431,-0.437431,-0.4362750.47869,0.0124907,-1.23496,0.217169,0.165992,0.228827,-0.486436,-0.516036,1.07189,-0.0557351,-0.486436,0.00565679
-0.35289,-0.35289,-0.3515640.403578,-0.205678,-1.26611,0.195354,0.0849164,0.229959,-0.516834,-0.519871,1.1871,-0.0446013,-0.516834,0.00611236
-0.276624,-0.276624,-0.2796160.360215,-0.21468,-1.19214,0.125693,0.0905119,0.243434,-0.497343,-0.516111,1.18742,-0.0401365,-0.497343,0.0215867
-0.304705,-0.304705,-0.3086631.12122,-0.238997,-1.18683,0.12643,1.12122,0.237423,-0.525866,-0.530952,1.20835,-0.042596,-0.484604,-0.00477301
-0.240867,-0.240867,-0.2443510.731657,-0.345551,-1.13317,0.0996212,0.731657,0.247962,-0.461675,-0.623952,0.491953,-0.0703141,-0.398223,-0.00364503
-0.246569,-0.246569,-0.2512780.681053,-0.373476,-1.04744,0.0465518,0.434254,0.245751,-0.468171,-0.762934,0.636134,-0.0742553,-0.379176,0.00485369
-0.373113,-0.373113,-0.3826120.544588,-0.154772,-1.01996,0.286466,0.448726,0.239189,-0.597297,-0.5483,1.08398,-0.076973,-0.514709,0.0114286
-0.368743,-0.368743,-0.3782120.558032,-0.160881,-0.856144,0.324481,0.450316,0.238558,-0.59498,-0.544825,0.997511,-0.0899967,-0.511414,0.00841663
-0.436705,-0.436705,-0.4489190.491091,0.0966005,-0.449428,0.404345,0.365405,0.226622,-0.661379,-0.262677,0.634293,-0.146711,-0.585131,0.0208427
-0.451659,-0.451659,-0.4628670.469664,0.193248,-0.22358,0.438165,0.381061,0.225161,-0.666931,-0.186692,0.475591,-0.175786,-0.594659,0.0239836
-0.344736,-0.344736,-0.3528790.559441,0.399659,0.145932,0.480006,0.431416,0.222285,-0.517344,-0.509437,0.238448,-0.224368,-0.51846,0.0321614
-0.360409,-0.360409,-0.3632340.547422,0.530888,0.218057,0.489121,0.433273,0.221115,-0.526466,-0.550687,0.150183,-0.235837,-0.515433,0.0349686
-0.396384,-0.396384,-0.3974950.506658,0.68574,0.383578,0.49974,0.511071,0.217125,-0.574593,-0.573237,-0.0284391,-0.247769,-0.535266,0.039591
-0.406874,-0.406874,-0.4098440.491627,0.755234,0.40647,0.497222,0.512076,0.214892,-0.584792,-0.556006,-0.0192695,-0.243932,-0.542164,0.0421429
-0.434788,-0.434788,-0.4352390.464059,0.829336,0.260309,0.476155,0.514596,0.202881,-0.610059,-0.532231,0.0977627,-0.236891,-0.572802,0.046991
-0.397948,-0.397948,-0.3984330.49783,0.83364,0.125161,0.455171,0.539968,0.202563,-0.569985,-0.613398,0.230394,-0.226221,-0.550855,0.050365
-0.324026,-0.324026,-0.3241090.55713,0.799138,-0.163249,0.403145,0.627058,0.196681,-0.483568,-0.671292,0.520551,-0.185327,-0.482881,0.0528009
-0.323637,-0.323637,-0.3236930.558103,0.773601,-0.360457,0.373115,0.628666,0.19596,-0.488097,-0.629722,0.67186,-0.155802,-0.365902,0.0282332
-0.322835,-0.322835,-0.322370.563917,0.6895,-0.74452,0.297231,0.619091,0.195584,-0.480931,-0.47364,0.931644,-0.0822194,-0.400985,0.0404514
-0.227764,-0.227764,-0.2266910.649119,0.481981,-0.879611,0.261173,0.705596,0.19316,-0.371498,-0.233122,0.949031,-0.0487977,-0.358176,0.0452701
-0.296201,-0.296201,-0.2970930.293434,0.146311,-1.10649,0.181808,0.293434,0.215725,-0.430566,-0.2913,1.0387,-0.0056622,-0.513034,0.0443845
-0.325467,-0.325467,-0.3263290.296775,0.0484347,-1.11478,0.11451,0.296775,0.219118,-0.462894,-0.450702,1.20286,0.0126412,-0.570696,0.041289
-0.304495,-0.304495,-0.3067380.311073,0.0297464,-1.19725,0.118087,0.608485,0.240978,-0.388676,-0.429741,1.27618,0.00529845,-0.702498,0.0375039
-0.273664,-0.273664,-0.2779310.376637,0.04087,-1.23002,0.122042,0.524511,0.235458,-0.385846,-0.416843,1.31594,0.00497792,-0.659225,0.0384603
-0.248761,-0.248761,-0.253450.419418,-0.0301234,-1.21606,0.199837,0.456025,0.227309,-0.380407,-0.388746,1.24284,-0.0327805,-0.604404,0.0297255
-0.261067,-0.261067,-0.266390.407295,-0.0797953,-1.13303,0.229418,0.454221,0.225524,-0.40881,-0.363295,1.17573,-0.0566989,-0.595545,0.0268392
-0.311075,-0.311075,-0.3197670.380556,-0.0130449,-0.824036,0.281238,0.338317,0.21904,-0.47415,-0.352154,0.885012,-0.0474029,-0.603478,0.0260882
-0.335561,-0.335561,-0.3444810.363518,0.0245522,-0.641538,0.305708,0.316022,0.216015,-0.496491,-0.346619,0.803054,-0.119913,-0.619291,0.0285489
-0.296314,-0.296314,-0.3011180.45444,0.336048,-0.378173,0.351083,0.346054,0.208149,-0.471594,-0.331236,0.434752,-0.156847,-0.448588,0.0327964
-0.319479,-0.319479,-0.3238810.4241,0.380212,-0.195531,0.367532,0.329755,0.205595,-0.413329,-0.32563,0.274532,-0.169793,-0.413329,0.0329991
-0.319188,-0.319188,-0.3195070.427656,0.464753,0.130557,0.382374,0.317481,0.204098,-0.398872,-0.478492,-0.082661,-0.178524,-0.445086,0.0372776
-0.33645,-0.33645,-0.3373670.411241,0.532009,0.236601,0.38428,0.297508,0.205156,-0.415457,-0.507381,-0.278327,-0.177957,-0.449822,0.0339163
-0.300991,-0.300991,-0.3010640.44604,0.621769,0.326313,0.369146,0.322342,0.200729,-0.361672,-0.768781,-0.450361,-0.16828,-0.440587,0.0341741
-0.290747,-0.290747,-0.2913290.456927,0.728274,0.290355,0.366209,0.325357,0.199257,-0.350983,-0.836881,-0.433837,-0.162311,-0.418759,0.0345141
-0.260896,-0.260896,-0.2628440.483289,0.798252,0.200046,0.344256,0.348081,0.198086,-0.326562,-0.855354,-0.41931,-0.147501,-0.380717,0.0352237
-0.255534,-0.255534,-0.2574190.491554,0.823735,0.092987,0.332036,0.387535,0.197758,-0.323705,-0.865011,-0.426866,-0.149774,-0.375424,0.036
-0.248237,-0.248237,-0.2485480.495286,0.804988,-0.142342,0.307754,0.447901,0.192574,-0.319529,-0.80794,0.147674,-0.0749887,-0.415383,0.040746
-0.264403,-0.264403,-0.2639830.479424,0.6098,-0.212528,0.289588,0.450358,0.19813,-0.352603,-0.784064,0.258881,-0.0716465,-0.428785,0.0401436
-0.292838,-0.292838,-0.291850.40633,0.536812,-0.359824,0.303042,0.63225,0.19982,-0.383117,-0.748088,0.378428,-0.101937,-0.462295,0.0419999
-0.278841,-0.278841,-0.2779560.424526,0.488865,-0.433255,0.309372,0.620065,0.203131,-0.361201,-0.736542,0.466675,-0.115348,-0.459291,0.043027
-0.294828,-0.294828,-0.294440.414099,0.5147,-0.631925,0.322867,0.5932,0.203036,-0.36725,-0.546319,0.487661,-0.159416,-0.409125,0.0199893
-0.359174,-0.359174,-0.3590640.360603,0.59255,-0.684464,0.331821,0.520798,0.201561,-0.4281,-0.51203,0.554177,-0.172963,-0.332443,-0.00272919
-0.336888,-0.336888,-0.3363020.387125,0.485068,-0.837381,0.326007,0.498634,0.199816,-0.414199,-0.468578,0.71224,-0.179598,-0.336045,0.00244766
-0.333692,-0.333692,-0.3331640.425052,0.41593,-0.880045,0.315959,0.377057,0.199379,-0.412644,-0.44531,0.828699,-0.17161,-0.34706,0.0059179
-0.341784,-0.341784,-0.3427050.41835,0.18685,-0.955638,0.276573,0.338661,0.196601,-0.414032,-0.311476,0.996969,-0.134281,-0.423028,0.0165329
-0.338117,-0.338117,-0.3397920.410561,0.145634,-1.04567,0.246752,0.350832,0.195513,-0.413246,-0.185554,1.04563,-0.104492,-0.444255,0.0230642
-0.326262,-0.326262,-0.3267510.413766,-0.00407444,-1.10116,0.191113,0.367826,0.195518,-0.39959,-0.0437258,1.12691,-0.0429166,-0.438626,0.0293898
-0.313597,-0.313597,-0.3136330.425367,-0.0639947,-1.09111,0.168103,0.379477,0.195895,-0.390077,-0.00381837,1.15389,-0.00460365,-0.415437,0.0246862
-0.397418,-0.397418,-0.3974270.355213,-0.148101,-1.02424,0.135856,0.355213,0.195493,-0.481322,-0.307943,1.1883,0.052651,-0.481322,0.0248338
-0.389777,-0.389777,-0.3896790.35939,-0.182017,-1.01461,0.144206,0.35939,0.194497,-0.359475,-0.503716,1.15766,0.0476673,-0.359475,0.0204641
-0.348337,-0.348337,-0.3482350.0819169,-0.266623,-0.977856,0.196627,0.0819169,0.193106,-0.310386,-0.574954,1.1175,0.0111513,-0.310386,0.0206223
-0.28197,-0.28197,-0.2821930.112243,-0.310575,-0.881011,0.229505,0.00358897,0.185826,-0.253215,-0.555225,1.04167,-0.0617507,-0.403569,0.0204389
-0.301394,-0.301394,-0.3023970.0831356,-0.260436,-0.640496,0.286847,0.0895285,0.184717,-0.269086,-0.419943,1.05462,-0.0762527,-0.448996,0.0200866
-0.286723,-0.286723,-0.2885440.0973446,-0.224663,-0.530361,0.311563,0.0935566,0.18557,-0.256802,-0.271143,0.928825,-0.0972568,-0.42727,0.0238337
-0.266667,-0.266667,-0.2693320.112915,-0.0256003,-0.302118,0.358556,0.111273,0.183596,-0.190457,-0.259651,0.613862,-0.149589,-0.398865,0.0249933
-0.279712,-0.279712,-0.2826430.0980124,0.16365,-0.242698,0.373244,0.0907983,0.187609,-0.202891,-0.286549,0.492467,-0.170896,-0.396091,0.0254342
-0.302218,-0.302218,-0.3056860.0649396,0.378663,-0.11091,0.38967,0.122735,0.187669,-0.237064,-0.417319,0.296501,-0.198366,-0.392359,0.0233282
-0.295509,-0.295509,-0.2990880.0700785,0.451185,-0.0404711,0.390899,0.139715,0.187997,-0.239444,-0.474442,0.228044,-0.202061,-0.369842,0.0223404
-0.28291,-0.28291,-0.285380.0807029,0.578128,0.0349319,0.380238,0.181222,0.185941,-0.234231,-0.527488,0.0499072,-0.200729,-0.341377,0.0224431
-0.286819,-0.286819,-0.288990.0782811,0.608595,0.0731702,0.368571,0.201292,0.181353,-0.241521,-0.566289,0.0153577,-0.190068,-0.332952,0.0193926
-0.284042,-0.284042,-0.2856640.0866702,0.656802,0.0440883,0.339207,0.217508,0.179568,-0.232675,-0.592515,0.0267259,-0.154182,-0.324282,0.00932294
-0.291215,-0.291215,-0.2929160.0819687,0.679274,-0.0170129,0.317014,0.204961,0.181089,-0.243135,-0.607473,0.00859774,-0.142256,-0.324329,0.00560718
-0.205801,-0.205801,-0.2062980.17505,0.50208,-0.133879,0.286334,0.258721,0.186934,-0.164182,-0.602903,0.0270362,-0.10907,-0.273905,0.0129537
-0.196284,-0.196284,-0.1964730.186258,0.504715,-0.336443,0.271297,0.25247,0.186421,-0.15139,-0.608459,0.185467,-0.0850732,-0.267382,0.0207808
-0.322146,-0.322146,-0.3219380.0731825,0.469194,-0.498603,0.2717,0.124581,0.191135,-0.29338,-0.468186,0.303514,-0.0904716,-0.349257,0.0195426
-0.340933,-0.340933,-0.3406450.0385864,0.474254,-0.357602,0.301269,0.222671,0.18975,-0.321579,-0.454435,0.379591,-0.102376,-0.364515,0.0214567
-0.24294,-0.24294,-0.2429760.137395,0.40417,-0.506186,0.322233,0.305105,0.191308,-0.210564,-0.444063,0.447896,-0.125797,-0.275625,0.0210778
-0.238539,-0.238539,-0.2385520.136901,0.39256,-0.574537,0.330972,0.310108,0.190571,-0.206243,-0.41267,0.494993,-0.152982,-0.270717,0.0212645
-0.262794,-0.262794,-0.2628070.0998188,0.264318,-0.690075,0.335493,0.293906,0.188643,-0.230906,-0.309578,0.582859,-0.169955,-0.300291,0.0222083
-0.283643,-0.283643,-0.2839680.077669,0.242519,-0.750454,0.332102,0.257736,0.193155,-0.252395,-0.311711,0.647869,-0.169065,-0.313894,0.020041
-0.270184,-0.270184,-0.2725490.0907,0.211545,-0.897999,0.304992,0.249099,0.191219,-0.248522,-0.29383,0.811848,-0.153127,-0.305827,0.0212002
-0.262676,-0.262676,-0.2643410.109551,0.201023,-0.999315,0.288505,0.240879,0.190312,-0.242208,-0.240576,0.895284,-0.13163,-0.284095,0.0205032
-0.265363,-0.265363,-0.2705080.104042,0.0804614,-1.07751,0.24096,0.182903,0.190713,-0.249679,-0.198461,1.03997,-0.0846497,-0.286733,0.0213273
-0.290096,-0.290096,-0.2927330.103388,0.0784403,-1.09274,0.216901,0.0697004,0.190619,-0.270165,-0.181839,1.10455,-0.0566063,-0.302437,0.0214536
-0.251448,-0.251448,-0.251310.445934,-0.032563,-1.10605,0.18856,0.445934,0.18741,-0.233527,-0.171559,1.11686,-0.0279455,-0.26175,0.0208835
-0.112576,-0.112576,-0.1163550.0593959,-0.146636,-0.998268,0.150778,0.0593959,0.18492,-0.145714,-0.335443,1.06261,-0.0108182,-0.130325,0.013503
-0.106435,-0.106435,-0.1099290.118697,-0.138232,-0.927519,0.115751,0.118697,0.181385,-0.122628,-0.330252,0.981666,0.000212158,-0.140365,0.0166551
-0.12217,-0.12217,-0.1272820.16005,-0.0628764,-0.956466,0.146082,0.16005,0.187999,-0.131499,-0.412114,1.04103,-0.0124602,-0.165291,0.0115711
-0.16219,-0.16219,-0.1667050.184229,-0.113126,-0.883302,0.234483,0.184229,0.185125,-0.144665,-0.659825,1.0922,-0.0528728,-0.332142,0.00534131
-0.253937,-0.253937,-0.2599170.0636464,-0.0991121,-0.760887,0.2572,-0.0047701,0.181658,-0.240035,-0.622106,1.02183,-0.0742753,-0.411716,0.00393454
-0.276089,-0.276089,-0.2821860.0504832,-0.0741668,-0.657521,0.286183,-0.0230856,0.179049,-0.264964,-0.569487,0.98102,-0.0896046,-0.411998,0.0063392
-0.293551,-0.293551,-0.3028360.0206862,0.0131207,-0.455921,0.338422,-0.0118275,0.175891,-0.207082,-0.268358,0.709414,-0.138358,-0.207082,0.0145988
-0.317067,-0.317067,-0.3256280.0119124,0.124481,-0.371086,0.36043,-0.0229486,0.175184,-0.30136,-0.21822,0.555972,-0.162145,-0.30136,0.020193
-0.330523,-0.330523,-0.338347-0.0211524,0.301135,-0.219243,0.386534,0.00664848,0.182708,-0.404667,-0.217925,0.289063,-0.192862,-0.425139,0.0286244
-0.326721,-0.326721,-0.335175-0.0280886,0.468963,-0.133502,0.394578,0.0565549,0.187543,-0.397738,-0.279131,0.0800472,-0.202475,-0.444082,0.0278023
-0.322014,-0.322014,-0.328659-0.0223612,0.521793,-0.100835,0.38847,0.0497182,0.194408,-0.393749,-0.360892,0.0357,-0.197525,-0.441767,0.0283395
-0.304981,-0.304981,-0.310602-0.00338708,0.508678,-0.0537359,0.381385,0.0634769,0.196242,-0.374123,-0.420435,0.0135922,-0.188682,-0.434153,0.0282436
-0.274266,-0.274266,-0.2774940.0272293,0.539907,0.0173097,0.353882,0.0975899,0.193908,-0.335647,-0.560022,-0.0105015,-0.158005,-0.411808,0.0281397
-0.208976,-0.208976,-0.2103680.135396,0.581363,-0.0814979,0.315358,0.116271,0.191115,-0.27265,-0.595823,0.037048,-0.116792,-0.334191,0.0311354
-0.210087,-0.210087,-0.2117790.122704,0.562444,-0.130305,0.302104,0.130471,0.189767,-0.275173,-0.578804,0.0599782,-0.100995,-0.362025,0.0407134
-0.20287,-0.20287,-0.2045430.115383,0.471152,-0.605779,0.253144,0.118614,0.196757,-0.26482,-0.614139,0.232535,-0.0730183,-0.37503,0.0450051
-0.216442,-0.216442,-0.2174980.103445,0.442814,-0.592762,0.253359,0.095934,0.200352,-0.280354,-0.610413,0.228813,-0.0777057,-0.370856,0.0455774
-0.191205,-0.191205,-0.1914720.138328,0.371296,-0.19352,0.294762,0.113163,0.202408,-0.255116,-0.624094,0.231915,-0.0903953,-0.325852,0.0391649
-0.210994,-0.210994,-0.2109680.0971377,0.388628,-0.311225,0.317575,0.247054,0.208257,-0.275114,-0.62173,0.328672,-0.110284,-0.340691,0.0422073
-0.155741,-0.155741,-0.155870.160846,0.422163,-0.454643,0.34074,0.227746,0.202953,-0.192485,-0.432383,0.29786,-0.131734,-0.284918,0.0444139
-0.149776,-0.149776,-0.1511240.161389,0.456932,-0.487697,0.345142,0.228268,0.199802,-0.191175,-0.463386,0.367573,-0.140958,-0.288452,0.0441484
-0.215108,-0.215108,-0.218220.088631,0.447083,-0.567037,0.34289,0.143016,0.195662,-0.258278,-0.515675,0.507859,-0.142255,-0.354188,0.0412308
-0.181173,-0.181173,-0.1824790.129736,0.394784,-0.62131,0.334823,0.150131,0.196506,-0.228815,-0.504502,0.565651,-0.1367,-0.312346,0.0416264
-0.165274,-0.165274,-0.1665930.147667,0.343883,-0.663233,0.32151,0.139581,0.200829,-0.214951,-0.4714,0.613099,-0.125765,-0.296542,0.0406743
-0.133017,-0.133017,-0.1336970.179577,0.2413,-0.778185,0.290163,0.139705,0.209546,-0.171327,-0.235407,0.646435,-0.0782195,-0.260411,0.0431867
-0.082975,-0.082975,-0.08513840.227854,0.196723,-0.877374,0.249155,0.209833,0.205387,-0.141489,-0.181578,0.780424,-0.022915,-0.222191,0.0432372
-0.0892631,-0.0892631,-0.09123460.223486,0.20597,-0.872447,0.22718,0.212085,0.204727,-0.149674,-0.17917,0.859956,-0.0346476,-0.251754,0.0446721
-0.090895,-0.090895,-0.0923340.224151,0.0698929,-0.866903,0.163945,0.222547,0.2097,-0.695466,-0.212397,-0.0576768,-0.051522,-0.695466,0.0538096
-0.00601925,-0.00601925,-0.005328370.254178,-0.0853591,-0.803791,0.161972,0.254178,0.212817,-0.760112,-0.304554,-0.387958,-0.0531974,-0.760112,0.0555606
-0.000675001,-0.00067501,0.0001095730.306915,-0.100017,-0.804259,0.165113,0.306915,0.215855,-0.976063,-0.333479,-0.457413,-0.0372707,-0.976064,0.0588828
0.0504892,0.0504892,0.05100970.30298,-0.119106,-0.846784,0.1324,0.30298,0.222634,-0.797368,-0.321559,-0.587557,-0.0383943,-0.748156,0.0643593
0.0465715,0.0465714,0.04409160.301305,0.0928014,-0.727689,0.332983,0.301305,0.220433,-0.317138,-0.293503,0.425417,-0.00614354,-0.317138,0.0644006
0.0404275,0.0404275,0.040150.297242,0.181259,-0.654792,0.358843,0.365636,0.229722,-0.321647,-0.327113,0.439124,-0.00683596,-0.301203,0.0667438
0.103974,0.103974,0.1002540.342229,0.323152,-0.436501,0.422651,0.549963,0.251073,0.263945,-0.256067,0.777148,0.0239534,0.263945,0.081316
0.146756,0.146756,0.1471380.395625,0.414136,-0.348543,0.455011,0.605676,0.260086,0.345671,-0.155632,0.629048,0.0126101,0.25296,0.0914128
0.19346,0.19346,0.1940220.462768,0.45171,-0.293642,0.473163,0.564813,0.260726,0.408926,-0.135416,0.573539,0.00222754,0.256323,0.0991563
0.223305,0.223305,0.2249360.502619,0.556139,-0.118783,0.498776,0.552873,0.274363,0.456599,-0.25323,0.472664,-0.00623463,0.257746,0.112899
0.189739,0.189739,0.193890.464698,0.583113,0.0357048,0.53818,0.508001,0.294125,0.425031,-0.308567,0.406557,-0.00104762,0.218733,0.126701
0.212196,0.212196,0.2125490.476653,0.642512,0.108087,0.562409,0.512448,0.302101,0.442806,-0.317055,0.375504,0.00895711,0.250399,0.135076
0.256649,0.256649,0.2584540.532506,0.586915,0.154956,0.571933,0.517407,0.32043,0.463913,-0.244532,0.347433,0.0436824,0.273601,0.158484
0.246923,0.246923,0.248850.514972,0.569982,0.140074,0.57086,0.514974,0.328092,0.457114,-0.211136,0.338474,0.0661583,0.259494,0.168146
0.319562,0.319562,0.3204680.561416,0.573524,0.111466,0.570139,0.580011,0.334437,0.519565,-0.291181,0.347172,0.0948842,0.301847,0.17914
0.286911,0.286911,0.2863940.534131,0.455408,0.0848564,0.554139,0.559055,0.354936,0.484368,-0.318116,0.505873,0.145762,0.281027,0.193713
0.238264,0.238264,0.2469740.478611,0.375075,0.0918585,0.544905,0.526415,0.363551,0.4512,-0.195554,-0.644995,0.140232,0.260355,0.1846
0.168806,0.168806,0.1858040.405991,0.113391,0.0470344,0.532101,0.43778,0.378268,0.33029,-0.488669,-0.40691,0.141487,0.115103,0.194232
0.811866,0.811866,0.8034990.761093,-0.308932,0.0784835,0.581043,0.863991,0.387307,0.811105,-0.372825,0.401707,0.157168,0.555128,0.213609
0.764856,0.764856,0.7585660.734387,-0.472176,0.330712,0.565749,0.825491,0.396976,0.777013,-0.30333,0.45224,0.169212,0.532512,0.215675
0.285681,0.285681,0.3204950.501895,0.1782,0.187691,0.565115,0.509146,0.42346,0.516228,-0.0836548,0.528216,0.195055,0.267338,0.227034
0.211292,0.211292,0.2565370.199323,0.111162,0.25977,0.562956,0.199323,0.389975,0.496321,-0.0406669,0.584562,0.187314,0.225403,0.238789
0.171306,0.171306,0.1838660.155561,0.170596,-0.866289,0.498935,0.155561,0.395392,0.435497,0.0502626,0.676865,0.205307,0.184805,0.255793
0.274452,0.274452,0.2790970.131427,0.260287,-1.05714,0.469551,0.131427,0.393801,0.504493,-0.00583472,0.701936,0.210449,0.276331,0.262724
0.449451,0.449451,0.453267-0.101984,0.254564,-0.961808,0.497402,-0.101984,0.355087,0.736919,0.0201371,0.723469,0.218539,0.391353,0.202271
0.485618,0.485618,0.487408-0.146408,0.180666,-0.985001,0.380799,-0.146408,0.350166,-0.894271,0.0838685,0.6675,0.228842,-0.894271,0.270374
0.523547,0.523547,0.525157-0.114335,0.127014,-0.973573,0.377406,-0.114335,0.344857,-0.76748,0.0809565,0.660726,0.237766,-0.76748,0.265938
0.617583,0.617583,0.618488-0.282421,0.0717467,-1.07111,0.353257,-0.282421,0.30814,0.701546,0.0240754,0.639576,0.260921,0.701546,0.266156
0.605953,0.605953,0.605721-0.399657,-0.854636,-0.493148,0.362268,-0.399657,0.281842,0.787041,-0.00512963,0.640639,0.27993,0.787041,0.274435
0.603151,0.603151,0.600028-0.411318,-0.783329,-0.503962,0.327135,-0.411318,0.281457,0.780344,-0.0123784,0.61399,0.284837,0.780344,0.276859
-0.0756945,-0.0756948,-0.1847790.521514,-0.142855,-0.282443,0.27793,0.521514,0.422498,0.799797,0.0409414,0.576391,0.375822,0.799797,0.317733
-0.131406,-0.131409,-0.2523860.705629,-0.128341,-0.22099,0.286192,0.705629,0.474909,0.803978,0.00259957,0.59416,0.380686,0.803978,0.348018
-0.142658,-0.142661,-0.2554640.689267,-0.120952,-0.20204,0.294462,0.689267,0.462939,0.81286,0.0304581,0.526382,0.382512,0.81286,0.362805
-0.651143,-0.651143,-0.658760.522214,-0.0853642,-0.223869,0.307934,0.522214,0.352433,0.802164,0.0155212,0.643827,0.406133,0.802164,0.402354
-0.732152,-0.732152,-0.7429270.542898,-0.064824,-0.179041,0.36196,0.318752,0.263564,0.737886,-0.066304,0.518049,0.411551,0.737886,0.393495
-0.808701,-0.808701,-0.8179480.636442,-0.0792805,-0.178013,0.385646,0.413601,0.272085,0.65303,0.090994,0.309147,0.401606,0.65303,0.369825
-0.76369,-0.76369,-0.7629440.567343,-0.0797954,-0.188107,0.386896,0.364216,0.284628,0.489747,0.179384,0.30679,0.403992,0.489747,0.334515
-0.426177,-0.426177,-0.386410.548917,-0.0871678,-0.204294,0.406389,0.44216,0.381814,0.270974,0.175106,0.23347,0.451086,0.270974,0.218423
-0.426177,-0.426177,-0.386410.548917,-0.0871678,-0.204294,0.406389,0.44216,0.381814,0.270974,0.175106,0.23347,0.451086,0.270974,0.218423
-0.426177,-0.426177,-0.386410.548917,-0.0871678,-0.204294,0.406389,0.44216,0.381814,0.270974,0.175106,0.23347,0.451086,0.270974,0.218423
-0.426177,-0.426177,-0.386410.548917,-0.0871678,-0.204294,0.406389,0.44216,0.381814,0.270974,0.175106,0.23347,0.451086,0.270974,0.218423
-0.426177,-0.426177,-0.386410.548917,-0.0871678,-0.204294,0.406389,0.44216,0.381814,0.270974,0.175106,0.23347,0.451086,0.270974,0.218423
-0.426177,-0.426177,-0.386410.548917,-0.0871678,-0.204294,0.406389,0.44216,0.381814,0.270974,0.175106,0.23347,0.451086,0.270974,0.218423
-0.426177,-0.426177,-0.386410.548917,-0.0871678,-0.204294,0.406389,0.44216,0.381814,0.270974,0.175106,0.23347,0.451086,0.270974,0.218423
-0.426177,-0.426177,-0.386410.548917,-0.0871678,-0.204294,0.406389,0.44216,0.381814,0.270974,0.175106,0.23347,0.451086,0.270974,0.218423
-0.426177,-0.426177,-0.386410.548917,-0.0871678,-0.204294,0.406389,0.44216,0.381814,0.270974,0.175106,0.23347,0.451086,0.270974,0.218423
-0.426177,-0.426177,-0.386410.548917,-0.0871678,-0.204294,0.406389,0.44216,0.381814,0.270974,0.175106,0.23347,0.451086,0.270974,0.218423
-0.426177,-0.426177,-0.386410.548917,-0.0871678,-0.204294,0.406389,0.44216,0.381814,0.270974,0.175106,0.23347,0.451086,0.270974,0.218423
-0.426177,-0.426177,-0.386410.548917,-0.0871678,-0.204294,0.406389,0.44216,0.381814,0.270974,0.175106,0.23347,0.451086,0.270974,0.218423
-0.426177,-0.426177,-0.386410.548917,-0.0871678,-0.204294,0.406389,0.44216,0.381814,0.270974,0.175106,0.23347,0.451086,0.270974,0.218423
-0.426177,-0.426177,-0.386410.548917,-0.0871678,-0.204294,0.406389,0.44216,0.381814,0.270974,0.175106,0.23347,0.451086,0.270974,0.218423
-0.426177,-0.426177,-0.386410.548917,-0.0871678,-0.204294,0.406389,0.44216,0.381814,0.270974,0.175106,0.23347,0.451086,0.270974,0.218423
