 head     neck    torso    right elbow    right_shoulder_ right hand    
-0.278389,-0.0767381,0.0993419,0.201061,0.68955,0.217426
-0.432906,-0.228,0.110463,0.238513,0.732182,0.204245
-0.399521,-0.195968,0.132413,0.667474,0.777885,0.225802
-0.361963,-0.17035,0.139885,0.429496,0.979189,0.210529
-0.371879,-0.174043,0.135538,0.383065,1.03082,0.206207
-0.277141,-0.0766749,0.118481,0.341403,0.967378,0.203666
-0.274164,-0.0739777,0.156764,0.307466,0.937304,0.199764
-0.184467,0.014284,0.104549,0.321634,0.85492,0.204342
-0.252893,-0.0537109,0.076879,0.271969,0.846206,0.200438
-0.311106,-0.122118,0.0145922,0.382427,0.755312,0.219016
-0.347922,-0.158651,0.0201744,-0.187305,0.767096,0.174577
-0.391806,-0.192492,0.014085,-0.429513,0.731394,0.168748
-0.376416,-0.173545,0.00125111,-0.36777,0.498121,0.17184
-0.369649,-0.172067,-0.0242207,-0.395892,0.356407,0.1723
-0.389284,-0.185273,-0.0270142,-0.453921,0.318192,0.182592
-0.289997,-0.0909425,-0.0990436,-0.5544,0.331317,0.182246
-0.309426,-0.110832,-0.0970776,-0.57288,0.304919,0.182134
-0.292502,-0.114883,-0.107335,-0.593565,0.257523,0.17301
-0.3194,-0.136764,-0.102733,-0.588506,0.271572,0.174153
-0.367676,-0.18701,-0.0885083,-0.529051,0.319991,0.169222
-0.378102,-0.193768,-0.0842423,-0.503515,0.338584,0.169391
-0.365089,-0.181942,-0.0899879,-0.491391,0.329669,0.168712
-0.36007,-0.174362,-0.0860841,-0.497327,0.414729,0.171006
-0.40051,-0.206572,-0.0581122,-0.437074,0.39655,0.171545
-0.441453,-0.243749,-0.0292877,-0.360572,0.375263,0.171684
-0.457161,-0.265278,-0.0245785,-0.278102,0.392507,0.17137
-0.514982,-0.333914,-0.00131806,-0.266688,0.419268,0.174172
-0.509487,-0.330257,-0.00357009,-0.270368,0.368693,0.173657
-0.503207,-0.317836,-2.1595e-05,-0.288668,0.374614,0.171657
-0.533584,-0.344704,0.013832,-0.334515,0.379831,0.169014
-0.513278,-0.321202,0.0109643,-0.3206,0.378976,0.168245
-0.518885,-0.318143,0.0336168,-0.32458,0.437147,0.167952
-0.503643,-0.302125,0.0212798,-0.332255,0.412979,0.167671
-0.524894,-0.313842,0.0534668,-0.309281,0.401571,0.16653
-0.492915,-0.291028,0.0327515,-0.380431,0.399216,0.159965
-0.432999,-0.243355,0.0177329,-0.384754,0.388295,0.161849
-0.41004,-0.227807,-0.0129974,-0.398711,0.361528,0.167932
-0.414374,-0.228815,-0.0307052,-0.41279,0.353712,0.170683
-0.420698,-0.234056,-0.0320464,-0.402106,0.356385,0.170296
-0.398041,-0.212644,-0.0443898,-0.494699,0.351689,0.151282
-0.389992,-0.205186,-0.0458679,-0.398939,0.343177,0.1709
-0.400714,-0.216086,-0.0470988,-0.370136,0.332132,0.173587
-0.366163,-0.184176,-0.069806,-0.44356,0.285234,0.162493
-0.367238,-0.185727,-0.0937472,-0.359771,0.289782,0.17238
-0.374047,-0.190996,-0.0835749,-0.403755,0.307962,0.171345
-0.389822,-0.205524,-0.0634385,-0.410094,0.316201,0.171714
-0.403642,-0.209112,-0.0584177,-0.418855,0.337515,0.169729
-0.457209,-0.26512,-0.0423495,-0.415388,0.354409,0.171355
-0.475683,-0.285032,-0.0328749,-0.409801,0.407991,0.168961
-0.491272,-0.294478,-0.0189243,-0.415409,0.398504,0.168342
-0.496036,-0.285139,0.0133205,-0.40816,0.408829,0.162111
-0.4689,-0.264853,0.00223855,-0.398998,0.390755,0.159232
-0.468046,-0.262478,0.00597316,-0.400066,0.373449,0.156743
-0.468826,-0.270431,0.00196458,-0.415885,0.361451,0.158612
-0.448795,-0.250921,-0.0109041,-0.423995,0.357493,0.159607
-0.448027,-0.25375,-0.0156269,-0.404274,0.314637,0.164528
-0.442887,-0.24957,-0.0149822,-0.384401,0.300028,0.160247
-0.433422,-0.241272,-0.0199924,-0.387397,0.302712,0.160106
-0.420287,-0.232959,-0.0179279,-0.336111,0.327169,0.159499
-0.412329,-0.227618,-0.0129876,-0.338773,0.33698,0.161332
-0.348343,-0.177739,-0.0516765,-0.366895,0.356158,0.166088
-0.379957,-0.205994,-0.0392309,-0.383281,0.373073,0.164882
-0.506633,-0.316644,0.0324578,-0.388768,0.411437,0.159299
-0.496351,-0.292982,0.0368527,-0.368635,0.416876,0.156767
-0.492931,-0.284621,0.0284909,-0.410568,0.436896,0.157848
-0.402102,-0.211406,-0.0437355,-0.439782,0.402431,0.158781
-0.364617,-0.182371,-0.0715657,-0.442437,0.351857,0.161491
-0.34865,-0.167374,-0.0856327,-0.392961,0.301699,0.159157
-0.38198,-0.194711,-0.0669299,-0.343829,0.319498,0.161483
-0.453606,-0.257996,-0.024617,-0.346771,0.335994,0.157737
-0.44256,-0.25085,-0.0413472,-0.337379,0.301475,0.15967
-0.424531,-0.23633,-0.0478261,-0.328438,0.282189,0.160472
-0.436362,-0.250963,-0.0360605,-0.337185,0.302759,0.160986
-0.408011,-0.225576,-0.0416885,-0.341452,0.287237,0.16081
-0.385701,-0.204934,-0.0513057,-0.349985,0.300608,0.161594
-0.397583,-0.215468,-0.0410596,-0.36362,0.343109,0.161432
-0.471165,-0.27649,0.0081731,-0.414941,0.411933,0.15914
-0.493031,-0.290954,0.0320878,-0.343835,0.393796,0.158494
-0.426715,-0.22313,-0.0104314,-0.361243,0.433906,0.159681
-0.408641,-0.206214,-0.0297667,-0.337005,0.466797,0.160915
-0.433376,-0.232246,-0.0188573,-0.348903,0.47864,0.159053
-0.406821,-0.220443,-0.0459656,-0.384803,0.40971,0.160043
-0.481143,-0.317208,-0.0335693,-0.411435,0.392649,0.163786
-0.461387,-0.291543,-0.0363561,-0.432802,0.399438,0.162311
-0.501194,-0.314487,0.00723564,-0.38552,0.407116,0.159858
-0.461111,-0.277161,-0.00793332,-0.367233,0.380487,0.162102
-0.476724,-0.280749,0.0220722,-0.427813,0.431022,0.157456
-0.422358,-0.21712,-0.00599719,-0.406507,0.444543,0.159175
-0.402577,-0.204183,-0.0168791,-0.396698,0.429993,0.159478
-0.407826,-0.213408,-0.0391837,-0.40523,0.405437,0.158351
-0.399833,-0.203293,-0.026754,-0.411944,0.412173,0.159495
-0.394414,-0.197161,-0.0173975,-0.441482,0.41922,0.157968
-0.389196,-0.188418,-0.0083592,-0.429392,0.451867,0.157089
-0.441033,-0.240953,0.0190255,-0.41151,0.460982,0.15839
-0.466537,-0.265244,0.0289336,-0.415205,0.457711,0.15721
-0.499981,-0.297674,0.0451907,-0.417676,0.455329,0.157751
-0.413049,-0.217711,-0.0127021,-0.39239,0.43615,0.158317
-0.399756,-0.208906,-0.0207298,-0.372383,0.422303,0.159245
-0.426924,-0.237565,-0.00857364,-0.392772,0.447243,0.159487
-0.450117,-0.256657,0.0101336,-0.405142,0.46168,0.158503
-0.472378,-0.27697,0.0280002,-0.404122,0.520538,0.159342
-0.446099,-0.25189,0.0103024,-0.449504,0.491461,0.158016
-0.438518,-0.244546,0.00936539,-0.440574,0.474068,0.158172
-0.443055,-0.248759,0.0144588,-0.456308,0.498923,0.157831
-0.446497,-0.25521,0.00338784,-0.406889,0.464553,0.159564
-0.440159,-0.250961,-0.0115054,-0.400329,0.425044,0.156718
-0.44609,-0.255631,-0.0302675,-0.355411,0.368843,0.157605
-0.458555,-0.267192,-0.0242138,-0.375577,0.364162,0.157165
-0.465867,-0.274226,-0.0174543,-0.389649,0.338253,0.157696
-0.45889,-0.265132,-0.00678991,-0.400828,0.354218,0.158082
-0.463599,-0.268902,-0.00613557,-0.401949,0.357219,0.158476
-0.439753,-0.236575,-0.0142662,-0.424888,0.387279,0.158339
-0.427661,-0.225048,-0.0238129,-0.390886,0.375352,0.158058
-0.413229,-0.210789,-0.0242806,-0.375369,0.304549,0.158887
-0.404921,-0.20229,-0.0306632,-0.399829,0.314404,0.154937
-0.413569,-0.211396,-0.031125,-0.398954,0.319781,0.158201
-0.403094,-0.198355,-0.0447938,-0.403768,0.31578,0.160148
-0.389377,-0.183987,-0.0512935,-0.378415,0.302558,0.156694
-0.363706,-0.168287,-0.0702948,-0.387279,0.291352,0.159592
-0.375939,-0.175688,-0.064269,-0.348163,0.310822,0.159715
-0.370828,-0.170229,-0.0565655,-0.374996,0.328254,0.159534
-0.366391,-0.165576,-0.0501229,-0.40452,0.336491,0.156565
-0.379634,-0.177182,-0.0265784,-0.374038,0.325273,0.159092
-0.397677,-0.194826,-0.0184822,-0.383219,0.329694,0.160194
-0.385267,-0.18359,-0.0284525,-0.394476,0.325278,0.159008
-0.438972,-0.237243,-0.00875619,-0.386011,0.321965,0.165685
-0.461858,-0.261011,-0.00212745,-0.402956,0.341014,0.169021
-0.450143,-0.249777,-0.0113779,-0.404095,0.350172,0.181196
-0.510729,-0.316739,-0.0104225,-0.44087,0.434885,0.237327
-0.510157,-0.322847,-0.00778828,-0.498201,0.505125,0.270141
-0.537234,-0.343883,0.0420689,-0.460938,0.561418,0.343914
-0.546432,-0.352691,0.035363,-0.504951,0.623519,0.387785
-0.537024,-0.345154,3.4254e-05,-0.360749,0.644661,0.449051
-0.485122,-0.302011,-0.0424553,-0.247561,0.672703,0.471943
-0.463619,-0.266858,-0.0311862,-0.0268735,0.675885,0.516269
-0.45736,-0.2556,-0.0382564,0.0108052,0.717482,0.534169
-0.434446,-0.241418,-0.044693,0.0898554,0.73386,0.551613
-0.39716,-0.203414,-0.0559465,0.105432,0.698965,0.553357
-0.335704,-0.150221,-0.0892902,0.239378,0.700973,0.568568
-0.298866,-0.118501,-0.105703,0.321747,0.682845,0.568905
-0.364961,-0.176512,-0.072157,0.314897,0.621166,0.564667
-0.384804,-0.197815,-0.0611348,0.327257,0.571812,0.567366
-0.428428,-0.243285,-0.0428272,0.335981,0.554234,0.566931
-0.415222,-0.233355,-0.0455052,0.357218,0.539142,0.569358
-0.418514,-0.239102,-0.0428445,0.329727,0.533322,0.57098
-0.381299,-0.201517,-0.0535541,0.335435,0.525703,0.568563
-0.38895,-0.201925,-0.0322186,0.33152,0.536942,0.567642
-0.364427,-0.181325,-0.0412815,0.360729,0.535869,0.568953
-0.310353,-0.13662,-0.0631334,0.350142,0.518497,0.564187
-0.298189,-0.121308,-0.0625637,0.381393,0.527669,0.565783
-0.305698,-0.128042,-0.0568465,0.397233,0.5207,0.560754
-0.289203,-0.108283,-0.0633187,0.387074,0.517657,0.556325
-0.30669,-0.125707,-0.0661574,0.36598,0.513728,0.544397
-0.3622,-0.171748,-0.0435795,0.386127,0.499498,0.554986
-0.423305,-0.230572,-0.0157193,0.39569,0.485027,0.547123
-0.422456,-0.231001,-0.0107924,0.371649,0.485983,0.548046
-0.416869,-0.231283,-0.018185,0.409358,0.50581,0.550189
-0.41741,-0.239884,-0.0274085,0.353007,0.510119,0.553682
-0.415027,-0.234996,-0.0363627,0.149655,0.503382,0.563183
-0.41827,-0.236211,-0.0257345,-0.0197581,0.499706,0.564165
-0.452051,-0.26384,-0.00752655,-0.351599,0.334746,0.551106
-0.461094,-0.273552,-0.00721528,-0.484309,0.213727,0.539841
-0.49024,-0.300211,-0.00564419,-0.823571,-0.158019,0.506773
-0.536035,-0.341845,0.0120871,-0.790672,-0.326683,0.480269
-0.582945,-0.385769,0.0252051,-1.13406,-0.809693,0.40771
-0.583883,-0.380349,0.0232927,-1.35779,-0.859333,0.341479
-0.619493,-0.415695,0.0326803,-1.45433,-1.10388,0.260315
-0.591518,-0.374793,0.0217932,-1.48592,-1.17917,0.20983
-0.601773,-0.400631,0.00531796,-1.43812,-1.47684,0.141158
-0.623924,-0.430278,-0.010585,-1.39618,-1.57035,0.0943665
-0.573284,-0.386146,-0.0448202,-1.38856,-1.56056,0.0788413
-0.655929,-0.464358,-0.0246653,-1.41656,-1.5938,0.0518794
-0.652606,-0.440258,-0.0074145,-1.3996,-1.61784,0.0388239
-0.650584,-0.43135,0.0077692,0.26611,-1.59621,0.155401
-0.66777,-0.432889,0.0463777,-0.40746,0.405949,0.157668
-0.678189,-0.443604,0.0558746,-0.404352,0.401148,0.156563
-0.669779,-0.443222,0.0385028,-0.393219,0.313321,0.156573
-0.672574,-0.447929,0.0353425,-0.381786,0.333398,0.157072
-0.673403,-0.455289,0.0254326,-0.38424,0.349875,0.159293
-0.661521,-0.445465,0.0166804,-0.393902,0.335032,0.158656
-0.64247,-0.423348,9.89014e-05,-0.39234,0.322705,0.16047
-0.611914,-0.391858,-0.0204618,-0.379237,0.319998,0.160645
-0.617906,-0.398349,-0.0212848,-0.362507,0.301549,0.160506
-0.632591,-0.413824,-0.0202149,-0.361972,0.290185,0.15701
-0.655726,-0.435885,0.00533362,-0.345722,0.286808,0.159128
-0.693132,-0.470438,0.0400884,-0.352957,0.273053,0.157286
-0.678429,-0.456792,0.0332761,-0.342681,0.260206,0.155622
-0.568041,-0.346017,-0.0429239,-0.283229,0.190067,0.15582
-0.592406,-0.36064,-0.0356284,-0.333911,0.204613,0.157693
-0.694588,-0.478437,0.00714298,-0.320311,0.203131,0.160598
-0.665942,-0.443883,-0.014976,-0.308403,0.181903,0.155494
-0.667252,-0.447491,-0.0207378,-0.309174,0.19269,0.158884
-0.689724,-0.469423,-0.017271,-0.315023,0.197399,0.158448
-0.685931,-0.462925,-0.0191069,-0.299336,0.198677,0.158609
-0.742125,-0.518368,-0.000606475,-0.365928,0.231594,0.1429
-0.739336,-0.514668,-0.00260738,-0.2661,0.213108,0.158131
-0.728731,-0.505766,-0.0118765,-0.420745,0.387482,0.153607
-0.707013,-0.48174,-0.0161086,-0.372421,0.307361,0.159037
-0.692131,-0.467166,-0.0223894,-0.335541,0.261524,0.157556
-0.642995,-0.417647,-0.0569123,-0.364564,0.189213,0.15425
-0.624435,-0.399005,-0.0562161,-0.324269,0.185232,0.157188
-0.605245,-0.379043,-0.0704981,-0.324095,0.155033,0.157339
-0.614899,-0.386627,-0.0490453,-0.301368,0.173686,0.156943
-0.619696,-0.393435,-0.0449734,-0.29778,0.19675,0.157156
-0.593041,-0.367846,-0.0437358,-0.354504,0.221146,0.155929
-0.58624,-0.360826,-0.0469487,0.111501,-0.624504,0.153239
-0.552395,-0.334081,-0.0653863,0.0299455,-0.303493,0.154718
-0.551037,-0.381745,-0.097951,-1.49681,-1.1226,0.0935307
-0.511199,-0.339765,-0.112102,-1.48015,-1.32467,0.0985652
-0.523554,-0.338867,-0.0881413,-1.46919,-1.37987,0.102416
-0.519387,-0.334235,-0.0853975,-1.463,-1.41114,0.102239
-0.515131,-0.328493,-0.0880215,-1.45766,-1.44258,0.107811
-0.464859,-0.280193,-0.100996,-1.44211,-1.52165,0.106753
-0.565773,-0.376337,-0.0465717,-1.43498,-1.56096,0.109727
-0.558115,-0.372858,-0.0530136,-1.42758,-1.56797,0.116563
-0.597862,-0.419532,-0.0404144,-1.39181,-1.57234,0.0979895
-0.590318,-0.403849,-0.0487405,-1.42484,-1.58719,0.120258
-0.580541,-0.395135,-0.0531716,-1.42654,-1.59057,0.11941
-0.556689,-0.372767,-0.0496929,-1.42571,-1.58992,0.117059
-0.546404,-0.361953,-0.0542976,-1.42198,-1.58794,0.117025
-0.527505,-0.348035,-0.0731349,-1.42257,-1.59071,0.119722
-0.561029,-0.393956,-0.0656005,-1.43534,-1.52477,0.118519
-0.499689,-0.325818,-0.0989428,-1.40819,-1.55648,0.0955444
-0.566222,-0.388754,-0.0686413,-1.41057,-1.53019,0.124385
-0.538321,-0.360107,-0.0756111,-1.40495,-1.55989,0.122634
-0.521321,-0.334006,-0.0742048,-1.39631,-1.59931,0.123373
-0.584165,-0.418588,-0.0756093,-1.38217,-1.56311,0.124364
-0.589041,-0.416626,-0.072311,-1.37448,-1.58482,0.120949
-0.595683,-0.413296,-0.0619184,-1.37307,-1.59699,0.121342
-0.610417,-0.428662,-0.052552,-1.36773,-1.59389,0.124308
-0.639326,-0.456657,-0.0421246,-1.36804,-1.59162,0.122961
-0.640589,-0.455354,-0.0387125,-1.41684,-1.28511,0.123232
-0.504138,-0.328692,-0.109152,-1.39352,-1.52582,0.1296
-0.413362,-0.240672,-0.14571,-1.38562,-1.56995,0.130182
-0.383266,-0.227867,-0.171722,-1.37435,-1.57035,0.129458
-0.386668,-0.226481,-0.186023,-1.37406,-1.57476,0.0994137
-0.433949,-0.264153,-0.162442,-1.38089,-1.59042,0.126933
-0.55943,-0.378032,-0.0950248,-1.37822,-1.57807,0.128146
-0.567968,-0.379315,-0.084152,-1.39227,-1.58958,0.125483
-0.574532,-0.385277,-0.0764398,-1.38277,-1.58924,0.0956351
-0.590982,-0.396851,-0.0765078,-1.39074,-1.58692,0.124697
-0.576838,-0.382166,-0.0824364,-1.38877,-1.59241,0.124957
-0.669948,-0.481191,-0.036135,-1.38487,-1.59555,0.121615
-0.623662,-0.433896,-0.0579415,-1.37637,-1.59181,0.0941506
-0.637463,-0.464827,-0.0668354,-1.38421,-1.56726,0.127019
-0.686196,-0.515911,-0.0537036,-1.37348,-1.56472,0.131067
-0.664582,-0.497717,-0.0689494,-1.37994,-1.51315,0.147253
-0.659853,-0.496127,-0.0692146,-1.38882,-1.41192,0.160537
-0.588608,-0.422528,-0.0873428,-1.45743,-1.23956,0.207493
-0.557335,-0.388849,-0.09595,-1.42448,-1.25413,0.237259
-0.534741,-0.358333,-0.0982955,-1.33548,-1.04125,0.317082
-0.542221,-0.363751,-0.0975546,-1.22638,-0.996287,0.35297
-0.652632,-0.46797,-0.0556525,-0.792348,-0.844733,0.440052
-0.631481,-0.445739,-0.0686,-0.683214,-0.601155,0.482574
-0.514329,-0.345613,-0.101959,-0.308437,-0.308636,0.541071
-0.520609,-0.351525,-0.0879057,-0.157556,-0.173829,0.547755
-0.48541,-0.306506,-0.107487,0.0930368,-0.0207772,0.569883
-0.491773,-0.308966,-0.0978939,0.179619,0.124852,0.581104
-0.423254,-0.239016,-0.115214,0.239265,0.227104,0.5805
-0.423625,-0.239875,-0.105404,0.266459,0.369131,0.583039
-0.389471,-0.204618,-0.110791,0.34865,0.423059,0.575075
-0.400579,-0.215707,-0.0972151,0.338386,0.482491,0.574182
-0.338227,-0.154572,-0.124776,0.299017,0.4557,0.571087
-0.433946,-0.242719,-0.124963,0.451045,0.362556,0.591482
-0.61667,-0.427499,-0.100108,0.173776,0.0183235,0.558652
-0.642959,-0.450388,-0.129783,0.11815,-0.057512,0.515704
-0.635137,-0.439898,-0.131805,0.0501003,-0.118193,0.428422
-0.60849,-0.412159,-0.116484,0.034305,-0.123512,0.390087
-0.612693,-0.416326,-0.120644,0.0197777,-0.122737,0.324793
-0.610262,-0.414439,-0.119539,0.0203902,-0.118027,0.297075
-0.613966,-0.418868,-0.120854,0.0315057,-0.107166,0.253541
-0.615508,-0.420625,-0.121916,0.0392703,-0.102504,0.235546
-0.61022,-0.414707,-0.123497,0.0561534,-0.095893,0.206887
-0.610494,-0.414578,-0.12577,0.0641349,-0.0940854,0.195084
-0.600008,-0.403898,-0.118401,0.0826421,-0.0883593,0.174089
-0.603213,-0.407237,-0.124287,0.0906679,-0.0867999,0.165597
-0.609396,-0.412179,-0.122121,0.104778,-0.0850287,0.150685
-0.618553,-0.42222,-0.126378,0.111846,-0.0838737,0.145507
-0.641571,-0.445156,-0.138812,0.117145,-0.0839381,0.139307
-0.650124,-0.453916,-0.14881,0.129926,-0.0809658,0.129809
-0.658869,-0.462391,-0.153938,0.139396,-0.079986,0.121971
-0.664078,-0.467503,-0.153626,0.144154,-0.0790381,0.119181
-0.665254,-0.468679,-0.157489,0.151648,-0.0782241,0.115071
-0.661526,-0.465059,-0.155234,0.153248,-0.0795574,0.113628
-0.643884,-0.447004,-0.143027,0.157629,-0.0802307,0.110336
-0.605058,-0.40775,-0.118607,0.163607,-0.0764033,0.107708
-0.615975,-0.418834,-0.129408,0.164897,-0.0789475,0.107192
-0.608483,-0.411958,-0.125289,0.166726,-0.0787319,0.106153
-0.607394,-0.410697,-0.127746,0.170881,-0.0773624,0.104342
-0.605882,-0.409381,-0.12811,0.172222,-0.0772242,0.103847
-0.645196,-0.44851,-0.148868,0.172389,-0.0790967,0.102047
-0.629152,-0.432165,-0.128532,0.177964,-0.0743825,0.0996782
-0.609936,-0.412674,-0.11722,0.182496,-0.0713858,0.0994921
-0.613183,-0.415502,-0.123646,0.236863,-0.12748,0.326405
-0.630302,-0.433702,-0.140874,0.202038,0.0600722,0.5512
-0.61836,-0.421968,-0.135692,0.245971,0.160758,0.59623
-0.611163,-0.414624,-0.134972,0.277213,0.298593,0.618836
-0.618854,-0.422504,-0.132953,0.323164,0.428499,0.622458
-0.619581,-0.422999,-0.136237,0.255912,0.404892,0.621307
-0.615743,-0.41936,-0.137694,0.224773,0.395355,0.619572
-0.614206,-0.418093,-0.12999,0.214345,0.381083,0.621449
-0.625648,-0.429463,-0.135807,0.218653,0.366715,0.620259
-0.617349,-0.421369,-0.134507,0.172742,0.349157,0.615437
-0.613748,-0.418136,-0.133615,0.137351,0.349788,0.60855
-0.615285,-0.419436,-0.131644,0.137941,0.33975,0.609765
-0.608502,-0.412489,-0.128325,0.110626,0.338652,0.608419
-0.620429,-0.424171,-0.135395,0.120667,0.333995,0.60908
-0.612481,-0.416014,-0.125093,0.106359,0.349631,0.608577
-0.612083,-0.415332,-0.120464,0.105848,0.345686,0.607336
-0.607229,-0.410193,-0.118328,0.0997216,0.351391,0.606817
-0.629831,-0.432335,-0.125468,0.120098,0.339022,0.607826
-0.643174,-0.44577,-0.136143,0.112258,0.333453,0.60742
-0.649356,-0.452996,-0.139805,0.103413,0.330607,0.605904
-0.648422,-0.452241,-0.139299,0.0893099,0.325437,0.603985
-0.650632,-0.45407,-0.143897,0.0934506,0.323605,0.60366
-0.66116,-0.465052,-0.158769,0.0895017,0.325278,0.602463
-0.653252,-0.456275,-0.151331,0.0556329,0.321829,0.601058
-0.629133,-0.432372,-0.1424,0.0514357,0.326044,0.600504
-0.629819,-0.432979,-0.136897,0.0585979,0.338818,0.600284
-0.636793,-0.439233,-0.140385,0.0590768,0.330195,0.600081
-0.641885,-0.444774,-0.139907,0.0586734,0.334166,0.600887
-0.625842,-0.42824,-0.131785,0.0401923,0.334479,0.600287
-0.603274,-0.405533,-0.12136,0.065859,0.35259,0.602659
-0.604725,-0.407025,-0.123827,0.0865506,0.342022,0.603583
-0.602319,-0.405181,-0.121447,0.0879753,0.340249,0.601258
-0.599598,-0.402194,-0.116129,0.101906,0.342859,0.599861
-0.602525,-0.405415,-0.122166,0.0945221,0.351709,0.596255
-0.60005,-0.402844,-0.120105,0.104857,0.349802,0.595949
-0.613177,-0.414819,-0.129971,0.0975338,0.353628,0.593471
-0.610778,-0.412898,-0.128516,0.0870731,0.363634,0.592941
-0.609442,-0.411776,-0.128986,0.0999414,0.359395,0.59503
-0.608579,-0.410742,-0.125368,0.0990102,0.360441,0.595112
-0.607678,-0.410524,-0.125383,0.10755,0.358454,0.595311
-0.605443,-0.407899,-0.125878,0.115622,0.357034,0.595578
-0.615251,-0.417671,-0.130983,0.113682,0.342731,0.59527
-0.636507,-0.438322,-0.140045,0.110302,0.335649,0.595164
-0.597702,-0.399508,-0.122669,0.103336,0.367648,0.595442
-0.586336,-0.387736,-0.110265,0.112472,0.371929,0.595833
-0.593279,-0.394174,-0.11695,0.113672,0.361644,0.596592
-0.604396,-0.405742,-0.125208,0.113119,0.354533,0.597031
-0.58203,-0.384422,-0.117408,0.11717,0.366179,0.597912
-0.587289,-0.389545,-0.124523,0.101496,0.382134,0.597822
-0.610212,-0.412707,-0.127356,0.103746,0.360708,0.598041
-0.605623,-0.408462,-0.125794,0.107526,0.369625,0.598684
-0.612444,-0.414877,-0.124306,0.103523,0.363943,0.598474
-0.616382,-0.41903,-0.126978,0.115989,0.359357,0.599123
-0.58346,-0.386181,-0.108472,0.117099,0.376022,0.599554
-0.574243,-0.376364,-0.101394,0.11418,0.37738,0.59943
-0.582054,-0.38428,-0.10636,0.112269,0.367585,0.599967
-0.607232,-0.409414,-0.119242,0.127366,0.360401,0.600711
-0.599917,-0.403237,-0.113466,0.121042,0.361324,0.601043
-0.592224,-0.394395,-0.110992,0.114583,0.359216,0.600599
-0.605313,-0.407202,-0.115789,0.103352,0.352973,0.59945
-0.587712,-0.389481,-0.107635,0.0917932,0.360152,0.59866
-0.595597,-0.39778,-0.113743,0.0847158,0.354598,0.598035
-0.589955,-0.391898,-0.112209,0.0952828,0.35607,0.597824
-0.60385,-0.406166,-0.12088,0.101171,0.345506,0.597234
-0.60682,-0.409472,-0.121127,0.109608,0.343477,0.597454
-0.610549,-0.413124,-0.124801,0.110029,0.340675,0.596306
-0.608956,-0.41184,-0.124088,0.114079,0.340256,0.596221
-0.592738,-0.395992,-0.120273,0.132787,0.349729,0.597079
-0.58462,-0.3867,-0.114031,0.130404,0.356268,0.597243
-0.584596,-0.386882,-0.120839,0.130832,0.35544,0.59698
-0.578402,-0.380174,-0.115301,0.140439,0.347352,0.597609
-0.597586,-0.399636,-0.119507,0.139922,0.340293,0.598059
-0.626968,-0.429061,-0.134397,0.126515,0.327933,0.59672
-0.61548,-0.417213,-0.132483,0.119441,0.33658,0.596207
-0.634649,-0.436569,-0.13994,0.125219,0.325216,0.596516
-0.613964,-0.416292,-0.132651,0.110677,0.333831,0.595817
-0.611791,-0.414421,-0.130392,0.112782,0.341531,0.595714
-0.648985,-0.451837,-0.150215,0.11849,0.330132,0.596036
-0.634055,-0.436911,-0.145496,0.116495,0.328507,0.595821
-0.617379,-0.419682,-0.135539,0.117415,0.341244,0.596228
-0.593442,-0.396134,-0.127082,0.107789,0.346544,0.596965
-0.592773,-0.394666,-0.118007,0.0802028,0.331358,0.594204
-0.578808,-0.381191,-0.110731,0.0729802,0.316228,0.59543
-0.565798,-0.368415,-0.104833,0.00338001,0.229759,0.590917
-0.566808,-0.368998,-0.102252,-0.0546792,0.15479,0.584151
-0.618518,-0.421215,-0.132743,-0.294177,-0.0893097,0.559682
-0.645058,-0.447922,-0.153943,-0.431458,-0.230741,0.544264
-0.668674,-0.470648,-0.16129,-0.713638,-0.543204,0.502074
-0.685934,-0.488153,-0.163167,-0.874851,-0.701596,0.469397
-0.659233,-0.461065,-0.137475,-1.22196,-0.903234,0.388197
-0.679876,-0.481915,-0.147963,-1.35924,-0.987879,0.343365
-0.684474,-0.486812,-0.153365,-1.45028,-1.26556,0.265007
-0.699883,-0.5022,-0.16327,-1.45116,-1.37782,0.233486
-0.692258,-0.495149,-0.169195,-1.44409,-1.49285,0.190051
-0.706986,-0.508035,-0.179039,-1.43392,-1.53857,0.176044
-0.694473,-0.495751,-0.174103,-1.42581,-1.57823,0.155675
-0.685196,-0.487206,-0.171104,-1.41831,-1.58542,0.150917
-0.722263,-0.525495,-0.194575,-1.41242,-1.58938,0.140325
-0.714339,-0.516272,-0.190866,-1.41142,-1.59621,0.136323
-0.684098,-0.486451,-0.172927,-1.40956,-1.59471,0.130782
-0.68164,-0.484043,-0.167645,-1.40604,-1.5963,0.127436
-0.680015,-0.481454,-0.164442,-1.41121,-1.59665,0.125951
-0.677156,-0.480251,-0.163928,-1.4126,-1.6024,0.122572
-0.666543,-0.470328,-0.163354,-1.41337,-1.60426,0.118472
-0.634288,-0.43763,-0.144525,-1.41417,-1.60267,0.114807
-0.648019,-0.451304,-0.145992,-1.41266,-1.6032,0.111447
-0.663073,-0.465436,-0.157674,-1.41307,-1.60519,0.110239
-0.631223,-0.434649,-0.137595,-1.41332,-1.59688,0.110436
-0.611667,-0.414767,-0.125945,-1.41304,-1.59817,0.110372
-0.638347,-0.441927,-0.141822,-1.41419,-1.60277,0.110897
-0.645852,-0.449854,-0.148377,-1.41467,-1.60323,0.111515
-0.649031,-0.452404,-0.148321,-1.41538,-1.60681,0.111104
-0.66711,-0.469932,-0.158463,-1.41667,-1.60739,0.110537
-0.642608,-0.446449,-0.147091,-1.41692,-1.61246,0.108849
-0.663318,-0.467386,-0.160694,-1.41647,-1.61013,0.108236
-0.668274,-0.471414,-0.16886,-1.41741,-1.62062,0.106822
-0.666956,-0.469822,-0.168185,-1.41683,-1.61951,0.108456
-0.649214,-0.451838,-0.158061,-1.41867,-1.61426,0.107809
-0.637183,-0.43995,-0.151091,-1.41929,-1.6125,0.107309
-0.664217,-0.467127,-0.16118,-1.41797,-1.60428,0.110201
-0.668963,-0.472282,-0.165293,-1.41855,-1.60426,0.109618
-0.687747,-0.490034,-0.170909,-1.41893,-1.60457,0.108698
-0.678977,-0.481197,-0.172577,-1.41915,-1.60875,0.109232
-0.689811,-0.492807,-0.176384,-1.41766,-1.60554,0.110881
-0.714017,-0.515698,-0.191688,-1.41717,-1.60444,0.111228
-0.67955,-0.482244,-0.171031,-1.41623,-1.60483,0.111526
-0.655297,-0.457605,-0.162269,-1.41818,-1.60121,0.112511
-0.706102,-0.508962,-0.190064,-1.41909,-1.61045,0.111941
-0.704752,-0.506615,-0.195918,-1.42006,-1.6156,0.112587
-0.677094,-0.480169,-0.175992,-1.41945,-1.60789,0.115423
-0.695548,-0.498419,-0.188567,-1.42131,-1.60785,0.114584
-0.689671,-0.492179,-0.187224,-1.42236,-1.60643,0.115153
-0.69934,-0.501489,-0.193902,-1.42238,-1.60842,0.113977
-0.713923,-0.516945,-0.19946,-1.42375,-1.60364,0.113734
-0.716314,-0.51946,-0.197357,-1.42319,-1.60449,0.112571
-0.706611,-0.510143,-0.192117,-1.42314,-1.59954,0.113368
-0.701825,-0.505494,-0.192383,-1.42281,-1.60052,0.11397
-0.672157,-0.476117,-0.179637,-1.42194,-1.59691,0.113937
-0.66062,-0.464453,-0.169606,-1.42214,-1.59374,0.112514
-0.671825,-0.475842,-0.170188,-1.42123,-1.59571,0.112619
-0.656321,-0.460656,-0.161358,-1.42167,-1.5924,0.113288
-0.66052,-0.463702,-0.165346,-1.42335,-1.60189,0.118181
-0.677802,-0.481744,-0.172474,-1.42363,-1.59935,0.123708
-0.675114,-0.478516,-0.166464,-1.41873,-1.56808,0.147707
-0.670907,-0.474382,-0.161886,-1.42064,-1.52959,0.16632
-0.669085,-0.47268,-0.156187,-1.4188,-1.42086,0.216194
-0.675431,-0.478882,-0.152616,-1.4112,-1.34031,0.24818
-0.672827,-0.475156,-0.14895,-1.36277,-1.28063,0.288419
-0.653511,-0.455655,-0.135041,-1.14312,-1.15561,0.381404
-0.684156,-0.487059,-0.149926,-0.86198,-0.881244,0.462326
-0.688551,-0.491815,-0.155631,-0.717169,-0.730934,0.498536
-0.645223,-0.448181,-0.127085,-0.570782,-0.567195,0.526899
-0.586298,-0.388709,-0.0951309,-0.281654,-0.270057,0.576417
-0.582329,-0.384767,-0.0950329,-0.149918,-0.128554,0.589774
-0.623659,-0.426841,-0.116978,0.0399696,0.0784294,0.60866
-0.649013,-0.452266,-0.129983,0.168644,0.228529,0.618011
-0.644664,-0.447366,-0.132139,0.198029,0.269431,0.62004
-0.606608,-0.410034,-0.116018,0.274399,0.345878,0.622198
-0.631757,-0.434052,-0.122928,0.298469,0.354233,0.624368
-0.641063,-0.444486,-0.132971,0.299454,0.385051,0.622419
-0.651343,-0.45463,-0.137287,0.32043,0.386427,0.625491
-0.612424,-0.415389,-0.108379,0.305775,0.394241,0.624618
-0.609424,-0.41341,-0.106611,0.304701,0.392979,0.62487
-0.637976,-0.441825,-0.120251,0.293389,0.38482,0.619625
-0.621696,-0.424315,-0.114045,0.301447,0.37033,0.622516
-0.620266,-0.422972,-0.113925,0.279355,0.358754,0.623665
-0.630186,-0.433907,-0.122357,0.284054,0.365245,0.625565
-0.60671,-0.409109,-0.10419,0.28799,0.371361,0.627161
-0.638251,-0.441586,-0.119991,0.283547,0.359602,0.626459
-0.611614,-0.415549,-0.106207,0.288539,0.372527,0.626596
-0.596726,-0.399128,-0.107655,0.265796,0.377275,0.625884
-0.58819,-0.391147,-0.102187,0.259549,0.384904,0.625598
-0.596777,-0.39905,-0.10162,0.262216,0.364438,0.625567
-0.601701,-0.404236,-0.108077,0.259085,0.357871,0.624986
-0.651332,-0.454585,-0.139669,0.249482,0.340748,0.624071
-0.619766,-0.422615,-0.124121,0.247428,0.351369,0.623754
-0.627719,-0.431893,-0.122404,0.246305,0.344782,0.624123
-0.630688,-0.433847,-0.122964,0.257865,0.338561,0.623884
-0.646659,-0.449713,-0.128092,0.24653,0.336729,0.623742
-0.614063,-0.417636,-0.108633,0.235304,0.344932,0.622916
-0.632037,-0.434332,-0.110836,0.231091,0.335482,0.621927
-0.644632,-0.447176,-0.117448,0.220599,0.332012,0.621122
-0.651707,-0.454431,-0.128654,0.215291,0.324364,0.62057
-0.644853,-0.448456,-0.124503,0.21762,0.31753,0.619976
-0.638969,-0.44221,-0.119636,0.206067,0.320078,0.619908
-0.641815,-0.445312,-0.119169,0.204852,0.317839,0.620103
-0.644221,-0.447021,-0.120078,0.202222,0.313165,0.619753
-0.663709,-0.467182,-0.134419,0.19467,0.307348,0.619853
-0.639618,-0.443,-0.123966,0.184849,0.318465,0.619484
-0.631405,-0.43545,-0.1261,0.179742,0.326693,0.619312
-0.635837,-0.439565,-0.124314,0.173517,0.325882,0.61879
-0.663852,-0.467444,-0.143823,0.173732,0.312983,0.618489
-0.670414,-0.473858,-0.147047,0.167377,0.308284,0.617821
-0.654514,-0.458322,-0.142331,0.162236,0.30931,0.617732
-0.637062,-0.441153,-0.132529,0.164123,0.316504,0.617974
-0.651011,-0.454517,-0.14175,0.154916,0.308032,0.616886
-0.642999,-0.447109,-0.137922,0.158891,0.318895,0.61754
-0.646666,-0.450723,-0.142312,0.147769,0.294344,0.616754
-0.638115,-0.442623,-0.140083,0.149527,0.298723,0.61668
-0.624534,-0.429427,-0.12751,0.142625,0.303415,0.616064
-0.627158,-0.430997,-0.125962,0.143576,0.30904,0.61607
-0.643104,-0.447201,-0.131749,0.141003,0.304338,0.615965
-0.622904,-0.426089,-0.127157,0.150895,0.287543,0.615997
-0.625621,-0.429281,-0.12846,0.152286,0.287258,0.615967
-0.621881,-0.425549,-0.129748,0.140988,0.294542,0.615411
-0.631771,-0.435523,-0.136496,0.151959,0.274698,0.614794
-0.624909,-0.428874,-0.129839,0.168712,0.253636,0.614191
-0.620277,-0.423935,-0.12206,0.125511,0.16755,0.608994
-0.636808,-0.441026,-0.123456,0.0512477,0.0979599,0.604983
-0.650814,-0.454825,-0.131103,-0.242212,-0.0839982,0.580987
-0.645037,-0.44861,-0.126668,-0.424742,-0.199677,0.55845
-0.637516,-0.440948,-0.122948,-0.786863,-0.498396,0.492621
-0.635932,-0.439082,-0.117445,-0.956613,-0.642211,0.453161
-0.686067,-0.489098,-0.140121,-1.156,-0.745846,0.408067
-0.717581,-0.52002,-0.152868,-1.37614,-1.07927,0.320666
-0.716665,-0.519851,-0.151393,-1.43652,-1.30193,0.244349
-0.712509,-0.515927,-0.150149,-1.43561,-1.38759,0.21405
-0.709384,-0.511086,-0.150828,-1.43051,-1.4465,0.190531
-0.70788,-0.510748,-0.160958,-1.42537,-1.51688,0.155005
-0.701237,-0.503408,-0.156314,-1.42241,-1.54165,0.142745
-0.683329,-0.484413,-0.149516,-1.41511,-1.57275,0.129488
-0.677204,-0.478569,-0.146516,-1.41068,-1.58008,0.124393
-0.669287,-0.470042,-0.140786,-1.4084,-1.58337,0.119557
-0.665585,-0.466522,-0.138116,-1.40751,-1.5807,0.118982
-0.662421,-0.463844,-0.136978,-1.4096,-1.58019,0.117183
-0.663763,-0.464437,-0.135115,-1.41133,-1.58406,0.115505
-0.641616,-0.443377,-0.123234,-1.4132,-1.58285,0.115605
-0.658032,-0.458482,-0.136034,-1.41528,-1.58978,0.116035
-0.659975,-0.461336,-0.137162,-1.41598,-1.59073,0.11618
-0.658498,-0.459882,-0.135725,-1.41726,-1.5866,0.116324
-0.656105,-0.457614,-0.133815,-1.41695,-1.58473,0.116209
-0.660057,-0.461979,-0.137076,-1.41733,-1.58274,0.116282
-0.664643,-0.467041,-0.137741,-1.41734,-1.57888,0.116298
-0.660065,-0.462474,-0.136258,-1.418,-1.57747,0.116296
-0.66268,-0.46558,-0.132991,-1.41823,-1.57117,0.115838
-0.664554,-0.466004,-0.131712,-1.41782,-1.56931,0.115571
-0.683267,-0.483756,-0.145158,-1.41846,-1.5707,0.116179
-0.674929,-0.475085,-0.141554,-1.41844,-1.58194,0.116208
-0.665644,-0.467649,-0.135023,-1.41937,-1.57728,0.116614
-0.659624,-0.461754,-0.135034,-1.41957,-1.57383,0.116665
-0.657566,-0.459647,-0.129701,-1.41996,-1.5675,0.116726
-0.655601,-0.457053,-0.127261,-1.42095,-1.56291,0.117126
-0.658679,-0.460198,-0.127109,-1.42092,-1.56035,0.117069
-0.649398,-0.451524,-0.122831,-1.42094,-1.55705,0.117278
-0.655002,-0.456199,-0.130339,-1.42192,-1.5742,0.117434
-0.648145,-0.450097,-0.126267,-1.42194,-1.56755,0.118176
-0.644568,-0.446582,-0.116783,-1.42228,-1.54677,0.120975
-0.641918,-0.442905,-0.113748,-1.42228,-1.54239,0.121206
-0.659841,-0.460772,-0.123633,-1.42282,-1.54789,0.121428
-0.644157,-0.445526,-0.120844,-1.42294,-1.56128,0.120684
-0.636677,-0.438445,-0.117226,-1.4226,-1.55381,0.121185
-0.629446,-0.432103,-0.11637,-1.42089,-1.55492,0.120922
-0.627674,-0.429455,-0.11016,-1.42015,-1.54132,0.120746
-0.624484,-0.426342,-0.107592,-1.42105,-1.5358,0.120273
-0.617454,-0.419463,-0.102154,-1.42267,-1.52649,0.121461
-0.62525,-0.425789,-0.101079,-1.42336,-1.52565,0.120834
-0.624999,-0.426507,-0.100776,-1.42348,-1.52538,0.121796
-0.618655,-0.420327,-0.0954435,-1.42335,-1.5222,0.121978
-0.620745,-0.422674,-0.0971745,-1.42267,-1.52566,0.120444
-0.621544,-0.423595,-0.0980209,-1.42302,-1.52327,0.121357
-0.62821,-0.429259,-0.100275,-1.42314,-1.52525,0.12156
-0.617338,-0.418559,-0.096095,-1.42278,-1.51665,0.122338
-0.618698,-0.419938,-0.0966897,-1.42493,-1.50997,0.123412
-0.610694,-0.412355,-0.0924929,-1.42548,-1.50701,0.12374
-0.608644,-0.411039,-0.0915916,-1.42453,-1.5236,0.123787
-0.609119,-0.411355,-0.0931774,-1.42582,-1.51881,0.124431
-0.605294,-0.407679,-0.0902329,-1.42523,-1.51785,0.125188
-0.60468,-0.406593,-0.0896025,-1.42372,-1.52976,0.12689
-0.6304,-0.432419,-0.107744,-1.4245,-1.52965,0.127443
-0.609942,-0.410813,-0.0894048,-1.42527,-1.51289,0.128788
-0.610174,-0.410359,-0.0909059,-1.42457,-1.51805,0.129396
-0.608826,-0.410126,-0.0901173,-1.42198,-1.51969,0.128084
-0.610977,-0.412878,-0.0904098,-1.42349,-1.51388,0.128132
-0.606277,-0.408702,-0.0902984,-1.41766,-1.51713,0.126671
-0.609465,-0.411606,-0.090729,-1.42344,-1.50696,0.128055
-0.621539,-0.422339,-0.100638,-1.42459,-1.52056,0.129012
-0.626853,-0.428158,-0.108034,-1.42441,-1.51941,0.12973
-0.629369,-0.429673,-0.107797,-1.42609,-1.52183,0.129771
-0.637633,-0.437683,-0.115647,-1.42426,-1.52451,0.129415
-0.642761,-0.442786,-0.12142,-1.4238,-1.53312,0.129699
-0.639709,-0.440382,-0.118219,-1.42422,-1.53764,0.129055
-0.639146,-0.440033,-0.119124,-1.42502,-1.53438,0.130818
-0.638818,-0.440618,-0.121185,-1.4238,-1.53026,0.132312
-0.650723,-0.452342,-0.128291,-1.42469,-1.53037,0.134572
-0.658299,-0.460466,-0.128118,-1.42551,-1.51899,0.135564
-0.659133,-0.460314,-0.125492,-1.42535,-1.51845,0.136182
-0.688411,-0.490186,-0.148238,-1.42471,-1.51483,0.136928
-0.694156,-0.49613,-0.15441,-1.42461,-1.51605,0.136973
-0.66877,-0.471148,-0.135062,-1.42545,-1.51829,0.137103
-0.66623,-0.468183,-0.129595,-1.42608,-1.51528,0.137131
-0.665486,-0.466532,-0.125128,-1.4286,-1.49837,0.142012
-0.670108,-0.471863,-0.127242,-1.43156,-1.49318,0.143801
-0.669372,-0.471423,-0.134914,-1.4316,-1.49146,0.143968
-0.663883,-0.466033,-0.129125,-1.43146,-1.49072,0.145614
-0.686035,-0.487454,-0.146085,-1.43361,-1.49086,0.145853
-0.679329,-0.48009,-0.14117,-1.43381,-1.49858,0.147253
-0.713476,-0.514924,-0.160878,-1.43269,-1.50112,0.149925
-0.723296,-0.525292,-0.162055,-1.4321,-1.50021,0.151015
-0.737428,-0.538669,-0.168029,-1.43104,-1.49622,0.152446
-0.772013,-0.573703,-0.188269,-1.42931,-1.4996,0.15362
-0.799376,-0.601441,-0.214868,-1.4301,-1.53104,0.154472
-0.809501,-0.612045,-0.217894,-1.43221,-1.52275,0.155558
-0.785807,-0.588075,-0.200071,-1.43406,-1.51795,0.156197
-0.770809,-0.573188,-0.186728,-1.43378,-1.51305,0.15722
-0.763118,-0.56492,-0.178961,-1.43337,-1.50517,0.158789
-0.763662,-0.564754,-0.177966,-1.43649,-1.49303,0.159265
-0.757126,-0.558646,-0.173349,-1.43538,-1.49082,0.163135
-0.755504,-0.557473,-0.178996,-1.43473,-1.49585,0.162574
-0.759572,-0.561687,-0.175526,-1.43832,-1.48393,0.15908
-0.784821,-0.586941,-0.192276,-1.43768,-1.48885,0.159651
-0.774484,-0.576926,-0.186361,-1.44033,-1.47212,0.159092
-0.788308,-0.590147,-0.195761,-1.44113,-1.4673,0.160669
-0.765912,-0.568039,-0.180166,-1.4363,-1.47648,0.161953
-0.781665,-0.582889,-0.187948,-1.43614,-1.48369,0.157146
-0.78549,-0.587742,-0.201369,-1.43691,-1.49414,0.156623
-0.782753,-0.585661,-0.1973,-1.43671,-1.49503,0.157459
-0.791306,-0.593641,-0.197954,-1.43536,-1.50254,0.158506
-0.787906,-0.590116,-0.191978,-1.43478,-1.49916,0.158506
-0.783878,-0.586612,-0.201118,-1.43294,-1.49281,0.161075
-0.782688,-0.585512,-0.202873,-1.43354,-1.49014,0.162472
-0.778435,-0.581003,-0.198825,-1.43503,-1.48998,0.160343
-0.774673,-0.577279,-0.196299,-1.43516,-1.49602,0.160406
-0.761592,-0.564214,-0.195424,-1.43894,-1.49873,0.159159
-0.759404,-0.561941,-0.191619,-1.43784,-1.49795,0.158799
-0.754144,-0.556789,-0.1912,-1.43908,-1.4985,0.158804
-0.759692,-0.561692,-0.195413,-1.43939,-1.49615,0.158607
-0.757702,-0.559039,-0.193786,-1.43858,-1.5015,0.161356
-0.760253,-0.56206,-0.192094,-1.43924,-1.50362,0.162195
-0.752059,-0.554456,-0.192684,-1.44202,-1.4994,0.162379
-0.749847,-0.552112,-0.183582,-1.44303,-1.49543,0.162202
-0.747565,-0.549951,-0.180496,-1.44359,-1.50044,0.161711
-0.74233,-0.54425,-0.179064,-1.44107,-1.50562,0.161298
-0.737627,-0.539657,-0.182334,-1.44475,-1.48929,0.162312
-0.734295,-0.535933,-0.179583,-1.44393,-1.4902,0.163683
-0.719408,-0.520997,-0.173986,-1.44789,-1.48895,0.164076
-0.715111,-0.516672,-0.175542,-1.44946,-1.48341,0.162917
-0.708419,-0.510122,-0.178531,-1.44898,-1.48248,0.164898
-0.709454,-0.51075,-0.174694,-1.45149,-1.47262,0.163413
-0.662437,-0.463329,-0.140405,-1.45041,-1.47764,0.162892
-0.677191,-0.477168,-0.148894,-1.4497,-1.48013,0.163268
-0.653044,-0.454528,-0.132758,-1.44941,-1.47781,0.164025
-0.65136,-0.45363,-0.1324,-1.45151,-1.46995,0.16378
-0.667854,-0.468687,-0.14176,-1.44972,-1.45438,0.167467
-0.636461,-0.436753,-0.121554,-1.4505,-1.46405,0.168277
-0.639678,-0.441241,-0.119351,-1.44958,-1.46098,0.16932
-0.651535,-0.453137,-0.122093,-1.44948,-1.45926,0.168908
-0.660518,-0.46108,-0.123977,-1.45101,-1.44927,0.170124
-0.659956,-0.459406,-0.119635,-1.45286,-1.44574,0.168908
-0.658911,-0.459713,-0.120625,-1.45008,-1.44925,0.169271
-0.654396,-0.45459,-0.119749,-1.44899,-1.45322,0.168257
-0.665905,-0.467695,-0.126141,-1.44581,-1.47236,0.164055
-0.657984,-0.45939,-0.124711,-1.44686,-1.47204,0.162526
-0.655152,-0.455926,-0.125672,-1.44669,-1.47899,0.160911
-0.654217,-0.454188,-0.124796,-1.44727,-1.48921,0.160094
-0.644468,-0.443943,-0.118139,-1.44612,-1.49287,0.159117
-0.645058,-0.446039,-0.123211,-1.44539,-1.49295,0.158801
-0.630183,-0.430231,-0.112397,-1.44872,-1.48528,0.158113
-0.636833,-0.438052,-0.117784,-1.44871,-1.48782,0.157874
-0.647679,-0.448082,-0.123139,-1.45015,-1.48161,0.156677
-0.643383,-0.443199,-0.120058,-1.44834,-1.48097,0.157129
-0.645971,-0.447721,-0.125758,-1.44863,-1.48052,0.157754
-0.654892,-0.456264,-0.128517,-1.44748,-1.48094,0.157957
-0.662846,-0.463493,-0.133709,-1.44745,-1.49136,0.15812
-0.651456,-0.430108,-0.131574,-1.44627,-1.49413,0.158316
-0.632944,-0.432977,-0.119456,-1.44773,-1.49665,0.157936
-0.645584,-0.445389,-0.12676,-1.44863,-1.49313,0.158541
-0.650924,-0.452804,-0.131427,-1.44753,-1.48929,0.157755
-0.666951,-0.467414,-0.143178,-1.44807,-1.49332,0.157872
-0.657647,-0.45852,-0.141009,-1.44558,-1.50265,0.157218
-0.64947,-0.450812,-0.13472,-1.44636,-1.49619,0.157424
-0.653072,-0.454419,-0.126907,-1.44623,-1.49088,0.157052
-0.649973,-0.452068,-0.125358,-1.44764,-1.48597,0.157416
-0.640982,-0.442623,-0.124259,-1.46257,-1.44146,0.15937
-0.644796,-0.44679,-0.125086,-1.46432,-1.41747,0.164761
-0.654112,-0.45576,-0.132735,-1.47187,-1.30515,0.191379
-0.675757,-0.477062,-0.14447,-1.47681,-1.20548,0.212999
-0.634246,-0.435898,-0.138755,-1.45441,-1.02414,0.278642
-0.625056,-0.426489,-0.123154,-1.38532,-0.953832,0.322314
-0.620203,-0.422154,-0.112487,-1.1267,-0.72333,0.414129
-0.633799,-0.436055,-0.119176,-0.953092,-0.565093,0.458281
-0.619865,-0.422224,-0.110435,-0.488684,-0.264198,0.542304
-0.622407,-0.425364,-0.10169,-0.283316,-0.131304,0.571352
-0.606418,-0.409526,-0.113017,0.0366855,0.109454,0.613034
-0.606591,-0.409613,-0.103166,0.141163,0.189496,0.624043
-0.614017,-0.417467,-0.102484,0.297356,0.318418,0.634228
-0.613211,-0.416677,-0.101378,0.341608,0.362501,0.634419
-0.614346,-0.417931,-0.103779,0.348684,0.438929,0.629409
-0.616201,-0.419611,-0.103181,0.375604,0.453189,0.632563
-0.617876,-0.421505,-0.104433,0.382568,0.482524,0.627326
-0.612132,-0.415897,-0.102898,0.398161,0.492329,0.622922
-0.621063,-0.423697,-0.104557,0.413859,0.505644,0.619783
-0.639977,-0.442076,-0.117403,0.405809,0.50664,0.618757
-0.660295,-0.462627,-0.125593,0.394215,0.518405,0.617534
-0.659659,-0.46227,-0.131205,0.366523,0.518163,0.618184
-0.631785,-0.433819,-0.122678,0.319388,0.512589,0.617834
-0.615472,-0.417346,-0.116563,0.311107,0.520918,0.618219
-0.602364,-0.404604,-0.111011,0.287685,0.528379,0.618416
-0.621546,-0.423769,-0.117944,0.284146,0.512001,0.616979
-0.637753,-0.440717,-0.119314,0.288454,0.507414,0.617878
-0.623108,-0.425956,-0.122374,0.312862,0.50348,0.61976
-0.632938,-0.435658,-0.130189,0.351047,0.490822,0.623686
-0.635624,-0.438979,-0.127386,0.362599,0.489621,0.624439
-0.630665,-0.434428,-0.121357,0.385078,0.496591,0.626929
-0.635574,-0.438815,-0.120873,0.394765,0.491476,0.627369
-0.602166,-0.405523,-0.107344,0.375301,0.506232,0.626214
-0.599329,-0.402303,-0.105094,0.377848,0.503415,0.626837
-0.592707,-0.395082,-0.0915353,0.369495,0.500513,0.625778
-0.583451,-0.386372,-0.0934265,0.363031,0.499713,0.625298
-0.597666,-0.400746,-0.0966505,0.371244,0.497146,0.626539
-0.614388,-0.417061,-0.107378,0.36602,0.486806,0.626973
-0.61546,-0.418291,-0.104526,0.354294,0.489211,0.624829
-0.619293,-0.422126,-0.106666,0.339778,0.487717,0.623433
-0.602822,-0.405337,-0.105854,0.32236,0.500065,0.621727
-0.62282,-0.425474,-0.111873,0.328794,0.48168,0.621142
-0.62847,-0.431366,-0.118104,0.31093,0.476013,0.624145
-0.637554,-0.440608,-0.119192,0.338333,0.465068,0.624277
-0.606005,-0.409653,-0.109485,0.342582,0.482565,0.62332
-0.591523,-0.395024,-0.105067,0.327759,0.485787,0.624109
-0.577775,-0.381231,-0.0969379,0.343847,0.481482,0.625263
-0.581378,-0.384896,-0.0980416,0.293984,0.489522,0.625949
-0.60711,-0.410896,-0.109676,0.328651,0.489601,0.623381
-0.620003,-0.42371,-0.109476,0.313539,0.484685,0.621689
-0.623682,-0.42785,-0.111284,0.300079,0.478023,0.620865
-0.624018,-0.427836,-0.115206,0.310357,0.473648,0.620625
-0.602262,-0.405431,-0.111427,0.280334,0.483714,0.61753
-0.585987,-0.389345,-0.093309,0.263914,0.475366,0.620729
-0.611517,-0.41545,-0.106697,0.252451,0.450082,0.624847
-0.593724,-0.397626,-0.101427,0.243579,0.454221,0.625411
-0.601414,-0.40499,-0.103809,0.239302,0.440007,0.625291
-0.605363,-0.409273,-0.106363,0.2277,0.443808,0.624947
-0.598359,-0.401785,-0.104232,0.244608,0.44416,0.626097
-0.599415,-0.402471,-0.102822,0.244557,0.438007,0.625781
-0.599082,-0.402296,-0.104067,0.257339,0.438675,0.627023
-0.598048,-0.400763,-0.108531,0.271667,0.442586,0.624894
-0.600876,-0.403525,-0.106415,0.265919,0.445104,0.620865
-0.597956,-0.401395,-0.100733,0.277449,0.429209,0.622209
-0.594349,-0.398535,-0.0991261,0.286243,0.434528,0.621063
-0.590022,-0.394319,-0.0939576,0.285476,0.427436,0.621358
-0.58947,-0.393586,-0.101997,0.290159,0.43315,0.620574
-0.590493,-0.395038,-0.100896,0.272154,0.417991,0.62304
-0.585717,-0.389708,-0.0944542,0.27725,0.420242,0.618907
-0.585014,-0.388857,-0.0919929,0.264696,0.427815,0.616982
-0.581265,-0.385149,-0.087382,0.250851,0.436809,0.61566
-0.58172,-0.385772,-0.0909183,0.263375,0.423021,0.615139
-0.58746,-0.391173,-0.0927939,0.283509,0.412363,0.618322
-0.579296,-0.382843,-0.087468,0.236157,0.415548,0.620548
-0.576807,-0.379553,-0.0908437,0.252685,0.425116,0.617382
-0.582697,-0.385563,-0.0869565,0.265426,0.420928,0.616802
-0.578792,-0.381954,-0.0921683,0.267457,0.417302,0.616099
-0.572868,-0.376218,-0.0883232,0.256869,0.423905,0.615711
-0.572983,-0.376524,-0.0897967,0.260271,0.41432,0.61545
-0.577542,-0.381187,-0.091859,0.241101,0.399082,0.618443
-0.60329,-0.40659,-0.110336,0.25677,0.390227,0.617813
-0.599444,-0.403107,-0.105605,0.248966,0.402195,0.615556
-0.614426,-0.417875,-0.123258,0.242058,0.396747,0.613797
-0.614105,-0.41754,-0.126446,0.220618,0.392769,0.617302
-0.612514,-0.41645,-0.123431,0.203585,0.38121,0.620616
-0.619136,-0.422928,-0.135323,0.177736,0.383045,0.620169
-0.620621,-0.424206,-0.125936,0.18236,0.379274,0.620554
-0.61015,-0.413406,-0.11497,0.170156,0.37837,0.620458
-0.581661,-0.384965,-0.110708,0.180914,0.386687,0.621075
-0.589953,-0.39361,-0.11335,0.177501,0.378693,0.621168
-0.569856,-0.373746,-0.105902,0.163001,0.388336,0.620758
-0.590754,-0.394024,-0.109853,0.168926,0.375938,0.620401
-0.58238,-0.385925,-0.102813,0.181826,0.380627,0.616013
-0.590452,-0.394698,-0.105233,0.171557,0.370619,0.616638
-0.579763,-0.382669,-0.102774,0.176992,0.367398,0.619139
-0.564426,-0.368283,-0.0923442,0.171793,0.372186,0.619507
-0.575187,-0.378987,-0.0955622,0.19236,0.381829,0.616835
-0.593955,-0.397737,-0.105703,0.184664,0.369723,0.617978
-0.600183,-0.40379,-0.112135,0.183397,0.3749,0.615331
-0.581766,-0.38557,-0.112991,0.192654,0.384193,0.612611
-0.5948,-0.39851,-0.10301,0.204378,0.382791,0.610075
-0.576763,-0.379992,-0.089416,0.208552,0.388002,0.609978
-0.566249,-0.369358,-0.0768299,0.207311,0.391968,0.609323
-0.564231,-0.367691,-0.0744943,0.20532,0.387147,0.611471
-0.566285,-0.36969,-0.0730109,0.19963,0.388784,0.615613
-0.569846,-0.372914,-0.0799921,0.187908,0.377305,0.614773
-0.567729,-0.370638,-0.0788392,0.183527,0.372169,0.616429
-0.562251,-0.365558,-0.07524,0.174412,0.372671,0.61429
-0.564459,-0.367509,-0.0792438,0.16383,0.368583,0.615921
-0.598076,-0.401101,-0.0984939,0.160482,0.366424,0.61256
-0.570069,-0.373245,-0.0826623,0.170245,0.376326,0.612123
-0.586287,-0.388788,-0.0933411,0.166423,0.37425,0.610131
-0.603945,-0.407685,-0.106907,0.171171,0.358509,0.613489
-0.602927,-0.40644,-0.109837,0.162524,0.368957,0.612877
-0.596634,-0.400696,-0.108346,0.162889,0.362664,0.611723
-0.578978,-0.382781,-0.107203,0.16193,0.375112,0.611555
-0.578587,-0.381609,-0.10005,0.140831,0.381504,0.607703
-0.607388,-0.410319,-0.114184,0.11774,0.377404,0.60543
-0.590684,-0.393807,-0.104652,0.119093,0.380729,0.604392
-0.590489,-0.39391,-0.102314,0.123049,0.375129,0.604581
-0.593348,-0.397224,-0.1005,0.103292,0.378771,0.603448
-0.615882,-0.418794,-0.113137,0.120484,0.37145,0.604265
-0.622545,-0.424552,-0.117787,0.124403,0.369141,0.604417
-0.606918,-0.409218,-0.12135,0.121025,0.367957,0.609684
-0.629575,-0.432556,-0.128482,0.121831,0.351201,0.615095
-0.633848,-0.437084,-0.132305,0.119379,0.347897,0.618691
-0.636908,-0.440506,-0.140641,0.164357,0.353499,0.626612
-0.63716,-0.440198,-0.135721,0.161353,0.351673,0.62771
-0.617314,-0.42043,-0.133439,0.170736,0.353563,0.629057
-0.624515,-0.427551,-0.132545,0.163875,0.347375,0.625348
-0.61816,-0.421973,-0.128102,0.151559,0.35428,0.621535
-0.604251,-0.407867,-0.125586,0.148823,0.360148,0.6206
-0.621467,-0.424979,-0.12834,0.136212,0.356699,0.619222
-0.626727,-0.430213,-0.128603,0.122427,0.358821,0.61849
-0.637112,-0.44038,-0.138475,0.133851,0.331083,0.61357
-0.629975,-0.433398,-0.135676,0.0882123,0.322981,0.602509
-0.653539,-0.455835,-0.143042,-0.0189749,0.234843,0.590271
-0.660102,-0.462564,-0.144666,-0.0815037,0.156784,0.584209
-0.661313,-0.463666,-0.142529,-0.176884,0.0661889,0.576064
-0.670738,-0.472951,-0.148438,-0.440049,-0.1692,0.553871
-0.679218,-0.480761,-0.152497,-0.536324,-0.334286,0.540538
-0.689444,-0.491794,-0.146379,-0.789408,-0.660666,0.486617
-0.718586,-0.520645,-0.15425,-1.07906,-0.95331,0.414948
-0.714414,-0.517295,-0.149798,-1.22713,-1.05823,0.371977
-0.733199,-0.535946,-0.157568,-1.35591,-1.13896,0.329614
-0.75543,-0.558007,-0.165522,-1.44484,-1.32658,0.252937
-0.760384,-0.562991,-0.16984,-1.44899,-1.47888,0.200415
-0.767282,-0.569887,-0.173964,-1.44639,-1.53031,0.177508
-0.762608,-0.565889,-0.182733,-1.43878,-1.58795,0.14866
-0.759359,-0.562168,-0.184273,-1.43554,-1.59665,0.14082
-0.765647,-0.568853,-0.195703,-1.43554,-1.59286,0.134773
-0.768429,-0.571299,-0.20337,-1.43666,-1.59435,0.135557
-0.766722,-0.570297,-0.205603,-1.43522,-1.59116,0.13784
-0.743944,-0.547203,-0.188494,-1.43061,-1.58494,0.141937
-0.749027,-0.551931,-0.189138,-1.43175,-1.58865,0.144661
-0.752804,-0.555601,-0.185837,-1.43059,-1.5768,0.150595
-0.727812,-0.531121,-0.169087,-1.42983,-1.57014,0.154146
-0.736156,-0.538796,-0.172379,-1.42968,-1.5663,0.155908
-0.731537,-0.533401,-0.172996,-1.42987,-1.56415,0.155434
-0.731877,-0.533518,-0.176337,-1.43197,-1.56644,0.15339
-0.746045,-0.547409,-0.192254,-1.43467,-1.56548,0.152336
-0.729224,-0.531253,-0.182025,-1.43643,-1.56309,0.15184
-0.721579,-0.524001,-0.171784,-1.43571,-1.54861,0.155158
-0.722075,-0.524312,-0.171717,-1.43656,-1.53323,0.157434
-0.726908,-0.52898,-0.17149,-1.43255,-1.5317,0.160287
-0.727008,-0.5291,-0.169369,-1.42523,-1.53197,0.164208
-0.743999,-0.545025,-0.180048,-1.42909,-1.52641,0.164599
-0.688428,-0.490572,-0.151061,-1.43262,-1.50685,0.164933
-0.703027,-0.504154,-0.161797,-1.43405,-1.49926,0.166301
-0.707855,-0.50864,-0.166378,-1.4353,-1.49507,0.166429
-0.712831,-0.514469,-0.168726,-1.4338,-1.51138,0.16642
-0.717885,-0.518936,-0.168457,-1.43251,-1.51796,0.167796
-0.710686,-0.512039,-0.167826,-1.43364,-1.51516,0.166474
-0.716523,-0.517746,-0.168597,-1.43257,-1.51586,0.166663
-0.717077,-0.517625,-0.167182,-1.43433,-1.51021,0.166287
-0.692347,-0.493443,-0.153564,-1.4331,-1.5099,0.166951
-0.694544,-0.494677,-0.157662,-1.43291,-1.50284,0.168667
-0.677056,-0.478445,-0.149476,-1.43554,-1.49591,0.167592
-0.674321,-0.476211,-0.141623,-1.43681,-1.48942,0.168423
-0.672825,-0.475488,-0.1432,-1.43676,-1.47982,0.169877
-0.677641,-0.480254,-0.142467,-1.43924,-1.47964,0.169181
-0.680518,-0.482623,-0.140444,-1.43796,-1.48098,0.167874
-0.67915,-0.479741,-0.139795,-1.43926,-1.4792,0.16811
-0.702509,-0.502999,-0.153146,-1.43866,-1.48362,0.169108
-0.700824,-0.501137,-0.153462,-1.44082,-1.47997,0.167741
-0.706756,-0.507399,-0.157223,-1.4416,-1.48682,0.166993
-0.708278,-0.509756,-0.159266,-1.44037,-1.49237,0.166709
-0.706871,-0.508806,-0.162136,-1.43906,-1.4972,0.166493
-0.709956,-0.511937,-0.165389,-1.43847,-1.50452,0.167007
-0.682055,-0.484489,-0.146818,-1.43961,-1.49755,0.166902
-0.674776,-0.477548,-0.139419,-1.43973,-1.4834,0.166593
-0.662081,-0.462636,-0.129669,-1.44065,-1.46898,0.169489
-0.665767,-0.467484,-0.136322,-1.44074,-1.47802,0.169605
-0.681274,-0.481922,-0.144215,-1.44037,-1.4817,0.170001
-0.691133,-0.492287,-0.152459,-1.4404,-1.48167,0.169642
-0.672797,-0.475327,-0.142339,-1.4402,-1.48123,0.170024
-0.656246,-0.458571,-0.133268,-1.44147,-1.47347,0.170419
-0.673215,-0.474473,-0.141745,-1.44055,-1.47872,0.172523
-0.683129,-0.483844,-0.148526,-1.44177,-1.47,0.173871
-0.668201,-0.469898,-0.140189,-1.44125,-1.4626,0.176125
-0.660196,-0.460571,-0.132513,-1.44145,-1.46061,0.175159
-0.656731,-0.456921,-0.135907,-1.44221,-1.46139,0.175978
-0.652486,-0.453574,-0.134499,-1.44073,-1.46958,0.176034
-0.651214,-0.452629,-0.132783,-1.44283,-1.45778,0.176762
-0.672103,-0.474054,-0.143829,-1.44282,-1.45836,0.176933
-0.688279,-0.489434,-0.154254,-1.44316,-1.45737,0.176723
-0.664117,-0.465926,-0.140902,-1.44329,-1.45468,0.17703
-0.663698,-0.465857,-0.134115,-1.4478,-1.43741,0.176069
-0.675161,-0.476173,-0.138802,-1.44637,-1.44211,0.176358
-0.670617,-0.472538,-0.135536,-1.44517,-1.45152,0.176065
-0.673447,-0.474197,-0.137173,-1.44456,-1.45447,0.174807
-0.657653,-0.458456,-0.128488,-1.4447,-1.45037,0.174757
-0.683395,-0.484509,-0.146351,-1.4476,-1.45448,0.175072
-0.686087,-0.487608,-0.149733,-1.4479,-1.45397,0.175726
-0.666543,-0.467821,-0.140145,-1.44929,-1.45054,0.177148
-0.683709,-0.484791,-0.148565,-1.4509,-1.44796,0.176829
-0.691117,-0.493056,-0.154478,-1.45341,-1.44453,0.176655
-0.690639,-0.492631,-0.152485,-1.4536,-1.43871,0.177566
-0.692407,-0.492759,-0.153404,-1.45311,-1.43647,0.178721
-0.677111,-0.478744,-0.139503,-1.45487,-1.41612,0.180117
-0.689106,-0.490515,-0.148083,-1.45616,-1.41604,0.180204
-0.692755,-0.4937,-0.153175,-1.45537,-1.4202,0.180592
-0.69529,-0.495636,-0.154407,-1.45528,-1.41817,0.180914
-0.685982,-0.487092,-0.151807,-1.45603,-1.42301,0.181308
-0.689475,-0.490976,-0.153074,-1.4553,-1.42552,0.181008
-0.695538,-0.495275,-0.157036,-1.45518,-1.41587,0.181587
-0.695376,-0.495773,-0.156456,-1.45344,-1.42441,0.181996
-0.695409,-0.495666,-0.151978,-1.45127,-1.42509,0.182183
-0.6969,-0.497757,-0.152802,-1.45414,-1.42079,0.181018
-0.699408,-0.501412,-0.155797,-1.45554,-1.41715,0.178878
-0.695946,-0.497723,-0.154269,-1.45824,-1.41269,0.177319
-0.696735,-0.496924,-0.151072,-1.45907,-1.41393,0.176329
-0.694252,-0.495945,-0.151845,-1.4571,-1.41738,0.177627
-0.686859,-0.489287,-0.153644,-1.4568,-1.41471,0.178832
-0.687961,-0.490551,-0.153573,-1.45577,-1.41429,0.178453
-0.683575,-0.48436,-0.148835,-1.45343,-1.42105,0.178638
-0.684518,-0.48623,-0.153196,-1.453,-1.41526,0.179326
-0.669135,-0.470788,-0.136214,-1.4537,-1.39301,0.184907
-0.680985,-0.481802,-0.144597,-1.45258,-1.37429,0.189485
-0.691427,-0.492307,-0.156957,-1.45099,-1.30666,0.215763
-0.676242,-0.477446,-0.15032,-1.44787,-1.24383,0.231688
-0.699433,-0.500786,-0.165995,-1.41816,-1.10361,0.282588
-0.707235,-0.508435,-0.184486,-1.36722,-1.0539,0.313463
-0.707568,-0.510099,-0.197359,-1.21329,-0.911502,0.377959
-0.714744,-0.517767,-0.210007,-1.10837,-0.786098,0.413276
-0.713765,-0.516892,-0.19959,-0.852967,-0.545696,0.487194
-0.714497,-0.51797,-0.198742,-0.689872,-0.415512,0.520542
-0.693355,-0.496437,-0.186264,-0.350175,-0.161532,0.575996
-0.650079,-0.45299,-0.15078,-0.186722,-0.0510631,0.595359
-0.641227,-0.444068,-0.148958,0.0336448,0.124113,0.616288
-0.654456,-0.456763,-0.157478,0.167578,0.244985,0.632405
-0.651726,-0.454032,-0.159446,0.191976,0.296908,0.632071
-0.642418,-0.444752,-0.164058,0.221376,0.339148,0.632907
-0.631734,-0.434856,-0.159136,0.22899,0.377944,0.628046
-0.64826,-0.451268,-0.167725,0.247246,0.372103,0.630849
-0.694006,-0.496535,-0.192119,0.226069,0.345598,0.628961
-0.726017,-0.528985,-0.211705,0.217921,0.332016,0.627315
-0.698905,-0.501332,-0.193536,0.188449,0.319663,0.626373
-0.667252,-0.469786,-0.174769,0.16278,0.322763,0.626208
-0.663852,-0.466312,-0.172467,0.144662,0.310867,0.624779
-0.670565,-0.473,-0.168427,0.107416,0.311482,0.619908
-0.648156,-0.450085,-0.16256,0.0962926,0.31984,0.615391
-0.65826,-0.461606,-0.162063,0.0967701,0.316698,0.614708
-0.655991,-0.45805,-0.168337,0.160077,0.283033,0.621598
-0.666984,-0.46966,-0.167926,0.175653,0.277083,0.623007
-0.673085,-0.475061,-0.171043,0.209168,0.273553,0.625608
-0.676458,-0.479337,-0.168151,0.215507,0.280337,0.626769
-0.658283,-0.462188,-0.16154,0.229523,0.293383,0.631528
-0.641071,-0.445111,-0.148053,0.212936,0.303808,0.630669
-0.65285,-0.456536,-0.154994,0.188659,0.310716,0.623238
-0.687527,-0.491237,-0.179368,0.170837,0.303909,0.621641
-0.674652,-0.47834,-0.169595,0.177218,0.298779,0.623771
-0.67473,-0.47786,-0.168154,0.152332,0.300114,0.624597
-0.686263,-0.489818,-0.176339,0.160342,0.276219,0.623652
-0.678799,-0.482527,-0.170926,0.177321,0.276838,0.624754
-0.65104,-0.454345,-0.156153,0.166342,0.298516,0.622449
-0.662954,-0.466352,-0.162508,0.179568,0.29196,0.621153
-0.676628,-0.480315,-0.170864,0.184949,0.282954,0.619772
-0.678906,-0.483289,-0.171705,0.182206,0.284792,0.619399
-0.627372,-0.430044,-0.129719,0.203662,0.297354,0.62026
-0.622237,-0.424621,-0.124937,0.20518,0.296053,0.622492
-0.653756,-0.455644,-0.141223,0.205485,0.288746,0.625175
-0.660802,-0.462799,-0.151545,0.208792,0.285056,0.625974
-0.664243,-0.467481,-0.159475,0.215596,0.282027,0.627016
-0.663119,-0.466809,-0.162117,0.219733,0.277904,0.627324
-0.668266,-0.471729,-0.160158,0.224606,0.284563,0.628438
-0.669872,-0.473438,-0.165425,0.229138,0.281485,0.628848
-0.664713,-0.466606,-0.153387,0.214318,0.304354,0.628915
-0.644669,-0.447009,-0.147006,0.227194,0.313138,0.629955
-0.665694,-0.4691,-0.164293,0.20637,0.309562,0.627767
-0.669447,-0.473573,-0.172213,0.220863,0.296441,0.628441
-0.634433,-0.438343,-0.148837,0.190306,0.305563,0.625737
-0.653064,-0.456971,-0.162701,0.191563,0.2916,0.625004
-0.63405,-0.43676,-0.15093,0.188302,0.300852,0.625212
-0.652205,-0.455565,-0.160686,0.195097,0.288208,0.625418
-0.647878,-0.45034,-0.166078,0.184827,0.299926,0.62495
-0.658629,-0.462191,-0.161493,0.185483,0.301398,0.625916
-0.627177,-0.429098,-0.134123,0.21078,0.297593,0.627306
-0.621856,-0.423641,-0.129072,0.196361,0.306538,0.624414
-0.655224,-0.457474,-0.154241,0.188458,0.288087,0.622044
-0.665578,-0.468471,-0.164762,0.174468,0.294797,0.619771
-0.649904,-0.452809,-0.158245,0.183885,0.280912,0.619675
-0.663268,-0.466164,-0.163941,0.170708,0.280859,0.617996
-0.651952,-0.454197,-0.157486,0.177999,0.28251,0.618948
-0.658275,-0.460934,-0.161916,0.167146,0.28772,0.617961
-0.641485,-0.444657,-0.152058,0.184898,0.298925,0.618973
-0.65201,-0.454859,-0.158559,0.20014,0.292125,0.620525
-0.677193,-0.480165,-0.172984,0.21292,0.274312,0.625296
-0.668606,-0.471973,-0.170423,0.217384,0.277293,0.626763
-0.667878,-0.470935,-0.161909,0.212938,0.280965,0.627608
-0.666566,-0.468939,-0.162324,0.199536,0.283209,0.627062
-0.625456,-0.428726,-0.13938,0.202095,0.294,0.62683
-0.626056,-0.428906,-0.142986,0.204076,0.295093,0.626854
-0.623702,-0.427415,-0.141298,0.203853,0.295269,0.626537
-0.616347,-0.420241,-0.133547,0.197138,0.292397,0.625983
-0.680292,-0.483458,-0.168239,0.192084,0.279434,0.625896
-0.671408,-0.474257,-0.165028,0.191558,0.281272,0.625509
-0.631405,-0.434137,-0.139538,0.191497,0.30262,0.625741
-0.623706,-0.425881,-0.131149,0.191833,0.299987,0.625416
-0.620542,-0.422495,-0.122522,0.190907,0.314587,0.626091
-0.62229,-0.424558,-0.12485,0.190394,0.310854,0.626314
-0.626983,-0.429049,-0.136098,0.166243,0.317122,0.625441
-0.617131,-0.419701,-0.136379,0.162303,0.314373,0.624695
-0.618668,-0.421399,-0.13438,0.138372,0.318723,0.6228
-0.621501,-0.424921,-0.136289,0.134986,0.313715,0.621846
-0.604787,-0.407844,-0.121433,0.150482,0.314686,0.622679
-0.592651,-0.395044,-0.111455,0.14448,0.320767,0.622539
-0.610493,-0.413154,-0.132302,0.140248,0.306086,0.622167
-0.62199,-0.425266,-0.142184,0.140686,0.303126,0.622031
-0.604856,-0.408896,-0.141668,0.141021,0.312841,0.621516
-0.611692,-0.415689,-0.135919,0.14661,0.309354,0.622295
-0.624416,-0.428423,-0.136748,0.148862,0.305182,0.622909
-0.604195,-0.407063,-0.127101,0.155703,0.314839,0.62358
-0.640928,-0.443529,-0.146348,0.156763,0.301101,0.624087
-0.64567,-0.447813,-0.153707,0.159403,0.287463,0.623904
-0.608219,-0.410905,-0.12842,0.156407,0.304582,0.623725
-0.593684,-0.396265,-0.123413,0.161904,0.307209,0.623913
-0.58561,-0.388752,-0.112262,0.155792,0.312653,0.623871
-0.590692,-0.392806,-0.109345,0.157221,0.308855,0.623806
-0.578,-0.380251,-0.0988099,0.153491,0.29555,0.62263
-0.579789,-0.381504,-0.0989825,0.146673,0.290503,0.62188
-0.605658,-0.408249,-0.117259,0.131243,0.29155,0.621127
-0.611233,-0.414489,-0.129923,0.134292,0.278497,0.620833
-0.607125,-0.411123,-0.132004,0.131792,0.271702,0.620628
-0.595203,-0.398673,-0.119211,0.127959,0.277071,0.62068
-0.581152,-0.384183,-0.106726,0.127004,0.274042,0.620356
-0.588788,-0.392001,-0.106446,0.135959,0.262913,0.62028
-0.608529,-0.41149,-0.120484,0.132348,0.256821,0.619506
-0.613144,-0.414788,-0.124013,0.116691,0.2512,0.618568
-0.621987,-0.424863,-0.134947,0.11742,0.256898,0.619363
-0.623539,-0.426554,-0.133168,0.113841,0.254048,0.618951
-0.613635,-0.416068,-0.128396,0.129416,0.250676,0.619356
-0.651206,-0.454148,-0.152755,0.131431,0.238682,0.619647
-0.660424,-0.463046,-0.16778,0.119862,0.236733,0.619598
-0.666792,-0.469822,-0.169112,0.128673,0.238249,0.619922
-0.642513,-0.445471,-0.147261,0.124154,0.255985,0.619812
-0.623607,-0.427115,-0.142919,0.11472,0.26792,0.619527
-0.623011,-0.425893,-0.136955,0.103224,0.257348,0.618201
-0.650165,-0.453205,-0.149252,0.11957,0.236261,0.618506
-0.669874,-0.473294,-0.161894,0.106643,0.229758,0.618118
-0.624401,-0.428255,-0.139524,0.107689,0.250267,0.618103
-0.646225,-0.449033,-0.146983,0.116017,0.243213,0.618547
-0.614552,-0.417201,-0.137106,0.108005,0.262617,0.618655
-0.642154,-0.445222,-0.147416,0.105199,0.253019,0.618666
-0.61201,-0.415778,-0.137064,0.104866,0.263138,0.618388
-0.611068,-0.413695,-0.122828,0.120102,0.267747,0.619394
-0.619438,-0.421667,-0.131139,0.120795,0.26503,0.619598
-0.622411,-0.425349,-0.133769,0.12085,0.272475,0.620009
-0.621622,-0.424371,-0.137316,0.114044,0.276617,0.618776
-0.61962,-0.423216,-0.133346,0.0890609,0.282544,0.618354
-0.597248,-0.400698,-0.128035,0.100653,0.28949,0.618329
-0.624165,-0.428041,-0.140676,0.116173,0.264398,0.617852
-0.600184,-0.403361,-0.136247,0.110531,0.282408,0.617322
-0.642054,-0.444675,-0.155861,0.10745,0.262568,0.616899
-0.652436,-0.454718,-0.160329,0.110306,0.257199,0.616728
-0.623558,-0.4267,-0.147339,0.106602,0.264933,0.616773
-0.640745,-0.443588,-0.154289,0.0987956,0.260878,0.615464
-0.643221,-0.44597,-0.151579,0.0938826,0.260917,0.616037
-0.630323,-0.433069,-0.148625,0.0968981,0.268268,0.615684
-0.619619,-0.422091,-0.134288,0.0966536,0.269081,0.616552
-0.617077,-0.419906,-0.131048,0.107758,0.259714,0.61692
-0.598734,-0.401936,-0.127627,0.102529,0.277093,0.616785
-0.586785,-0.390264,-0.125958,0.0961406,0.28485,0.615814
-0.605786,-0.409004,-0.133845,0.0812423,0.272176,0.613791
-0.620299,-0.423423,-0.139204,0.102006,0.268085,0.614684
-0.637493,-0.440148,-0.150701,0.105757,0.253456,0.614403
-0.647735,-0.45009,-0.158245,0.0992975,0.244976,0.614028
-0.662983,-0.466126,-0.158845,0.0980472,0.238073,0.614002
-0.664719,-0.467964,-0.164191,0.0891606,0.243648,0.613617
-0.665423,-0.467996,-0.160306,0.0857452,0.239361,0.613032
-0.660687,-0.463832,-0.157829,0.0866614,0.236541,0.612987
-0.662525,-0.466168,-0.164395,0.0887486,0.238966,0.613112
-0.66409,-0.467436,-0.1667,0.0907542,0.236882,0.613067
-0.668678,-0.471625,-0.167516,0.0801703,0.246987,0.612819
-0.672081,-0.475583,-0.168832,0.0829808,0.240431,0.612605
-0.668815,-0.471366,-0.171733,0.0744051,0.239495,0.611885
-0.668148,-0.470781,-0.176179,0.0704552,0.241527,0.611413
-0.66699,-0.469564,-0.167433,0.0658798,0.238985,0.611016
-0.673157,-0.475958,-0.172487,0.0707269,0.236399,0.611102
-0.655294,-0.458456,-0.160271,0.0609533,0.244649,0.610652
-0.622113,-0.425229,-0.138247,0.0555625,0.261687,0.610439
-0.595376,-0.396934,-0.117298,0.0597577,0.270243,0.611083
-0.569382,-0.37145,-0.11129,0.0619227,0.279231,0.610963
-0.621394,-0.423595,-0.133351,0.0624664,0.257004,0.611008
-0.597617,-0.400436,-0.113221,0.0673635,0.266407,0.611135
-0.613674,-0.416075,-0.125345,0.0744277,0.250576,0.611279
-0.577915,-0.380478,-0.0979259,0.0659481,0.266395,0.611147
-0.577934,-0.379682,-0.0926507,0.0600638,0.267126,0.61091
-0.550756,-0.352616,-0.0824228,0.0593922,0.276785,0.610792
-0.539513,-0.341823,-0.0803846,0.0647574,0.278378,0.611027
-0.535094,-0.337221,-0.0770086,0.063926,0.278082,0.610984
-0.598839,-0.401481,-0.120354,0.0578594,0.255859,0.610892
-0.61938,-0.422454,-0.130282,0.056678,0.250992,0.610953
-0.621914,-0.425066,-0.129277,0.046466,0.252639,0.610353
-0.578144,-0.381533,-0.100811,0.0510056,0.26407,0.610687
-0.623811,-0.426395,-0.131113,0.0502592,0.242108,0.610548
-0.650767,-0.453551,-0.15287,0.0492204,0.238607,0.61058
-0.58041,-0.383699,-0.103945,0.0610406,0.260451,0.610915
-0.621745,-0.424389,-0.126925,0.0641661,0.240715,0.611389
-0.587119,-0.390099,-0.102937,0.0658365,0.261972,0.611555
-0.604526,-0.406938,-0.118022,0.0803246,0.242581,0.611886
-0.572173,-0.375439,-0.0983821,0.0917032,0.254187,0.612659
-0.57206,-0.374887,-0.0976144,0.0793997,0.252002,0.612221
-0.608172,-0.411619,-0.118916,0.0738509,0.246283,0.611989
-0.570381,-0.373967,-0.0925568,0.0749425,0.255998,0.611926
-0.601899,-0.404726,-0.114635,0.0666364,0.251012,0.611601
-0.575164,-0.378467,-0.0949361,0.0834129,0.253259,0.612046
-0.600478,-0.403816,-0.113578,0.0878877,0.235775,0.612561
-0.611527,-0.414507,-0.122954,0.0918376,0.228523,0.612459
-0.618893,-0.42137,-0.12647,0.0931351,0.221717,0.612151
-0.618652,-0.421616,-0.127463,0.0954413,0.229746,0.612757
-0.619015,-0.422031,-0.127821,0.0959487,0.226164,0.612465
-0.576501,-0.379815,-0.0975518,0.100173,0.240982,0.612672
-0.569931,-0.372978,-0.0943151,0.0894334,0.252386,0.613003
-0.595712,-0.3993,-0.111868,0.0800265,0.246491,0.612706
-0.592841,-0.395616,-0.110811,0.0771714,0.258138,0.612527
-0.607819,-0.410646,-0.121446,0.0671086,0.257768,0.611963
-0.605056,-0.407989,-0.115933,0.0666105,0.259387,0.611534
-0.568606,-0.371278,-0.0907097,0.0605304,0.272554,0.611236
-0.538169,-0.341025,-0.072358,0.0573466,0.276379,0.610881
-0.542559,-0.344119,-0.0740795,0.0514086,0.279661,0.610554
-0.61026,-0.412528,-0.115501,0.0451399,0.255895,0.610181
-0.622915,-0.426032,-0.121354,0.0510751,0.251483,0.610454
-0.626576,-0.430229,-0.124243,0.0652982,0.241053,0.610739
-0.605646,-0.409041,-0.118601,0.0653657,0.244436,0.610815
-0.601571,-0.404777,-0.115945,0.0669396,0.252068,0.611096
-0.617508,-0.420192,-0.127608,0.0673915,0.248415,0.611174
-0.625807,-0.428329,-0.13721,0.0694228,0.249065,0.611249
-0.620074,-0.42208,-0.131029,0.0544799,0.238205,0.610472
-0.618946,-0.421531,-0.1333,0.0453283,0.233375,0.609821
-0.620711,-0.42435,-0.13866,0.0391118,0.22894,0.609183
-0.576273,-0.379268,-0.10213,0.0363655,0.24067,0.608704
-0.580612,-0.384215,-0.104456,0.0317869,0.241515,0.608334
-0.587058,-0.390808,-0.106666,0.0432941,0.243282,0.60892
-0.599031,-0.401695,-0.109276,0.044817,0.235075,0.609514
-0.638283,-0.440769,-0.136798,0.0524957,0.216181,0.609912
-0.665046,-0.466345,-0.157264,0.0429489,0.218604,0.609832
-0.646015,-0.447991,-0.152498,0.0478134,0.226836,0.61019
-0.656217,-0.458889,-0.160254,0.0400069,0.219601,0.609222
-0.643648,-0.446821,-0.148851,0.0615664,0.215433,0.610132
-0.662478,-0.465723,-0.160499,0.0582454,0.214388,0.610061
-0.620925,-0.423928,-0.138394,0.0505262,0.23625,0.610193
-0.642733,-0.444654,-0.143117,0.0406445,0.232264,0.609692
-0.629195,-0.432746,-0.132767,0.0537554,0.2217,0.609735
-0.624133,-0.427806,-0.134688,0.0515785,0.225856,0.610046
-0.595003,-0.399222,-0.123662,0.0536126,0.243517,0.61049
-0.631908,-0.435769,-0.147874,0.0492836,0.236334,0.610235
-0.591572,-0.395282,-0.115484,0.0434189,0.254319,0.609903
-0.587602,-0.390501,-0.10836,0.0439831,0.250484,0.609561
-0.583818,-0.387634,-0.106122,0.0604051,0.249774,0.60833
-0.581834,-0.384514,-0.100173,0.0647315,0.242687,0.609891
-0.61057,-0.413808,-0.113075,0.0560317,0.239596,0.610357
-0.594147,-0.397382,-0.112885,0.0565163,0.249306,0.610604
-0.622738,-0.425503,-0.127713,0.0577163,0.240942,0.610434
-0.603071,-0.405611,-0.121352,0.0563654,0.249629,0.610465
-0.61385,-0.416054,-0.127014,0.0526318,0.247762,0.610362
-0.59099,-0.394265,-0.112466,0.056573,0.260413,0.610604
-0.564458,-0.367302,-0.105452,0.0509029,0.26811,0.610226
-0.641092,-0.443847,-0.151487,0.0508451,0.241806,0.610548
-0.628273,-0.431562,-0.141357,0.0531017,0.252909,0.610363
-0.627798,-0.431444,-0.138394,0.0512547,0.249743,0.610136
-0.608975,-0.412896,-0.140666,0.0492183,0.266045,0.610155
-0.617607,-0.420825,-0.139165,0.0478147,0.256598,0.609956
-0.623694,-0.426323,-0.136009,0.0476886,0.253002,0.610178
-0.626624,-0.429562,-0.14212,0.0429058,0.254938,0.609922
-0.627392,-0.430589,-0.139014,0.0443195,0.246579,0.60967
-0.627589,-0.430405,-0.140884,0.0396735,0.249261,0.609341
-0.622269,-0.424517,-0.137458,0.0349699,0.25111,0.609083
-0.623047,-0.424969,-0.141175,0.0430448,0.255613,0.609539
-0.642391,-0.445208,-0.150778,0.0515548,0.247676,0.610031
-0.642992,-0.446006,-0.154973,0.0450099,0.243446,0.609678
-0.632431,-0.436439,-0.140198,0.0641596,0.240811,0.61026
-0.612836,-0.416199,-0.13991,0.0721693,0.247783,0.610399
-0.618008,-0.4212,-0.13446,0.0574627,0.251393,0.610178
-0.618649,-0.422367,-0.13651,0.0690452,0.246198,0.610426
-0.606876,-0.41086,-0.131481,0.0710611,0.254959,0.610746
-0.615104,-0.418975,-0.133137,0.069165,0.240476,0.61047
-0.632939,-0.436123,-0.14557,0.0614745,0.239573,0.610463
-0.64543,-0.448757,-0.152906,0.0585563,0.234654,0.610264
-0.630613,-0.43371,-0.144104,0.0512892,0.244935,0.610082
-0.632234,-0.435074,-0.15016,0.0565896,0.237422,0.610373
-0.587057,-0.389657,-0.114322,0.0705215,0.257698,0.610893
-0.581434,-0.383522,-0.107717,0.0707902,0.26125,0.610901
-0.613217,-0.416164,-0.122699,0.0601883,0.252756,0.610068
-0.599306,-0.402547,-0.119757,0.0700734,0.255947,0.610655
-0.619916,-0.421905,-0.138782,0.0596525,0.244689,0.610354
-0.621229,-0.423273,-0.135142,0.0501178,0.24349,0.609537
-0.63259,-0.435249,-0.153719,0.0606784,0.248432,0.61021
-0.615141,-0.418168,-0.151508,0.0629797,0.255468,0.609945
-0.591436,-0.394615,-0.116432,0.0611119,0.262423,0.610336
-0.605956,-0.408208,-0.121584,0.0571852,0.258799,0.610398
-0.632681,-0.436397,-0.143192,0.0717158,0.24742,0.611665
-0.612176,-0.415447,-0.127444,0.0780391,0.251567,0.61209
-0.569742,-0.372741,-0.100836,0.102967,0.261404,0.614058
-0.594322,-0.397292,-0.116198,0.115614,0.250255,0.615387
-0.585573,-0.388279,-0.108528,0.109233,0.254997,0.615751
-0.563355,-0.366674,-0.0992747,0.110088,0.265679,0.615804
-0.592567,-0.395989,-0.11832,0.100801,0.25372,0.615336
-0.588632,-0.391446,-0.110748,0.0965394,0.252957,0.614897
-0.586202,-0.388882,-0.112283,0.10851,0.247754,0.613361
-0.634747,-0.436446,-0.133935,0.0825046,0.223938,0.613872
-0.59176,-0.395407,-0.104419,0.17053,0.209055,0.618957
-0.566896,-0.370522,-0.0899379,0.156186,0.217487,0.618217
-0.573064,-0.376424,-0.0899341,0.136882,0.204218,0.620436
-0.585994,-0.389223,-0.106642,0.161047,0.162173,0.620614
-0.590384,-0.392995,-0.104144,0.160733,0.137717,0.618232
-0.610116,-0.413514,-0.121114,0.0804699,0.0270764,0.6139
-0.642041,-0.444626,-0.137982,-0.0343598,-0.0420469,0.606231
-0.669171,-0.472501,-0.15369,-0.292824,-0.216542,0.576651
-0.633745,-0.437419,-0.133342,-0.429467,-0.314962,0.557419
-0.64101,-0.442907,-0.124725,-0.701786,-0.603474,0.50494
-0.674278,-0.476193,-0.141596,-0.851667,-0.760333,0.467473
-0.702278,-0.50447,-0.150142,-1.15032,-0.983967,0.383546
-0.728779,-0.530111,-0.164581,-1.31384,-1.04293,0.336913
-0.746999,-0.549587,-0.183474,-1.43488,-1.27001,0.256407
-0.757957,-0.56093,-0.188738,-1.45482,-1.35745,0.222642
-0.704035,-0.507017,-0.157715,-1.4513,-1.52705,0.164087
-0.682115,-0.483925,-0.14594,-1.43112,-1.59334,0.14026
-0.714272,-0.515746,-0.171713,-1.4286,-1.62261,0.113446
-0.716225,-0.518502,-0.177563,-1.42424,-1.62989,0.107742
-0.723736,-0.526247,-0.183412,-1.41434,-1.63927,0.0972347
-0.690245,-0.492931,-0.164588,-1.41435,-1.63187,0.0985854
-0.669894,-0.471548,-0.1533,-1.42031,-1.61954,0.099855
-0.662585,-0.464582,-0.149505,-1.42246,-1.61847,0.0994814
-0.684444,-0.485976,-0.160288,-1.41829,-1.61711,0.100352
-0.689234,-0.49189,-0.165259,-1.42086,-1.61349,0.100825
-0.693945,-0.496706,-0.168575,-1.42386,-1.60865,0.101116
-0.69539,-0.498247,-0.168534,-1.42412,-1.60572,0.101348
-0.698231,-0.50031,-0.164219,-1.42355,-1.60993,0.101163
-0.67166,-0.47407,-0.151682,-1.42357,-1.61058,0.100324
-0.66853,-0.470336,-0.150036,-1.42416,-1.60677,0.101055
-0.661193,-0.463677,-0.145008,-1.42405,-1.61215,0.100328
-0.67598,-0.477898,-0.149771,-1.42344,-1.61033,0.100771
-0.661379,-0.463123,-0.139483,-1.4239,-1.60619,0.101016
-0.644857,-0.446646,-0.125946,-1.4263,-1.59809,0.101307
-0.649348,-0.451351,-0.130707,-1.42751,-1.59895,0.101931
-0.651689,-0.453672,-0.133953,-1.4278,-1.59844,0.100865
-0.644979,-0.446476,-0.128108,-1.42807,-1.59268,0.10117
-0.633013,-0.434799,-0.121266,-1.42883,-1.59616,0.100223
-0.666181,-0.467572,-0.140031,-1.4266,-1.59896,0.100878
-0.655589,-0.457,-0.137136,-1.4264,-1.58484,0.101845
-0.6755,-0.477146,-0.148673,-1.42707,-1.58478,0.102106
-0.679902,-0.481135,-0.149944,-1.429,-1.58798,0.101884
-0.715551,-0.517314,-0.171333,-1.43008,-1.59702,0.10134
-0.669377,-0.471188,-0.146838,-1.42696,-1.59773,0.101865
-0.657871,-0.459073,-0.14146,-1.42827,-1.601,0.101004
-0.649878,-0.451201,-0.138133,-1.42687,-1.60231,0.100721
-0.632166,-0.433671,-0.131379,-1.42705,-1.59896,0.102037
-0.615613,-0.417012,-0.118659,-1.42797,-1.59524,0.102875
-0.628136,-0.4305,-0.123378,-1.43089,-1.60342,0.105432
-0.640037,-0.442388,-0.129766,-1.4308,-1.59569,0.107767
-0.644504,-0.446695,-0.131512,-1.43049,-1.58754,0.110458
-0.64995,-0.452041,-0.135091,-1.43029,-1.57601,0.114208
-0.646619,-0.448975,-0.131126,-1.43212,-1.56542,0.11524
-0.643961,-0.44615,-0.126753,-1.4306,-1.58264,0.115615
-0.666911,-0.468576,-0.140017,-1.43242,-1.57218,0.116744
-0.674307,-0.476339,-0.143327,-1.43228,-1.57521,0.11711
-0.67537,-0.476808,-0.142831,-1.43032,-1.5801,0.117448
-0.677521,-0.479322,-0.149849,-1.43307,-1.57543,0.117777
-0.677757,-0.479259,-0.150448,-1.43193,-1.58675,0.118008
-0.665619,-0.467716,-0.141805,-1.43368,-1.56649,0.118249
-0.655403,-0.456551,-0.133151,-1.43341,-1.56751,0.11841
-0.67616,-0.478026,-0.148855,-1.43408,-1.56577,0.118174
-0.666196,-0.468374,-0.139626,-1.43507,-1.53944,0.119815
-0.651181,-0.452547,-0.12727,-1.43358,-1.55648,0.119172
-0.64375,-0.444035,-0.121156,-1.4324,-1.56326,0.119076
-0.673117,-0.474573,-0.146325,-1.43037,-1.59012,0.119891
-0.664466,-0.466947,-0.141912,-1.4319,-1.58435,0.119233
-0.65224,-0.455274,-0.133786,-1.4322,-1.5773,0.119063
-0.664802,-0.468136,-0.142164,-1.43326,-1.57405,0.119498
-0.651619,-0.454318,-0.131065,-1.4344,-1.55538,0.119899
-0.661585,-0.464351,-0.136947,-1.43594,-1.55555,0.120291
-0.657461,-0.458947,-0.133653,-1.43885,-1.5462,0.12819
-0.666292,-0.468365,-0.136936,-1.43986,-1.52692,0.134393
-0.639281,-0.439613,-0.118416,-1.44071,-1.46123,0.157756
-0.621776,-0.422438,-0.10733,-1.44164,-1.40807,0.176671
-0.60805,-0.409072,-0.0956629,-1.42697,-1.27878,0.227025
-0.592969,-0.395264,-0.0809863,-1.35464,-1.1096,0.295303
-0.577007,-0.378665,-0.0701005,-1.27491,-1.02782,0.330927
-0.571842,-0.374288,-0.0744385,-1.06874,-0.853431,0.405124
-0.573154,-0.375903,-0.0768011,-0.93435,-0.760813,0.441942
-0.575429,-0.378403,-0.0843638,-0.799948,-0.645227,0.478213
-0.578506,-0.381077,-0.0866642,-0.566387,-0.411236,0.532984
-0.587356,-0.389041,-0.0959997,-0.455792,-0.318453,0.555747
-0.584725,-0.386878,-0.0991755,-0.300768,-0.152361,0.575772
-0.590177,-0.39294,-0.108409,-0.235517,-0.085114,0.585749
-0.625692,-0.427908,-0.119474,-0.132608,0.0115592,0.598527
-0.610182,-0.412466,-0.117817,-0.0960426,0.059529,0.602737
-0.612315,-0.414409,-0.123418,0.0139799,0.107694,0.611073
-0.613981,-0.416009,-0.119464,0.0409951,0.117722,0.610567
-0.619828,-0.422282,-0.124253,0.0392715,0.165884,0.607167
-0.625911,-0.428177,-0.127792,0.0660749,0.167809,0.613278
-0.592718,-0.394525,-0.109058,0.0722974,0.197221,0.618651
-0.593573,-0.395544,-0.107208,0.0675608,0.201897,0.621322
-0.609225,-0.411434,-0.117101,0.0698276,0.184529,0.62316
-0.630762,-0.433301,-0.132534,0.0581813,0.176385,0.623355
-0.649784,-0.452558,-0.14489,0.0534492,0.15449,0.622234
-0.633738,-0.436563,-0.14673,0.0552998,0.160031,0.622148
-0.596864,-0.399979,-0.111588,0.0149784,0.18595,0.618126
-0.580025,-0.382856,-0.0970685,0.00861909,0.187574,0.617084
-0.580668,-0.382676,-0.0930905,0.00508687,0.186141,0.615968
-0.582772,-0.38451,-0.0956266,0.0071357,0.18795,0.615994
-0.582661,-0.38422,-0.0933061,0.0115775,0.192934,0.614929
-0.579726,-0.382029,-0.0950994,0.00744635,0.19341,0.614286
-0.587679,-0.390008,-0.0999695,0.0108798,0.182145,0.614532
-0.589725,-0.391679,-0.105497,-0.00315318,0.187866,0.61299
-0.583882,-0.386409,-0.11081,-0.0127769,0.1944,0.612373
-0.561607,-0.364102,-0.0883673,-0.0169492,0.198818,0.611512
-0.583853,-0.386392,-0.102917,-0.0241849,0.189589,0.608004
-0.580377,-0.383041,-0.0955885,-0.0174597,0.184993,0.609919
-0.563269,-0.363978,-0.0840057,0.00274276,0.188149,0.608322
-0.550373,-0.35244,-0.081121,-0.00371707,0.194932,0.604703
-0.563181,-0.365036,-0.0871518,-0.0226013,0.181153,0.608884
-0.584007,-0.386485,-0.0931028,0.00413486,0.166442,0.611966
-0.561527,-0.364655,-0.0864859,-0.000585872,0.181213,0.608247
-0.551471,-0.354709,-0.0804413,0.0100097,0.185441,0.609698
-0.570101,-0.373311,-0.0934392,0.0115378,0.176554,0.612813
-0.571141,-0.373941,-0.0896139,0.0121132,0.180825,0.613767
-0.570569,-0.371902,-0.089149,-0.0211202,0.185448,0.608774
-0.546387,-0.348595,-0.0775529,-0.0204272,0.183178,0.609875
-0.538605,-0.341233,-0.0695262,0.00690779,0.187879,0.6113
-0.553379,-0.355835,-0.0760157,0.00970554,0.182807,0.613054
-0.576275,-0.378498,-0.0898083,-0.00141475,0.175033,0.612804
-0.576553,-0.378532,-0.0920103,0.012585,0.171149,0.611522
-0.57409,-0.376802,-0.0900296,0.0143816,0.170833,0.614007
-0.575195,-0.377326,-0.0942883,0.0233679,0.178449,0.612655
-0.569079,-0.371861,-0.0923793,0.0598426,0.171894,0.616045
-0.573153,-0.375517,-0.0976857,0.0599746,0.172259,0.613157
-0.570775,-0.37377,-0.094739,0.0452357,0.186462,0.608171
-0.590186,-0.392294,-0.106545,0.0209966,0.186908,0.60583
-0.570206,-0.373223,-0.0923982,0.00261341,0.193077,0.603775
-0.567166,-0.370019,-0.0900811,-0.0143811,0.192945,0.602532
-0.555785,-0.358806,-0.08528,-0.0163127,0.189122,0.601844
-0.565712,-0.36845,-0.0871318,-0.0219001,0.186157,0.601666
-0.561506,-0.363679,-0.0779339,-0.014797,0.181083,0.60199
-0.570476,-0.372291,-0.0827739,-0.00785784,0.174441,0.602316
-0.566106,-0.36786,-0.0839613,-0.000135206,0.170461,0.602663
-0.563794,-0.365448,-0.0878657,0.0105992,0.164922,0.603131
-0.576687,-0.379191,-0.101228,0.00949039,0.165083,0.603441
-0.567939,-0.370545,-0.0888508,0.00207291,0.17238,0.603407
-0.585111,-0.388138,-0.0978521,-0.00184727,0.169891,0.603305
-0.593415,-0.396058,-0.0984298,0.00437305,0.164919,0.603587
-0.603367,-0.406023,-0.102869,0.000433019,0.17366,0.603924
-0.608326,-0.411178,-0.11172,0.0147496,0.176053,0.60496
-0.585402,-0.38804,-0.112921,0.0399851,0.174055,0.608588
-0.591913,-0.394808,-0.10888,0.0388329,0.17216,0.610354
-0.565142,-0.367062,-0.087583,0.0370002,0.180179,0.609081
-0.564137,-0.366738,-0.0813995,-0.00441823,0.183852,0.603018
-0.587378,-0.388979,-0.095521,-0.0942525,0.182123,0.583847
-0.594497,-0.396652,-0.104034,-0.150873,0.184142,0.570136
-0.599687,-0.401537,-0.10845,-0.265711,0.169687,0.520978
-0.600365,-0.402857,-0.106716,-0.276484,0.141572,0.491925
-0.60413,-0.405417,-0.119566,-0.332302,0.0887223,0.406273
-0.589545,-0.39142,-0.111684,-0.347176,0.0854461,0.354323
-0.614677,-0.417072,-0.124046,-0.255158,0.038422,0.260433
-0.593623,-0.396182,-0.11445,-0.205392,0.00598989,0.221777
-0.616863,-0.418243,-0.127745,-0.200799,-0.0187111,0.17778
-0.625062,-0.427092,-0.134048,-0.23687,-0.0208005,0.165194
-0.616248,-0.417815,-0.13488,-0.24325,-0.0199442,0.169153
-0.601644,-0.403791,-0.127085,-0.241754,0.0156675,0.176512
-0.614102,-0.416334,-0.136379,-0.232617,0.0333166,0.192056
-0.637628,-0.440568,-0.151063,-0.27121,0.0455363,0.203196
-0.650156,-0.452045,-0.157566,-0.325897,0.079707,0.210216
-0.686211,-0.487418,-0.182276,-0.343294,0.0781659,0.211788
-0.654102,-0.455861,-0.16503,-0.312836,0.0652887,0.210492
-0.624156,-0.42662,-0.142913,-0.311645,0.108341,0.204054
-0.61076,-0.411853,-0.134917,-0.267206,0.0963473,0.186898
-0.641643,-0.443528,-0.155583,-0.264606,0.0664437,0.179168
-0.62053,-0.421803,-0.148441,-0.218895,0.0204483,0.173149
-0.60363,-0.40565,-0.133717,-0.213232,0.0528775,0.173316
-0.612095,-0.414308,-0.139435,-0.203098,0.0431859,0.178316
-0.615455,-0.417789,-0.141389,-0.204571,0.0492863,0.179503
-0.621751,-0.424568,-0.143929,-0.231942,0.0626599,0.183122
-0.604188,-0.407179,-0.132952,-0.247571,0.0630502,0.18657
-0.647936,-0.450197,-0.164454,-0.287896,0.0312902,0.186271
-0.618221,-0.420889,-0.146203,-0.298312,0.0624751,0.185002
-0.590708,-0.393099,-0.123651,-0.299424,0.0772723,0.182516
-0.591604,-0.393692,-0.12231,-0.296514,0.0720949,0.179871
-0.626625,-0.42977,-0.146406,-0.291362,0.016216,0.173222
-0.616457,-0.41933,-0.138276,-0.303799,0.0260465,0.172998
-0.604216,-0.407402,-0.129481,-0.297158,0.0260121,0.173471
-0.609525,-0.41136,-0.137456,-0.291112,0.00581154,0.175306
-0.598038,-0.401363,-0.129909,-0.289013,0.0460828,0.179862
-0.599321,-0.402531,-0.126408,-0.281022,0.050755,0.182531
-0.600785,-0.404156,-0.122912,-0.267666,0.05977,0.183771
-0.59971,-0.402501,-0.120918,-0.256917,0.0681754,0.182746
-0.599649,-0.401995,-0.119149,-0.248062,0.064987,0.18016
-0.594691,-0.396359,-0.119283,-0.247729,0.0645497,0.17866
-0.597262,-0.399471,-0.118317,-0.241759,0.054299,0.175853
-0.600756,-0.403185,-0.120201,-0.244447,0.0710487,0.17454
-0.595763,-0.397996,-0.118404,-0.251362,0.0425297,0.172434
-0.594091,-0.396566,-0.116068,-0.243817,0.0382609,0.174629
-0.593673,-0.396147,-0.118613,-0.232755,0.0280407,0.17712
-0.590424,-0.393648,-0.113775,-0.238807,0.046275,0.17761
-0.591469,-0.393938,-0.11218,-0.240325,0.0474376,0.177125
-0.597991,-0.401068,-0.116386,-0.239574,0.0551734,0.178
-0.591877,-0.395482,-0.116713,-0.247721,0.0600734,0.176625
-0.593817,-0.397448,-0.115956,-0.243899,0.0605926,0.176837
-0.570856,-0.372903,-0.102044,-0.244263,0.0546489,0.174572
-0.575253,-0.377583,-0.105356,-0.248328,0.0476856,0.175638
-0.602654,-0.404845,-0.128311,-0.236034,0.0278299,0.177463
-0.594689,-0.396941,-0.127418,-0.239906,0.0532856,0.177833
-0.592263,-0.395214,-0.118441,-0.260466,0.0463315,0.178365
-0.583724,-0.386209,-0.116229,-0.259152,0.0441097,0.177329
-0.606586,-0.408378,-0.13635,-0.261833,0.00164983,0.174678
-0.61148,-0.413792,-0.138857,-0.266016,0.00955829,0.175877
-0.640156,-0.441568,-0.159206,-0.278765,-0.0141587,0.17583
-0.647456,-0.448564,-0.166032,-0.285937,-0.0205748,0.175137
-0.62922,-0.432028,-0.148296,-0.279047,0.0190279,0.176946
-0.605111,-0.408296,-0.133709,-0.2775,0.024519,0.177581
-0.621186,-0.423778,-0.14253,-0.26719,0.0229186,0.175631
-0.615608,-0.416952,-0.137827,-0.26197,0.0215791,0.175777
-0.633268,-0.435568,-0.160983,-0.271516,-0.0230082,0.175807
-0.624485,-0.427125,-0.151456,-0.287246,0.00336667,0.173692
-0.592688,-0.395935,-0.130553,-0.269743,0.00280321,0.173123
-0.593298,-0.396913,-0.12641,-0.257903,0.00136692,0.172997
-0.591224,-0.394728,-0.128411,-0.239215,0.0165143,0.174124
-0.58893,-0.392531,-0.122763,-0.242564,0.0197339,0.174293
-0.585403,-0.388734,-0.116947,-0.247896,0.0368836,0.173605
-0.563328,-0.366672,-0.108372,-0.250675,0.0411878,0.172547
-0.575081,-0.376747,-0.110554,-0.235242,0.0363861,0.173493
-0.578141,-0.380537,-0.113158,-0.232532,0.0358052,0.174611
-0.590297,-0.393187,-0.114977,-0.241128,0.029116,0.174303
-0.592017,-0.393997,-0.115508,-0.23364,0.0211867,0.17443
-0.592534,-0.39492,-0.11749,-0.250054,0.0151281,0.174434
-0.570778,-0.373436,-0.101545,-0.25654,0.0279246,0.174802
-0.585328,-0.388013,-0.117353,-0.285421,-0.00372572,0.170566
-0.584274,-0.387814,-0.117835,-0.295614,-0.00409671,0.173434
-0.601298,-0.404049,-0.127459,-0.308643,-0.0325851,0.17821
-0.619729,-0.421778,-0.14053,-0.371806,-0.0540678,0.191836
-0.627682,-0.430692,-0.140512,-0.483413,-0.0399006,0.215656
-0.634226,-0.436466,-0.142319,-0.540426,-0.040942,0.241621
-0.620551,-0.423528,-0.134919,-0.592354,-0.0401499,0.275042
-0.651468,-0.45314,-0.157877,-0.607654,-0.0934984,0.355186
-0.607115,-0.409635,-0.127388,-0.56452,-0.0144995,0.433922
-0.594255,-0.396565,-0.114301,-0.49771,0.0303548,0.474782
-0.608183,-0.41144,-0.124948,-0.300406,0.0908377,0.540019
-0.568603,-0.371792,-0.0963224,-0.169954,0.147726,0.568312
-0.543669,-0.34611,-0.0747455,0.0301455,0.23622,0.603802
-0.536804,-0.339129,-0.0700065,0.113817,0.256868,0.619793
-0.591384,-0.393649,-0.108924,0.204255,0.268044,0.63487
-0.58737,-0.389902,-0.11133,0.218881,0.28697,0.639265
-0.593713,-0.396759,-0.125029,0.252079,0.29405,0.638952
-0.613021,-0.416669,-0.129392,0.22657,0.284775,0.637958
-0.609076,-0.412019,-0.132448,0.152699,0.298478,0.623713
-0.595619,-0.399469,-0.13125,0.121315,0.30474,0.618393
-0.579999,-0.383681,-0.12405,0.115695,0.302231,0.61387
-0.598325,-0.402181,-0.122066,0.103257,0.289444,0.612638
-0.56902,-0.372225,-0.0911987,0.189521,0.272225,0.622796
-0.570394,-0.374481,-0.0898848,0.14209,0.280059,0.614038
-0.609962,-0.413948,-0.1135,0.171917,0.267786,0.621577
-0.569613,-0.373813,-0.0946942,0.225891,0.27166,0.627072
-0.588251,-0.391785,-0.102511,0.208292,0.270978,0.627093
-0.602968,-0.407325,-0.112899,0.156199,0.274616,0.620529
-0.614926,-0.419539,-0.121047,0.18965,0.265194,0.622384
-0.614433,-0.41903,-0.121171,0.180377,0.270912,0.622781
-0.574682,-0.378622,-0.093096,0.118771,0.294894,0.617464
-0.573279,-0.377044,-0.0925177,0.0798669,0.30998,0.61241
-0.565025,-0.368932,-0.0842584,0.0602003,0.309233,0.606966
-0.581195,-0.383909,-0.0997206,0.055467,0.292067,0.606186
-0.620166,-0.423357,-0.123685,0.063193,0.279679,0.605718
-0.616374,-0.419387,-0.128317,0.0641695,0.276822,0.606368
-0.578811,-0.381961,-0.106081,0.0708296,0.283383,0.608598
-0.571387,-0.374193,-0.0990304,0.0727491,0.285991,0.608847
-0.57149,-0.375505,-0.100633,0.0662989,0.293676,0.606619
-0.592391,-0.396506,-0.110843,0.0583715,0.282921,0.605239
-0.580075,-0.383807,-0.100702,0.0915374,0.285663,0.607116
-0.590337,-0.392835,-0.11483,0.0827661,0.279131,0.60594
-0.581783,-0.385588,-0.114247,0.0658212,0.290574,0.605026
-0.575381,-0.377501,-0.105933,0.0759176,0.286027,0.608132
-0.593768,-0.395944,-0.124842,0.103767,0.269003,0.613263
-0.574681,-0.376374,-0.117448,0.0975438,0.270463,0.610209
-0.572571,-0.374721,-0.110418,0.0607438,0.278632,0.605098
-0.587292,-0.38883,-0.11443,0.0584195,0.274548,0.604349
-0.55446,-0.355951,-0.0950354,0.0767885,0.273484,0.604926
-0.559588,-0.360873,-0.094685,0.0747689,0.272487,0.608598
-0.569868,-0.371906,-0.099396,0.0725834,0.276492,0.608257
-0.560996,-0.362594,-0.103861,0.0741177,0.264261,0.610891
-0.565532,-0.368112,-0.0965714,0.0744221,0.275825,0.608828
-0.571124,-0.373591,-0.0979161,0.0685725,0.276402,0.607146
-0.573293,-0.376149,-0.0993356,0.0617224,0.28023,0.605973
-0.574683,-0.378097,-0.100199,0.0627215,0.271153,0.606116
-0.569334,-0.372548,-0.0951635,0.0543309,0.265776,0.606194
-0.576961,-0.379415,-0.0996815,0.0643323,0.260427,0.609831
-0.577821,-0.381001,-0.101894,0.0406702,0.257589,0.606771
-0.576115,-0.378983,-0.096655,0.0531731,0.250328,0.606383
-0.574092,-0.377468,-0.0971224,0.0535839,0.250373,0.605799
-0.538703,-0.340308,-0.104076,0.0440278,0.273529,0.605515
-0.562078,-0.364989,-0.101568,0.054838,0.259648,0.604441
-0.56367,-0.365949,-0.101762,0.058464,0.256734,0.604373
-0.566745,-0.369789,-0.0980038,0.0589715,0.257934,0.603135
-0.566293,-0.369188,-0.0942881,0.0567859,0.265271,0.602975
-0.571114,-0.374384,-0.0988651,0.0547944,0.267226,0.602808
-0.569064,-0.371664,-0.0990951,0.0551453,0.267622,0.60275
-0.594067,-0.397054,-0.116621,0.0465479,0.268764,0.602633
-0.595375,-0.398953,-0.117482,0.0597,0.254613,0.602686
-0.587462,-0.391702,-0.108368,0.0391903,0.268658,0.598398
-0.575911,-0.37942,-0.104431,0.0294495,0.263289,0.598885
-0.592672,-0.394475,-0.119023,0.02389,0.243173,0.591986
-0.575653,-0.377778,-0.112892,-0.000799791,0.235978,0.58893
-0.556302,-0.358574,-0.103697,-0.109968,0.173078,0.586242
-0.570437,-0.371957,-0.112579,-0.180301,0.10826,0.580817
-0.578503,-0.380169,-0.110631,-0.265857,0.0349797,0.576151
-0.601179,-0.404607,-0.115447,-0.455595,-0.145585,0.555735
-0.636218,-0.437714,-0.133206,-0.683785,-0.447169,0.520022
-0.665324,-0.467994,-0.150263,-0.80458,-0.592819,0.492058
-0.630524,-0.433473,-0.114833,-1.04936,-0.789594,0.426625
-0.646445,-0.448142,-0.12041,-1.20499,-0.856318,0.38879
-0.659661,-0.461837,-0.123052,-1.32552,-0.911839,0.349855
-0.666323,-0.467361,-0.129392,-1.43403,-1.13949,0.282207
-0.704918,-0.504918,-0.15565,-1.45497,-1.35085,0.227934
-0.705014,-0.506635,-0.159434,-1.45569,-1.4323,0.202795
-0.7108,-0.512973,-0.166868,-1.44668,-1.53078,0.172234
-0.715597,-0.518264,-0.170383,-1.44232,-1.55182,0.161704
-0.715082,-0.517147,-0.17196,-1.43954,-1.57975,0.151693
-0.698064,-0.501133,-0.164786,-1.43722,-1.58307,0.149696
-0.690111,-0.493363,-0.161747,-1.43828,-1.57443,0.152084
-0.693634,-0.49656,-0.16079,-1.43686,-1.55844,0.156251
-0.704488,-0.506798,-0.17028,-1.43669,-1.56318,0.157956
-0.700949,-0.503725,-0.169002,-1.43504,-1.55987,0.162957
-0.698366,-0.500293,-0.166633,-1.43357,-1.5617,0.164993
-0.705171,-0.507182,-0.173449,-1.43309,-1.56123,0.166459
-0.698489,-0.500728,-0.166931,-1.43353,-1.55142,0.167894
-0.694077,-0.496581,-0.165665,-1.43453,-1.55256,0.166007
-0.696674,-0.499132,-0.167274,-1.43184,-1.5516,0.167944
-0.672149,-0.474257,-0.148932,-1.43098,-1.54686,0.168706
-0.664552,-0.467314,-0.143848,-1.43293,-1.54108,0.169267
-0.649053,-0.451104,-0.132709,-1.43273,-1.53758,0.167853
-0.648116,-0.449056,-0.128556,-1.43411,-1.52492,0.169244
-0.643083,-0.444678,-0.126868,-1.43489,-1.51736,0.169892
-0.632772,-0.435118,-0.122001,-1.43275,-1.51182,0.171877
-0.622137,-0.423981,-0.112812,-1.43205,-1.51186,0.172257
-0.668219,-0.470084,-0.142144,-1.43302,-1.51386,0.172929
-0.674994,-0.476902,-0.152467,-1.43642,-1.50515,0.172426
-0.664635,-0.466563,-0.143674,-1.43667,-1.50809,0.171939
-0.665783,-0.467072,-0.142303,-1.43574,-1.51834,0.171762
-0.679276,-0.481344,-0.152844,-1.43789,-1.50835,0.173769
-0.664817,-0.466662,-0.143368,-1.4366,-1.50428,0.175854
-0.647239,-0.449706,-0.132415,-1.4377,-1.49482,0.177318
-0.640985,-0.443491,-0.133005,-1.43795,-1.49097,0.177798
-0.655059,-0.45738,-0.139611,-1.43937,-1.4732,0.180356
-0.666953,-0.468828,-0.142827,-1.43869,-1.47072,0.181803
-0.671786,-0.473313,-0.14288,-1.43942,-1.46842,0.182193
-0.632018,-0.433538,-0.121076,-1.44328,-1.44087,0.183023
-0.655167,-0.455758,-0.137178,-1.44184,-1.44574,0.18419
-0.662836,-0.463786,-0.142745,-1.44089,-1.45539,0.184309
-0.668733,-0.470199,-0.147342,-1.44258,-1.4534,0.183049
-0.673763,-0.476068,-0.14752,-1.44013,-1.44752,0.184452
-0.674001,-0.476437,-0.148106,-1.44006,-1.44808,0.184935
-0.682392,-0.483902,-0.155424,-1.4411,-1.45521,0.186807
-0.676292,-0.478285,-0.155602,-1.4416,-1.45819,0.186729
-0.679665,-0.482509,-0.155645,-1.44115,-1.45767,0.190475
-0.677887,-0.480602,-0.151415,-1.43651,-1.45953,0.193271
-0.663861,-0.465457,-0.143224,-1.43969,-1.43804,0.196828
-0.672061,-0.474253,-0.147483,-1.44958,-1.40992,0.19695
-0.675843,-0.477951,-0.147156,-1.4532,-1.40005,0.19803
-0.683524,-0.485495,-0.148765,-1.45784,-1.38335,0.197793
-0.62984,-0.430701,-0.11047,-1.46346,-1.34941,0.198658
-0.620499,-0.421736,-0.100581,-1.46625,-1.32681,0.201384
-0.611389,-0.412023,-0.106108,-1.47652,-1.28739,0.200571
-0.619227,-0.419633,-0.122221,-1.49425,-1.14352,0.203373
-0.603297,-0.404777,-0.108742,-1.50035,-1.03786,0.205092
-0.597916,-0.401047,-0.108963,-1.49978,-0.91463,0.203889
-0.572468,-0.375083,-0.0764793,-1.39939,-0.647238,0.196614
-0.564188,-0.367275,-0.0639772,-1.29113,-0.507774,0.195494
-0.505395,-0.30929,-0.0215277,-1.01735,-0.258308,0.182714
-0.517332,-0.319789,-0.0236235,-0.871585,-0.140361,0.178597
-0.520217,-0.32206,-0.0315135,-0.482929,-0.0135504,0.167771
-0.530154,-0.332222,-0.0357763,-0.30008,0.0433067,0.159938
-0.508787,-0.311141,-0.0290861,-0.0831041,0.192632,0.152905
-0.503815,-0.306308,-0.0215126,-0.00261322,0.263636,0.154954
-0.497094,-0.299776,-0.00956712,0.090762,0.353103,0.158355
-0.478547,-0.270423,-0.000319513,0.111778,0.380653,0.159941
-0.469286,-0.273094,0.0168337,0.142693,0.378512,0.165953
-0.441806,-0.245388,0.0414067,0.0972834,0.369024,0.165654
-0.411544,-0.212727,0.0759874,-0.00999782,0.398001,0.169148
-0.375038,-0.176784,0.1066,-0.093195,0.384996,0.175303
-0.361113,-0.16324,0.122718,-0.132,0.402589,0.180566
-0.363722,-0.164314,0.1244,-0.168146,0.408311,0.18617
-0.388205,-0.189571,0.116918,-0.186978,0.408382,0.198494
-0.335061,-0.136825,0.141747,-0.197131,0.438988,0.209928
-0.299466,-0.100525,0.153471,-0.213888,0.452948,0.216615
-0.298839,-0.0996539,0.146429,-0.24684,0.482303,0.224335
-0.32378,-0.124877,0.124226,-0.323504,0.477884,0.24555
-0.335867,-0.136694,0.11041,-0.373348,0.473068,0.255682
-0.390856,-0.191872,0.067091,-0.437929,0.471898,0.283648
-0.395604,-0.196728,0.0555584,-0.427805,0.460183,0.301702
-0.421459,-0.222204,0.0348692,-0.408039,0.481937,0.341971
-0.416498,-0.217511,0.0349501,-0.414505,0.477428,0.360002
-0.41711,-0.218306,0.0339016,-0.45299,0.415691,0.389588
-0.409812,-0.210865,0.036405,-0.461311,0.396977,0.408267
-0.397952,-0.199156,0.0422841,-0.604445,0.429099,0.44832
-0.385242,-0.186799,0.0409701,-0.623566,0.372783,0.459263
-0.364708,-0.166924,0.0554352,-0.601454,0.296821,0.458649
-0.370244,-0.173309,0.0511141,-0.532141,0.267154,0.448921
-0.373928,-0.178757,0.0396106,-0.260627,0.252814,0.445396
-0.399009,-0.205602,0.0236965,-0.167474,0.203857,0.44585
-0.409962,-0.216662,0.0170497,-0.110813,0.158013,0.442826
-0.434445,-0.241232,0.00814713,-0.0569371,0.12699,0.438862
-0.456984,-0.264929,0.0173212,0.0233162,0.0782742,0.43567
-0.466209,-0.2743,0.00167421,0.0471254,0.0524537,0.434386
-0.686059,-0.499146,-0.236566,0.0512931,-0.0260118,0.41248
-0.652652,-0.463662,-0.230033,0.0700412,-0.0413609,0.381119
-0.447784,-0.256687,-0.0619826,0.127325,-0.0230176,0.356001
-0.311488,-0.117258,0.0965436,0.175654,-0.0022674,0.305312
-0.300982,-0.10469,0.105216,0.188885,0.0011124,0.291153
-0.296155,-0.0985075,0.107132,0.198831,0.00257514,0.283934
-0.29329,-0.0944871,0.107482,0.212629,0.00250995,0.278391
-0.293321,-0.0942102,0.107408,0.222152,0.00138088,0.276927
-0.292784,-0.0936216,0.107372,0.226002,0.000849175,0.276626
-0.291275,-0.0920864,0.107328,0.229417,0.000403006,0.276398
-0.290975,-0.0917675,0.107364,0.235071,-0.000370614,0.276443
-0.291363,-0.0921523,0.107466,0.237381,-0.000734944,0.276743
-0.291308,-0.0920943,0.107465,0.241463,-0.00112962,0.276742
-0.290648,-0.0914344,0.107366,0.243282,-0.00118179,0.276452
-0.290627,-0.0914131,0.107362,0.246237,-0.0013827,0.276452
-0.290625,-0.0914107,0.107357,0.248623,-0.00150985,0.276451
-0.291314,-0.0920992,0.107452,0.249551,-0.00164272,0.27674
-0.291318,-0.0921032,0.107447,0.251284,-0.00170555,0.276737
-0.290622,-0.0914076,0.10735,0.252108,-0.00164109,0.27645
-0.291322,-0.092108,0.107447,0.252682,-0.00174857,0.276746
-0.291328,-0.0921131,0.107447,0.253812,-0.00177609,0.276753
-0.290624,-0.0914095,0.107348,0.254383,-0.00169535,0.276459
-0.290621,-0.091407,0.107345,0.255208,-0.00170725,0.276458
-0.291333,-0.0921184,0.107443,0.25547,-0.00180061,0.276751
-0.291333,-0.0921186,0.107443,0.256069,-0.00180784,0.276756
-0.290621,-0.0914066,0.107345,0.256412,-0.00172201,0.276467
-0.290621,-0.0914068,0.107345,0.256849,-0.00172578,0.276471
-0.291333,-0.0921184,0.107443,0.256947,-0.00181544,0.276763
-0.291338,-0.0921232,0.107443,0.257264,-0.00181728,0.276766
-0.290612,-0.0913979,0.107345,0.257488,-0.00172957,0.276476
-0.290612,-0.0913979,0.107345,0.257719,-0.00173057,0.276478
-0.291342,-0.0921278,0.107443,0.25773,-0.0018193,0.27677
-0.291347,-0.0921324,0.107443,0.257899,-0.00181978,0.276771
-0.290603,-0.0913885,0.107345,0.258059,-0.00173156,0.276481
-0.290603,-0.0913882,0.107345,0.258182,-0.00173179,0.276482
-0.291349,-0.0921348,0.107445,0.258144,-0.00182242,0.27678
-0.291354,-0.0921395,0.107445,0.258234,-0.00182251,0.276781
-0.290595,-0.0913811,0.107348,0.258361,-0.00173417,0.276491
-0.29059,-0.0913762,0.107348,0.258426,-0.0017342,0.276492
-0.291356,-0.0921421,0.107448,0.258364,-0.00182475,0.27679
-0.291357,-0.0921424,0.107448,0.258412,-0.00182478,0.276791
-0.29059,-0.0913757,0.107348,0.258523,-0.00173426,0.276493
-0.29059,-0.0913756,0.107347,0.258558,-0.00173427,0.276494
-0.291362,-0.0921473,0.107448,0.258482,-0.00182478,0.276792
-0.291366,-0.0921517,0.107448,0.258508,-0.00182477,0.276792
-0.291366,-0.0921516,0.107448,0.258528,-0.00182476,0.276793
-0.290581,-0.0913671,0.107348,0.258628,-0.00173423,0.276495
-0.290581,-0.0913671,0.107348,0.258643,-0.00173423,0.276495
-0.291366,-0.0921514,0.107447,0.258559,-0.00182476,0.276793
-0.290581,-0.0913671,0.107348,0.258655,-0.00173423,0.276495
-0.290582,-0.0913674,0.107348,0.258665,-0.00173424,0.276496
-0.290577,-0.0913629,0.107347,0.258673,-0.00173422,0.276496
-0.29137,-0.092156,0.107447,0.258586,-0.00182475,0.276794
-0.290573,-0.091359,0.107348,0.258679,-0.00173422,0.276496
-0.290573,-0.0913589,0.107348,0.258685,-0.00173421,0.276496
-0.290573,-0.0913593,0.107348,0.258689,-0.00173419,0.276496
-0.291372,-0.092158,0.10745,0.258598,-0.00182684,0.276801
-0.290574,-0.0913594,0.107347,0.258692,-0.00173419,0.276496
-0.290574,-0.0913594,0.107347,0.258695,-0.00173421,0.276496
-0.290576,-0.0913615,0.107345,0.258699,-0.00173205,0.276489
-0.291377,-0.0921633,0.107445,0.25861,-0.0018226,0.276787
-0.290571,-0.0913573,0.107345,0.258701,-0.00173206,0.276489
-0.290571,-0.0913573,0.107345,0.258703,-0.00173206,0.276489
-0.291375,-0.092161,0.107447,0.258611,-0.00182472,0.276794
-0.29138,-0.0921655,0.107447,0.258612,-0.00182472,0.276794
-0.290565,-0.0913508,0.107347,0.258703,-0.00173419,0.276496
-0.290565,-0.091351,0.107347,0.258704,-0.00173418,0.276496
-0.291381,-0.0921672,0.10745,0.258611,-0.00182683,0.276801
-0.291382,-0.0921674,0.10745,0.258612,-0.00182683,0.276801
-0.290569,-0.0913554,0.107347,0.258705,-0.00173419,0.276496
-0.290565,-0.091351,0.107347,0.258705,-0.00173421,0.276496
-0.291384,-0.0921704,0.107447,0.258615,-0.00182471,0.276794
-0.291385,-0.0921704,0.107447,0.258615,-0.00182471,0.276794
-0.290565,-0.0913512,0.107347,0.258706,-0.00173419,0.276496
-0.290566,-0.0913514,0.107347,0.258706,-0.00173418,0.276496
-0.291382,-0.0921679,0.10745,0.258613,-0.00182681,0.276801
-0.291384,-0.0921703,0.107447,0.258616,-0.00182469,0.276794
-0.291388,-0.0921742,0.107447,0.258616,-0.00182468,0.276794
-0.290557,-0.0913432,0.107347,0.258706,-0.00173415,0.276496
-0.291388,-0.0921742,0.107447,0.258616,-0.00182468,0.276794
-0.291392,-0.0921782,0.107447,0.258616,-0.00182466,0.276794
-0.29056,-0.0913459,0.107345,0.258709,-0.00173199,0.276489
-0.29056,-0.0913458,0.107345,0.258709,-0.00173198,0.276489
-0.291395,-0.0921807,0.107445,0.258618,-0.00182252,0.276787
-0.291396,-0.0921823,0.107447,0.258616,-0.00182465,0.276794
-0.29056,-0.0913462,0.107345,0.258709,-0.00173196,0.276489
-0.290554,-0.0913403,0.107347,0.258707,-0.0017341,0.276496
-0.291396,-0.0921819,0.107447,0.258616,-0.00182465,0.276794
-0.2914,-0.0921858,0.107447,0.258616,-0.00182465,0.276794
-0.290552,-0.0913384,0.107345,0.258709,-0.00173195,0.276489
-0.290552,-0.0913385,0.107345,0.258709,-0.00173196,0.276489
-0.291403,-0.0921892,0.107445,0.258618,-0.00182251,0.276787
-0.291403,-0.0921892,0.107445,0.258618,-0.00182251,0.276787
-0.291403,-0.0921894,0.107445,0.258618,-0.00182251,0.276787
-0.290553,-0.0913389,0.107345,0.258709,-0.00173196,0.276489
-0.291404,-0.0921897,0.107445,0.258618,-0.00182251,0.276787
-0.291404,-0.0921899,0.107445,0.258618,-0.00182251,0.276787
-0.290553,-0.091339,0.107345,0.258709,-0.00173195,0.276489
-0.290551,-0.0913368,0.107347,0.258707,-0.00173408,0.276496
-0.291406,-0.0921915,0.107447,0.258616,-0.00182463,0.276794
-0.291406,-0.0921916,0.107447,0.258616,-0.00182463,0.276794
-0.290549,-0.0913352,0.107345,0.258709,-0.00173195,0.276489
-0.290549,-0.091335,0.107345,0.258709,-0.00173196,0.276489
-0.291409,-0.0921949,0.107445,0.258618,-0.00182251,0.276787
-0.291413,-0.0921989,0.107445,0.258619,-0.00182249,0.276787
-0.290545,-0.0913308,0.107345,0.258709,-0.00173195,0.276489
-0.290545,-0.0913307,0.107345,0.258709,-0.00173193,0.276489
-0.290545,-0.0913307,0.107345,0.258709,-0.00173193,0.276489
-0.290545,-0.0913307,0.107345,0.258709,-0.00173193,0.276489
-0.290545,-0.0913307,0.107345,0.258709,-0.00173193,0.276489
-0.290545,-0.0913307,0.107345,0.258709,-0.00173193,0.276489
-0.290545,-0.0913307,0.107345,0.258709,-0.00173193,0.276489
