 head     neck    torso    right elbow    right_shoulder_ right hand    
-0.578374,-0.578374,-0.572215,-0.220655,0.21605,0.290176
-0.608021,-0.608021,-0.599365,-0.306048,0.148638,0.268141
-0.54583,-0.54583,-0.543911,-0.408435,0.130798,0.253788
-0.553195,-0.553195,-0.553262,-0.390317,0.149578,0.243786
-0.408035,-0.408035,-0.410862,-0.410559,-0.0379605,0.233219
-0.393661,-0.393661,-0.392445,-0.338428,-0.0289859,0.230074
-0.41569,-0.41569,-0.419597,-0.339881,-0.000716831,0.226222
-0.432252,-0.432252,-0.432346,-0.296967,0.272981,0.218894
-0.393979,-0.393979,-0.394552,-0.0624529,0.260673,0.205421
-0.415595,-0.415595,-0.41806,-0.448256,0.409768,0.209844
-0.40395,-0.40395,-0.406927,-0.442537,0.405258,0.200901
-0.358113,-0.358113,-0.358407,-0.432605,0.520843,0.185226
-0.322565,-0.322565,-0.322473,-0.331324,0.510735,0.165488
-0.205563,-0.205563,-0.205034,-0.431607,0.523079,0.167284
-0.160943,-0.160943,-0.158392,-0.576949,0.569722,0.175206
-0.163688,-0.163688,-0.160285,-0.172005,0.575006,0.206106
-0.209763,-0.209763,-0.20778,-0.246051,0.623549,0.221869
-0.234543,-0.234543,-0.231983,-0.324717,0.58987,0.246548
-0.230384,-0.230384,-0.225237,-0.380636,0.574218,0.248792
-0.240981,-0.240981,-0.233838,-0.438475,0.603904,0.248064
-0.242539,-0.242539,-0.230222,-0.47776,0.597616,0.230834
-0.232623,-0.232623,-0.226183,-0.440018,0.554451,0.217317
-0.258121,-0.258121,-0.263436,-0.371714,0.461601,0.187768
-0.288704,-0.288704,-0.268447,-0.328263,0.413375,0.177752
-0.35814,-0.35814,-0.319446,-0.317238,0.394597,0.166223
-0.370171,-0.370171,-0.326414,-0.322293,0.402461,0.16936
-0.278655,-0.278655,-0.26533,-0.406694,0.429283,0.178463
-0.264783,-0.264783,-0.261085,-0.441533,0.484684,0.182464
-0.308327,-0.308327,-0.310505,-0.335744,0.322672,0.200614
-0.348991,-0.348991,-0.351781,-0.329129,0.339313,0.204103
-0.434302,-0.434302,-0.40928,-0.240916,0.393842,0.204399
-0.40817,-0.40817,-0.38226,-0.243816,0.374107,0.198799
-0.381298,-0.381298,-0.359699,-0.241204,0.308519,0.182847
-0.392858,-0.392858,-0.376159,-0.276606,0.325216,0.166586
-0.418088,-0.418088,-0.419198,-0.374195,0.383553,0.13255
-0.390448,-0.390448,-0.391095,-0.426769,0.376068,0.116633
-0.306357,-0.306357,-0.298014,-0.301606,0.0853487,0.0935965
-0.242041,-0.242041,-0.23548,-0.270927,-0.0692955,0.0942423
-0.0838979,-0.0838979,-0.0812759,-0.317,-0.0500267,0.112074
-0.136715,-0.136715,-0.139769,-0.356058,0.0319106,0.112079
-0.202405,-0.202405,-0.207671,-0.345763,0.126878,0.125718
-0.238813,-0.238813,-0.249689,-0.344236,0.0926509,0.127065
-0.2386,-0.2386,-0.244846,-0.400203,0.131852,0.127146
-0.240003,-0.240003,-0.247569,-0.398163,0.141723,0.131165
-0.369247,-0.369247,-0.376163,-0.364643,0.307887,0.120251
-0.359157,-0.359157,-0.362578,-0.351385,0.245459,0.116596
-0.362794,-0.362794,-0.36464,-0.407395,0.225812,0.113755
-0.366383,-0.366383,-0.366779,-0.370848,0.227227,0.109605
-0.335717,-0.335717,-0.33425,-0.35358,0.237623,0.110221
-0.189689,-0.189689,-0.183516,-0.234707,-0.17208,0.113712
-0.222381,-0.222381,-0.215362,-0.306172,0.00174715,0.12453
-0.257211,-0.257211,-0.259111,-0.510674,0.110994,0.116387
-0.360728,-0.360728,-0.362933,-0.310087,0.168043,0.140127
-0.39497,-0.39497,-0.402141,-0.296747,0.170597,0.138118
-0.430371,-0.430371,-0.444898,-0.267735,0.223742,0.134911
-0.37828,-0.37828,-0.389449,-0.269156,0.148173,0.13336
-0.397519,-0.397519,-0.410618,-0.240981,0.211119,0.132759
-0.375229,-0.375229,-0.375978,-0.272882,0.248772,0.122091
-0.351313,-0.351313,-0.351072,-0.34036,0.279979,0.105823
-0.352548,-0.352548,-0.349124,-0.338115,0.256944,0.0986718
-0.308401,-0.308401,-0.308336,-0.384635,0.233519,0.0842845
-0.23483,-0.23483,-0.225937,-0.386864,0.167448,0.0792017
-0.265416,-0.265416,-0.259457,-0.354515,0.127937,0.0841053
-0.266218,-0.266218,-0.256071,-0.337424,0.0917921,0.0822375
-0.317147,-0.317147,-0.314826,-0.368293,0.0503657,0.0717123
-0.337365,-0.337365,-0.338198,-0.326919,0.0598232,0.0739213
-0.333744,-0.333744,-0.350401,-0.334263,0.118181,0.0728381
-0.335402,-0.335402,-0.319203,-0.383641,0.121226,0.0635781
-0.303981,-0.303981,-0.286785,-0.377815,0.182472,0.0559989
-0.337831,-0.337831,-0.316399,-0.349839,0.199918,0.0573731
-0.317364,-0.317364,-0.289754,-0.331732,0.194687,0.0520069
-0.305946,-0.305946,-0.277231,-0.356863,0.193226,0.0500636
-0.257181,-0.257181,-0.235567,-0.301724,0.169566,0.0495194
-0.241998,-0.241999,-0.221955,-0.353872,0.163844,0.0481083
-0.236884,-0.236884,-0.216818,-0.339733,0.143703,0.0496172
-0.20621,-0.20621,-0.181483,-0.386986,0.126815,0.0490081
-0.196882,-0.196882,-0.175594,-0.377487,0.138099,0.0508004
-0.209527,-0.209527,-0.192608,-0.409241,0.154715,0.0578635
-0.19949,-0.19949,-0.181444,-0.41233,0.162334,0.0553049
-0.21791,-0.21791,-0.201616,-0.401894,0.199076,0.0607978
-0.254523,-0.254523,-0.249316,-0.40466,0.303879,0.0621072
-0.240286,-0.240286,-0.231221,-0.409012,0.259556,0.061965
-0.230029,-0.230029,-0.225218,-0.434839,0.241801,0.0583056
-0.220962,-0.220962,-0.217261,-0.652909,0.225828,0.0576476
-0.252142,-0.252142,-0.259302,-0.437425,0.235625,0.063498
-0.285315,-0.285315,-0.294339,-0.425573,0.305209,0.0696974
-0.290944,-0.290944,-0.296376,-0.467286,0.284705,0.0650133
-0.268116,-0.268116,-0.272273,-0.408621,0.246694,0.0695383
-0.282893,-0.282893,-0.286219,-0.700884,0.274482,0.0552165
-0.297827,-0.297827,-0.297866,-0.664123,0.255929,0.0529856
-0.310362,-0.310362,-0.309573,-0.658707,0.274795,0.0537763
-0.298706,-0.298706,-0.296016,-0.638451,0.246187,0.0538416
-0.30184,-0.30184,-0.298591,-0.600754,0.2497,0.0542561
-0.296505,-0.296505,-0.29089,-0.32984,0.243358,0.0553963
-0.300183,-0.300183,-0.293862,-0.302587,0.233348,0.0531867
-0.297229,-0.297229,-0.290837,-0.302496,0.224518,0.0520597
-0.273176,-0.273176,-0.266519,-0.289548,0.181856,0.0533697
-0.238958,-0.238958,-0.22797,-0.269036,0.072271,0.0517836
-0.309223,-0.309223,-0.299415,-0.266706,0.161322,0.0519523
-0.382449,-0.382449,-0.354862,-0.323551,0.202748,0.0495645
-0.348276,-0.348276,-0.329189,-0.344859,0.215404,0.049765
-0.336657,-0.336657,-0.324244,-0.350882,0.165486,0.0473673
-0.336263,-0.336263,-0.329505,-0.357255,0.166154,0.0461666
-0.331568,-0.331568,-0.326945,-0.359138,0.163418,0.0462612
-0.31973,-0.31973,-0.318019,-0.328873,0.1454,0.0408626
-0.31833,-0.31833,-0.318195,-0.328485,0.13337,0.0461119
-0.313956,-0.313956,-0.314726,-0.331573,0.124744,0.044565
-0.305575,-0.305575,-0.312152,-0.363828,0.182918,0.0454412
-0.303449,-0.303449,-0.312026,-0.359604,0.169554,0.0483408
-0.30285,-0.30285,-0.311658,-0.366804,0.148759,0.0481072
-0.250129,-0.250129,-0.258268,-0.393927,0.095285,0.0513434
-0.274785,-0.274785,-0.281651,-0.394054,0.109695,0.0496757
-0.287014,-0.287014,-0.292367,-0.465471,0.245479,0.0507794
-0.298853,-0.298853,-0.305236,-0.424171,0.20101,0.0506769
-0.297024,-0.297024,-0.30405,-0.403781,0.15312,0.0532359
-0.302089,-0.302089,-0.31006,-0.397159,0.154824,0.0530901
-0.297962,-0.297962,-0.302412,-0.385343,0.152198,0.0514779
-0.29992,-0.29992,-0.301914,-0.370338,0.150563,0.0530574
-0.277707,-0.277707,-0.276285,-0.369694,0.139528,0.0543659
-0.271493,-0.271493,-0.26775,-0.360938,0.117526,0.0516494
-0.27837,-0.27837,-0.272352,-0.336584,0.1178,0.0530835
-0.298272,-0.298272,-0.291406,-0.47233,0.340071,0.0529652
-0.288208,-0.288208,-0.279239,-0.39433,0.18952,0.0547739
-0.280399,-0.280399,-0.271021,-0.304067,0.0648625,0.052028
-0.278314,-0.278314,-0.268094,-0.317454,0.0939011,0.0552872
-0.280366,-0.280366,-0.270376,-0.313832,0.115293,0.0589707
-0.27881,-0.27881,-0.269229,-0.321347,0.141432,0.0613734
-0.274527,-0.274527,-0.263965,-0.35146,0.15738,0.0590438
-0.258324,-0.258324,-0.248064,-0.365311,0.148841,0.0568715
-0.253496,-0.253496,-0.242868,-0.364091,0.124646,0.0578761
-0.260644,-0.260644,-0.24862,-0.293742,0.0162345,0.055018
-0.345616,-0.345616,-0.332841,-0.344673,0.218689,0.0583743
-0.32506,-0.32506,-0.314525,-0.374806,0.250339,0.0565162
-0.332638,-0.332638,-0.323983,-0.389315,0.229477,0.0601148
-0.325083,-0.325083,-0.313396,-0.417533,0.273554,0.0582798
-0.3274,-0.3274,-0.323125,-0.457091,0.316204,0.0583513
-0.326313,-0.326313,-0.322973,-0.477972,0.315512,0.0589909
-0.376663,-0.376663,-0.377028,-0.432808,0.300923,0.0568699
-0.362477,-0.362477,-0.363388,-0.439093,0.301086,0.0545898
-0.348348,-0.348348,-0.349222,-0.445435,0.32828,0.0602623
-0.357437,-0.357437,-0.356162,-0.450322,0.319253,0.0568397
-0.354038,-0.354038,-0.351026,-0.443183,0.307623,0.0580785
-0.36267,-0.36267,-0.359866,-0.438259,0.331811,0.0595987
-0.381701,-0.381701,-0.378273,-0.450505,0.430461,0.0622489
-0.394578,-0.394578,-0.389977,-0.451121,0.414534,0.0603629
-0.448584,-0.448584,-0.449014,-0.589234,0.525786,0.0608097
-0.469263,-0.469263,-0.471838,-0.54715,0.402372,0.0604041
-0.39911,-0.39911,-0.400453,-0.476248,0.305714,0.0613296
-0.391903,-0.391903,-0.394289,-0.473868,0.297223,0.0587537
-0.398011,-0.398011,-0.403909,-0.472757,0.352887,0.0567316
-0.384956,-0.384956,-0.390219,-0.427273,0.347919,0.0552032
-0.373487,-0.373487,-0.371107,-0.39265,0.304997,0.0574425
-0.389513,-0.389513,-0.382427,-0.36685,0.260426,0.0583242
-0.370135,-0.370135,-0.345034,-0.408606,0.253678,0.0595634
-0.370294,-0.370294,-0.34729,-0.414292,0.315999,0.0602782
-0.378092,-0.378092,-0.357615,-0.376291,0.276917,0.0609399
-0.374259,-0.374259,-0.351571,-0.334509,0.266694,0.0607235
-0.378411,-0.378411,-0.35542,-0.316613,0.175532,0.0624644
-0.380718,-0.380718,-0.359042,-0.332862,0.199889,0.0600016
-0.382087,-0.382087,-0.368818,-0.491439,0.424944,0.0606098
-0.392629,-0.392629,-0.377491,-0.488848,0.525809,0.0588119
-0.435794,-0.435794,-0.405608,-0.486328,0.539599,0.060334
-0.433283,-0.433283,-0.407886,-0.460494,0.538541,0.0593305
-0.393789,-0.393789,-0.370958,-0.447177,0.520078,0.0599559
-0.376494,-0.376494,-0.357919,-0.44142,0.48411,0.0630017
-0.383502,-0.383502,-0.364763,-0.443816,0.417018,0.0587496
-0.346728,-0.346728,-0.333788,-0.378714,0.195926,0.0620511
-0.301744,-0.301744,-0.292739,-0.381507,0.119936,0.0575688
-0.287516,-0.287516,-0.281334,-0.375685,0.101845,0.05989
-0.248235,-0.248235,-0.244658,-0.434551,0.140705,0.0593007
-0.238103,-0.238103,-0.234068,-0.410731,0.117702,0.0539295
-0.245704,-0.245704,-0.242053,-0.407143,0.113949,0.0515835
-0.23184,-0.23184,-0.227671,-0.378245,0.0933261,0.053897
-0.220035,-0.220035,-0.212696,-0.357173,0.0666057,0.0517334
-0.216198,-0.216198,-0.209857,-0.347434,0.0677434,0.0470235
-0.233829,-0.233829,-0.228494,-0.348602,0.0953184,0.056597
-0.22285,-0.22285,-0.222284,-0.347162,0.125886,0.0577938
-0.177249,-0.177249,-0.166117,-0.328604,0.0550513,0.0573227
-0.197668,-0.197668,-0.190223,-0.371789,0.127148,0.0570055
-0.224619,-0.224619,-0.216553,-0.4215,0.202601,0.0620111
-0.226775,-0.226775,-0.219857,-0.389299,0.205392,0.0548743
-0.213188,-0.213188,-0.209584,-0.43145,0.210867,0.0572485
-0.209693,-0.209693,-0.20473,-0.469814,0.209979,0.0608106
-0.306819,-0.306819,-0.294357,-0.512744,0.348959,0.111376
-0.30405,-0.304051,-0.290895,-0.527877,0.346204,0.145058
-0.309446,-0.309446,-0.30213,-0.504478,0.355954,0.19408
-0.324784,-0.324784,-0.339641,-0.544391,0.437202,0.280631
-0.359096,-0.359096,-0.371864,-0.373081,0.567733,0.34153
-0.374685,-0.374685,-0.386216,-0.12668,0.477207,0.404539
-0.378036,-0.378036,-0.391672,-0.0397969,0.442981,0.423249
-0.375395,-0.375395,-0.389218,0.0321939,0.422117,0.447809
-0.332301,-0.332301,-0.344315,0.115621,0.448462,0.462569
-0.291396,-0.291396,-0.302243,0.0468491,0.532915,0.456459
-0.243559,-0.243559,-0.25317,0.0920072,0.467219,0.454553
-0.213352,-0.213352,-0.223166,0.104788,0.455179,0.459135
-0.201847,-0.201847,-0.207123,0.136033,0.423227,0.463054
-0.205446,-0.205446,-0.210137,0.16842,0.405082,0.466702
-0.228753,-0.228753,-0.232298,0.177141,0.375191,0.46553
-0.2306,-0.2306,-0.234758,0.172752,0.366429,0.464575
-0.255978,-0.255978,-0.258898,0.142271,0.361943,0.45992
-0.247432,-0.247432,-0.252144,0.13121,0.365831,0.459594
-0.264812,-0.264812,-0.267064,0.280991,0.201916,0.478588
-0.178781,-0.178781,-0.184866,0.255198,0.0796005,0.476619
-0.171053,-0.171053,-0.176621,0.252508,0.137386,0.491766
-0.102659,-0.102659,-0.137446,0.244817,0.182113,0.497108
-0.0907465,-0.0907465,-0.0959784,0.225161,0.235468,0.506723
-0.0881996,-0.0881996,-0.0936573,0.218688,0.2515,0.509579
-0.110031,-0.110031,-0.114908,0.218528,0.300765,0.510636
-0.117039,-0.117039,-0.1223,0.216007,0.308975,0.512122
-0.127704,-0.127704,-0.132481,0.231131,0.309154,0.513072
-0.124957,-0.124957,-0.129705,0.230858,0.310532,0.513169
-0.133784,-0.133784,-0.139193,0.219996,0.315342,0.512189
-0.102611,-0.102611,-0.109005,0.226006,0.311161,0.51117
-0.105356,-0.105356,-0.111482,0.273493,0.305293,0.51527
-0.11564,-0.11564,-0.122326,0.291444,0.306149,0.518594
-0.127602,-0.127602,-0.134229,0.275485,0.307747,0.507737
-0.126411,-0.126411,-0.13268,0.278666,0.30597,0.507068
-0.121871,-0.121871,-0.128536,0.250879,0.307271,0.510001
-0.121868,-0.121868,-0.128602,0.26101,0.301278,0.51419
-0.126374,-0.126374,-0.133743,0.251485,0.304942,0.51357
-0.131502,-0.131502,-0.138013,0.2379,0.303231,0.512323
-0.130394,-0.130394,-0.137656,0.216303,0.304175,0.510094
-0.130132,-0.130132,-0.137299,0.211076,0.299519,0.509537
-0.145129,-0.145129,-0.15343,0.199054,0.309904,0.50841
-0.127828,-0.127828,-0.134589,0.200385,0.308625,0.508325
-0.132222,-0.132222,-0.14037,0.216622,0.307208,0.510229
-0.1312,-0.1312,-0.139197,0.214055,0.304667,0.510238
-0.124672,-0.124672,-0.131867,0.217328,0.304692,0.509943
-0.141074,-0.141074,-0.147693,0.217356,0.303038,0.509321
-0.134468,-0.134468,-0.140283,0.217089,0.296291,0.509211
-0.139183,-0.139183,-0.145453,0.20942,0.298438,0.507743
-0.157315,-0.157315,-0.16394,0.210581,0.311109,0.508337
-0.151742,-0.151742,-0.157421,0.206765,0.306152,0.508381
-0.144949,-0.144949,-0.150683,0.210559,0.295065,0.507767
-0.146375,-0.146375,-0.152539,0.215139,0.295117,0.508546
-0.130851,-0.130851,-0.137881,0.207649,0.293794,0.508325
-0.140675,-0.140675,-0.148633,0.214219,0.286746,0.508162
-0.15532,-0.15532,-0.163089,0.195955,0.298056,0.507691
-0.152812,-0.152812,-0.15981,0.212109,0.298696,0.508216
-0.133658,-0.133658,-0.140795,0.205235,0.297668,0.508951
-0.12706,-0.12706,-0.133839,0.212495,0.295791,0.509282
-0.114087,-0.114087,-0.120932,0.202683,0.279109,0.508779
-0.117042,-0.117042,-0.123001,0.186727,0.282261,0.508143
-0.109413,-0.109413,-0.116116,0.195331,0.273938,0.507818
-0.107487,-0.107487,-0.113796,0.197086,0.281164,0.507398
-0.109836,-0.109836,-0.115833,0.185966,0.287861,0.50677
-0.120526,-0.120526,-0.125846,0.192195,0.289276,0.506953
-0.118976,-0.118976,-0.124451,0.211224,0.28583,0.502124
-0.121414,-0.121414,-0.126856,0.211173,0.288964,0.498227
-0.10101,-0.10101,-0.107036,0.212694,0.272476,0.504366
-0.116047,-0.116047,-0.121969,0.212638,0.286197,0.500428
-0.127785,-0.127785,-0.134221,0.227963,0.294844,0.499978
-0.135998,-0.135998,-0.14275,0.222168,0.304798,0.495943
-0.133864,-0.133864,-0.141027,0.2477,0.294777,0.495173
-0.137829,-0.137829,-0.143631,0.256005,0.297232,0.495378
-0.12385,-0.12385,-0.129521,0.232901,0.293893,0.494089
-0.120255,-0.120255,-0.12619,0.22714,0.300158,0.49314
-0.102912,-0.102912,-0.109371,0.232584,0.282688,0.500078
-0.100638,-0.100638,-0.106809,0.224109,0.28951,0.5039
-0.112775,-0.112775,-0.118479,0.224104,0.299715,0.508889
-0.117363,-0.117363,-0.122847,0.232174,0.299053,0.510192
-0.103199,-0.103199,-0.107884,0.250862,0.318001,0.500182
-0.109961,-0.109961,-0.11472,0.259188,0.337361,0.498769
-0.112242,-0.112242,-0.11733,0.277185,0.344814,0.505164
-0.107144,-0.107144,-0.112681,0.295912,0.354662,0.504696
-0.104141,-0.104141,-0.109342,0.405792,0.363842,0.511389
-0.101028,-0.101028,-0.106832,0.391578,0.379696,0.505827
-0.0930656,-0.0930656,-0.0993507,0.410229,0.392093,0.503398
-0.104119,-0.104119,-0.109857,0.40795,0.410061,0.497508
-0.109185,-0.109185,-0.115627,0.386705,0.430938,0.484953
-0.102324,-0.102324,-0.108482,0.376071,0.437952,0.478629
-0.0832195,-0.0832195,-0.0896198,0.361386,0.45736,0.467058
-0.071699,-0.071699,-0.0777465,0.37386,0.451037,0.467762
-0.0786698,-0.0786698,-0.0834984,0.322069,0.489789,0.453043
-0.089429,-0.089429,-0.0944552,0.345471,0.483324,0.458841
-0.0780733,-0.0780733,-0.0833782,0.430231,0.470478,0.484037
-0.0816541,-0.081654,-0.0868709,0.456605,0.464649,0.490762
-0.0670551,-0.0670551,-0.0717871,0.511623,0.448027,0.50016
-0.069857,-0.069857,-0.0748361,0.490198,0.450282,0.499868
-0.0695724,-0.0695724,-0.0735225,0.484096,0.450209,0.498442
-0.0641145,-0.0641145,-0.067776,0.480774,0.45259,0.498111
-0.042581,-0.042581,-0.0470121,0.485846,0.452232,0.498349
-0.0256534,-0.0256534,-0.0307221,0.496609,0.440028,0.498936
-0.04426,-0.04426,-0.0490241,0.487227,0.444372,0.499354
-0.0506137,-0.0506137,-0.0555337,0.475516,0.442893,0.498453
-0.0374262,-0.0374262,-0.0423102,0.444125,0.438164,0.495004
-0.0280568,-0.0280568,-0.0331885,0.43483,0.431479,0.494177
-0.0282289,-0.0282289,-0.0333371,0.413795,0.438824,0.492114
-0.0258572,-0.0258572,-0.0311343,0.406546,0.438672,0.491747
-0.0387172,-0.0387172,-0.0439671,0.409166,0.437441,0.491052
-0.0365613,-0.0365613,-0.0413752,0.4022,0.433542,0.490501
-0.0422458,-0.0422458,-0.0469324,0.399643,0.430301,0.490672
-0.0368369,-0.0368369,-0.0421757,0.414819,0.430823,0.491376
-0.0370287,-0.0370287,-0.0417029,0.441844,0.423844,0.493246
-0.031599,-0.031599,-0.0368277,0.454659,0.420466,0.494104
-0.0454535,-0.0454535,-0.0508798,0.471268,0.424922,0.495081
-0.0621516,-0.0621516,-0.0676603,0.471613,0.432899,0.495995
-0.0366343,-0.0366343,-0.0420479,0.500011,0.426297,0.498759
-0.0569803,-0.0569803,-0.0620778,0.502529,0.435589,0.499502
-0.0604988,-0.0604988,-0.0656116,0.464328,0.433845,0.496963
-0.0648525,-0.0648525,-0.0697637,0.470271,0.431656,0.496716
-0.075235,-0.075235,-0.0795578,0.4917,0.425986,0.502099
-0.0388839,-0.0388839,-0.0439948,0.495714,0.415551,0.507031
-0.0330243,-0.0330243,-0.0377027,0.481992,0.420022,0.506663
-0.0345668,-0.0345668,-0.0394485,0.487445,0.416573,0.50302
-0.0212922,-0.0212922,-0.0263861,0.46924,0.4168,0.508602
-0.0105701,-0.0105701,-0.0162222,0.473628,0.414355,0.504207
-0.0137512,-0.0137512,-0.0185264,0.453812,0.421549,0.503184
-0.0107248,-0.0107248,-0.0157821,0.471286,0.414964,0.50086
-0.0144992,-0.0144992,-0.0194234,0.479311,0.414088,0.49766
-0.0254919,-0.0254919,-0.0307016,0.477316,0.423526,0.497091
-0.0494326,-0.0494326,-0.0547122,0.468345,0.429995,0.494978
-0.0620843,-0.0620843,-0.0669399,0.516923,0.429847,0.504993
-0.0704592,-0.0704592,-0.0748157,0.500729,0.431767,0.500906
-0.0417858,-0.0417858,-0.0469385,0.482321,0.424771,0.498749
-0.0414648,-0.0414648,-0.0465418,0.471518,0.427964,0.496527
-0.0596548,-0.0596548,-0.0651255,0.480833,0.424792,0.496419
-0.0732249,-0.0732249,-0.0783703,0.444517,0.430547,0.493915
-0.071363,-0.071363,-0.0772717,0.429738,0.435483,0.492146
-0.0666791,-0.0666791,-0.0717107,0.410274,0.426826,0.490421
-0.0629543,-0.0629543,-0.0671493,0.411658,0.436255,0.489786
-0.0404664,-0.0404664,-0.0447168,0.410418,0.428722,0.490035
-0.0391405,-0.0391405,-0.0437664,0.381255,0.435155,0.490541
-0.0172373,-0.0172373,-0.0216756,0.409769,0.426001,0.490771
-0.0310529,-0.0310529,-0.0358878,0.41426,0.429629,0.489849
-0.0655125,-0.0655125,-0.0697898,0.410711,0.447283,0.488452
-0.0616341,-0.0616341,-0.065807,0.419105,0.440148,0.489356
-0.0385443,-0.0385443,-0.0427495,0.413239,0.437878,0.490898
-0.0307857,-0.0307857,-0.0356203,0.423894,0.433742,0.492091
-0.00698308,-0.00698307,-0.012421,0.384917,0.403372,0.495406
-0.00140705,-0.00140705,-0.00639443,0.345264,0.379773,0.499842
-0.00216387,-0.00216387,-0.00612108,0.23901,0.339159,0.47507
0.00385389,0.00385389,-0.000790314,0.135205,0.314178,0.455655
0.0389054,0.0389054,0.0354641,-0.158427,0.318564,0.353145
0.0655137,0.0655137,0.0629732,-0.266097,0.287813,0.296152
0.0684432,0.0684432,0.0665598,-0.29189,0.156309,0.186371
0.0852576,0.0852576,0.0852657,-0.246807,0.0257121,0.135418
0.0915406,0.0915406,0.0927411,-0.197096,-0.0465284,0.0938307
0.0965054,0.0965054,0.0979597,-0.134267,-0.103267,0.0642309
0.095672,0.095672,0.0960515,-0.154439,-0.116696,0.0781525
0.100677,0.100677,0.100762,-0.160379,-0.110236,0.0896131
0.114673,0.114673,0.113921,-0.164188,-0.0803719,0.116374
0.127562,0.127562,0.126499,-0.155258,-0.0637731,0.120613
0.13821,0.13821,0.137919,-0.120202,-0.0447599,0.107651
0.140387,0.140387,0.140641,-0.071785,-0.0409849,0.0980515
0.140742,0.140742,0.141346,-0.0559478,-0.0299783,0.0826564
0.136087,0.136087,0.136772,-0.0984087,-0.0191403,0.0777104
0.136462,0.136462,0.137138,-0.124825,-0.0132948,0.0745578
0.135654,0.135654,0.136589,-0.135555,-0.00951695,0.0735406
0.126158,0.126158,0.127498,-0.141518,-0.00274232,0.0731517
0.125726,0.125726,0.126702,-0.0729054,-0.0106752,0.072067
0.120361,0.120361,0.121186,-0.0504043,-0.0189148,0.0773382
0.119865,0.119865,0.120419,-0.0769513,-0.015383,0.0801215
0.116148,0.116148,0.116689,-0.0857459,-0.0178753,0.081804
0.122932,0.122932,0.123019,-0.1089,-0.0162134,0.0806029
0.111542,0.111542,0.112266,-0.162846,-0.020546,0.0772059
0.121158,0.121158,0.122144,-0.176903,-0.0198414,0.0777995
0.119558,0.119558,0.121085,-0.183669,-0.0292851,0.0776945
0.113525,0.113525,0.115033,-0.188587,-0.0218883,0.0772728
0.116772,0.116772,0.118706,-0.209879,-0.0305856,0.0762474
0.124852,0.124852,0.127194,-0.201784,-0.0368473,0.077958
0.133229,0.133229,0.134675,-0.201275,-0.0363742,0.0773778
0.131668,0.131668,0.13365,-0.195606,-0.0471918,0.0771893
0.12493,0.12493,0.127986,-0.181459,-0.0476461,0.0784845
0.135706,0.135706,0.138117,-0.187572,-0.0472613,0.0786499
0.141629,0.141629,0.144176,-0.184966,-0.0560833,0.0787298
0.142754,0.142754,0.145076,-0.193993,-0.0463481,0.078805
0.13902,0.13902,0.141523,-0.207855,-0.0445636,0.0766529
0.146625,0.146625,0.149032,-0.199319,-0.0472052,0.0787621
0.167438,0.167438,0.16933,-0.203432,-0.0560987,0.0782536
0.147777,0.147777,0.14974,-0.196488,-0.0531355,0.0782262
0.142665,0.142665,0.144658,-0.19026,-0.0585921,0.078594
0.143601,0.143601,0.145882,-0.189262,-0.0530838,0.079527
0.141225,0.141225,0.143181,-0.205734,-0.0457835,0.0779639
0.145303,0.145303,0.147296,-0.204816,-0.0507521,0.0785579
0.146713,0.146713,0.148905,-0.215407,-0.0447608,0.077023
0.158029,0.158029,0.160252,-0.222776,-0.0539784,0.07624
0.154092,0.154092,0.155991,-0.220364,-0.0580827,0.0746525
0.141699,0.141699,0.144592,-0.216073,-0.0565527,0.0759461
0.13632,0.13632,0.139788,-0.220094,-0.0585213,0.0777132
0.127409,0.127409,0.130593,-0.221954,-0.0541651,0.0782851
0.132121,0.132121,0.135264,-0.226013,-0.0568753,0.0747877
0.128444,0.128444,0.130997,-0.233112,-0.0488746,0.0737364
0.140305,0.140305,0.142627,-0.234384,-0.0491599,0.0737368
0.120764,0.120764,0.123615,-0.225598,-0.0432415,0.0736169
0.106745,0.106745,0.109333,-0.230569,-0.0487179,0.0744255
0.102291,0.102291,0.104904,-0.24158,-0.0471339,0.074325
0.113242,0.113242,0.115685,-0.225298,-0.061577,0.0754193
0.118844,0.118844,0.121148,-0.222658,-0.0661417,0.0760744
0.115017,0.115017,0.117662,-0.222884,-0.0595015,0.0761959
0.113123,0.113123,0.116207,-0.217692,-0.0617673,0.0746966
0.129362,0.129362,0.131286,-0.210912,-0.0751202,0.0712594
0.135894,0.135894,0.13879,-0.184819,-0.0864785,0.0672444
0.136243,0.136243,0.138448,-0.198144,-0.0789499,0.0674477
0.1289,0.1289,0.130987,-0.220966,-0.0707742,0.0689531
0.112569,0.112569,0.114301,-0.234054,-0.0847069,0.0734495
0.114564,0.114564,0.116497,-0.241955,-0.0922717,0.0740832
0.0998375,0.0998375,0.100484,-0.245038,-0.105449,0.0779681
0.0945978,0.0945978,0.0952664,-0.239161,-0.111138,0.0794966
0.0803954,0.0803954,0.0822064,-0.236549,-0.0881401,0.0834772
0.0896994,0.0896994,0.0919349,-0.229859,-0.0938804,0.0848771
0.071936,0.071936,0.0740335,-0.224078,-0.0895306,0.0855279
0.103594,0.103594,0.105899,-0.217812,-0.105597,0.0862144
0.101472,0.101472,0.103409,-0.21501,-0.098841,0.0854527
0.0576952,0.0576952,0.0587997,-0.208568,-0.0956205,0.0847505
0.0375,0.0375,0.0382205,-0.21938,-0.0841738,0.0842489
0.028379,0.028379,0.0296422,-0.229688,-0.0773429,0.0838804
0.0111148,0.0111148,0.0125235,-0.239847,-0.0653156,0.0833877
0.0195397,0.0195397,0.0216578,-0.234297,-0.0684415,0.0828794
0.0350082,0.0350081,0.0355853,-0.225021,-0.0762003,0.0836155
0.0290474,0.0290474,0.0299873,-0.221799,-0.0668734,0.0836971
0.0230302,0.0230302,0.0241358,-0.21286,-0.0723946,0.0831894
0.0199328,0.0199328,0.0203719,-0.209326,-0.0690905,0.083008
0.0240689,0.0240689,0.0241696,-0.219836,-0.0592253,0.0838226
0.0287759,0.0287759,0.0280961,-0.215816,-0.0575771,0.0842244
0.0197502,0.0197502,0.019541,-0.224557,-0.0483937,0.0848108
0.0223604,0.0223604,0.0220975,-0.202893,-0.0579141,0.0841004
0.023031,0.023031,0.0233376,-0.199948,-0.0602465,0.0843842
0.0280126,0.0280126,0.0267919,-0.199969,-0.0599075,0.0849909
0.0423377,0.0423377,0.0426349,-0.19891,-0.0651012,0.0841999
0.0620875,0.0620875,0.0620796,-0.194841,-0.0742436,0.0849445
0.0551206,0.0551206,0.0547515,-0.221882,-0.0668713,0.0847943
0.0491237,0.0491236,0.0493446,-0.221506,-0.0559273,0.0849809
0.0532461,0.0532461,0.0538632,-0.216755,-0.0647357,0.0847106
0.0697111,0.0697111,0.0694347,-0.219554,-0.0724627,0.0846753
0.0730163,0.0730163,0.0730731,-0.221811,-0.0717727,0.0849575
0.0908696,0.0908696,0.0926415,-0.208117,-0.0885107,0.0839773
0.0852416,0.0852416,0.0865757,-0.200282,-0.0922079,0.0842351
0.0817439,0.0817439,0.0817647,-0.219819,-0.0980668,0.0819925
0.090927,0.090927,0.0922462,-0.225622,-0.10394,0.0829243
0.0797214,0.0797214,0.0830691,-0.228993,-0.12559,0.0841499
0.060822,0.060822,0.064172,-0.249568,-0.0981928,0.0847345
0.0894993,0.0894993,0.0922154,-0.25334,-0.11624,0.0840807
0.104969,0.104969,0.107171,-0.254149,-0.121469,0.0841656
0.110274,0.110274,0.111896,-0.253272,-0.11566,0.0838501
0.110779,0.110779,0.112792,-0.254162,-0.102592,0.0838015
0.13054,0.13054,0.133889,-0.262535,-0.0819407,0.0831839
0.137923,0.137923,0.139787,-0.255825,-0.0701028,0.0829602
0.146862,0.146862,0.148651,-0.252317,-0.059323,0.0824905
0.186009,0.186009,0.189514,-0.237945,-0.066773,0.0842548
0.180528,0.180528,0.183361,-0.225137,-0.037925,0.0849476
0.187616,0.187616,0.190918,-0.232657,-0.00770044,0.0839282
0.190748,0.190748,0.194377,-0.214503,-0.00475439,0.0848463
0.197103,0.197103,0.19984,-0.188273,-0.00348893,0.0840937
0.205959,0.205959,0.2098,-0.186505,-0.00479527,0.0827903
0.201871,0.201871,0.204678,-0.19646,0.00929217,0.0796173
0.211201,0.211201,0.213686,-0.193655,0.000668355,0.0789966
0.214657,0.214657,0.218344,-0.195262,-0.0188332,0.0814719
0.218962,0.218962,0.223667,-0.210242,-0.0260092,0.0815757
0.251554,0.251554,0.256646,-0.221513,-0.0498895,0.0817756
0.29409,0.29409,0.300979,-0.253142,-0.0925394,0.0841407
0.33662,0.33662,0.344659,-0.260363,-0.127281,0.0865965
0.36608,0.36608,0.373062,-0.268866,-0.15026,0.0861326
0.387763,0.387762,0.394236,-0.276608,-0.153246,0.0856859
0.406109,0.406109,0.415558,-0.272114,-0.15099,0.0856325
0.414389,0.414389,0.424802,-0.257685,-0.142538,0.0863078
0.416541,0.416541,0.426003,-0.228786,-0.140774,0.087914
0.417754,0.417754,0.428188,-0.207566,-0.135311,0.0889953
0.421879,0.421879,0.43414,-0.162633,-0.127347,0.0884322
0.407134,0.407134,0.420199,-0.115588,-0.103056,0.0894449
0.407136,0.407136,0.420646,-0.0970121,-0.0954796,0.0918115
0.427334,0.427334,0.440578,-0.106995,-0.0904798,0.0940126
0.433195,0.433195,0.447595,-0.113198,-0.0967677,0.0950828
0.442232,0.442232,0.455141,-0.152937,-0.0866539,0.0938228
0.452614,0.452614,0.465021,-0.213356,-0.0909569,0.093707
0.462926,0.462926,0.477466,-0.230586,-0.135387,0.0928708
0.457626,0.457626,0.470408,-0.25114,-0.128115,0.0914083
0.451041,0.451041,0.46155,-0.270127,-0.125826,0.0891978
0.439553,0.439553,0.447998,-0.293861,-0.124511,0.0858148
0.441858,0.441858,0.451576,-0.301742,-0.14191,0.0842909
0.451065,0.451065,0.461528,-0.287884,-0.142386,0.0861666
0.450955,0.450955,0.461333,-0.270176,-0.139109,0.0850046
0.447232,0.447232,0.458182,-0.257148,-0.128593,0.08686
0.452191,0.452191,0.463151,-0.253736,-0.133419,0.0862576
0.456646,0.456646,0.466645,-0.207758,-0.125767,0.0914067
0.46533,0.46533,0.477012,-0.183319,-0.13761,0.0943567
0.464388,0.464388,0.475713,-0.187903,-0.137851,0.0940593
0.455693,0.455693,0.466294,-0.191983,-0.130264,0.0938634
0.453757,0.453757,0.463608,-0.198004,-0.126733,0.0935987
0.441877,0.441877,0.450477,-0.200982,-0.118432,0.0925839
0.451703,0.451703,0.462049,-0.206417,-0.135808,0.0925751
0.427498,0.427498,0.436046,-0.19708,-0.113937,0.0945057
0.403154,0.403154,0.412236,-0.200514,-0.100481,0.0944437
0.367928,0.367928,0.376666,-0.179656,-0.0921179,0.0936576
0.366314,0.366314,0.377001,-0.174182,-0.101247,0.0926245
0.395471,0.395471,0.405045,-0.162471,-0.109944,0.0947905
0.390042,0.390042,0.398643,-0.16899,-0.0986642,0.0949751
0.348557,0.348557,0.35757,-0.166104,-0.0864759,0.0945644
0.35339,0.35339,0.36242,-0.16647,-0.0874573,0.0957755
0.33805,0.33805,0.346818,-0.17086,-0.0715737,0.0961109
0.336645,0.336645,0.3452,-0.183058,-0.074991,0.0952526
0.326016,0.326016,0.334312,-0.184758,-0.0695724,0.0950803
0.329971,0.329971,0.338481,-0.181816,-0.0710986,0.0961444
0.330788,0.330788,0.338959,-0.174016,-0.0785125,0.0956847
0.358628,0.358628,0.365354,-0.174721,-0.0827469,0.0953187
0.351025,0.351025,0.35824,-0.169712,-0.0862184,0.0955154
0.370654,0.370654,0.378037,-0.185068,-0.0874351,0.0952104
0.367741,0.367741,0.374661,-0.190017,-0.0743034,0.0958585
0.368422,0.368422,0.375027,-0.17056,-0.0798051,0.0973111
0.377471,0.377471,0.383614,-0.163384,-0.0917121,0.0954625
0.391225,0.391225,0.397588,-0.17316,-0.10948,0.0938315
0.392086,0.392086,0.398496,-0.175104,-0.102894,0.0925309
0.387065,0.387065,0.393498,-0.179483,-0.0984745,0.0914255
0.386545,0.386545,0.393451,-0.185038,-0.0958333,0.0904199
0.366588,0.366588,0.372972,-0.308529,-0.0822918,0.0534067
0.376149,0.376149,0.383143,-0.322269,-0.0950012,0.0561615
0.38568,0.38568,0.391879,-0.254891,-0.101378,0.0766541
0.386987,0.386987,0.394784,-0.220283,-0.102706,0.0845845
0.359688,0.359688,0.367609,-0.195917,-0.0729798,0.0912264
0.360564,0.360564,0.369739,-0.176189,-0.0904169,0.0951326
0.372581,0.372581,0.381012,-0.176276,-0.0945953,0.0954942
0.376355,0.376355,0.382822,-0.174756,-0.0918562,0.093992
0.380872,0.380872,0.388297,-0.17245,-0.105251,0.0942332
0.378067,0.378067,0.386587,-0.181839,-0.100209,0.0940779
0.379777,0.379777,0.389206,-0.175496,-0.102127,0.0942868
0.381373,0.381373,0.391472,-0.16686,-0.106298,0.0945047
0.388486,0.388486,0.398441,-0.185869,-0.100788,0.0930192
0.382249,0.382249,0.39094,-0.196355,-0.084111,0.0922738
0.386838,0.386838,0.396553,-0.203207,-0.0751938,0.0928692
0.383608,0.383608,0.391999,-0.203134,-0.0551434,0.0928822
0.385548,0.385548,0.39353,-0.202839,-0.0536431,0.0927959
0.391764,0.391764,0.400067,-0.200673,-0.0591851,0.0926928
0.389002,0.389002,0.398318,-0.189724,-0.0689101,0.0938963
0.394366,0.394366,0.403143,-0.198648,-0.0456117,0.0931262
0.382907,0.382907,0.390464,-0.20008,-0.0492916,0.0932732
0.372356,0.372356,0.380048,-0.20696,-0.0369081,0.0929184
0.377597,0.377597,0.385118,-0.217094,-0.0574163,0.0915843
0.388952,0.388952,0.397368,-0.222632,-0.0725629,0.0911504
0.3842,0.3842,0.391819,-0.215681,-0.0839143,0.0916961
0.372479,0.372479,0.379432,-0.227898,-0.0789818,0.0905569
0.382204,0.382204,0.389462,-0.23363,-0.0899677,0.0894582
0.385706,0.385706,0.392592,-0.225811,-0.102667,0.091053
0.391688,0.391688,0.400074,-0.251672,-0.102083,0.0884494
0.387093,0.387093,0.395179,-0.256414,-0.0941628,0.0882484
0.389377,0.389377,0.396973,-0.247078,-0.0858217,0.0891824
0.390625,0.390625,0.397423,-0.216615,-0.076553,0.0923928
0.384404,0.384404,0.390851,-0.19068,-0.0712199,0.0942409
0.387449,0.387449,0.39232,-0.17872,-0.0747631,0.094972
0.416489,0.416489,0.423506,-0.161828,-0.0951281,0.0955798
0.414761,0.414761,0.421692,-0.184742,-0.0530053,0.0908387
0.411865,0.411865,0.418546,-0.192581,-0.0499219,0.0886469
0.398092,0.398092,0.403995,-0.185973,-0.0484918,0.0885176
0.371512,0.371512,0.376423,-0.172428,-0.0489173,0.0894112
0.384323,0.384323,0.39026,-0.165179,-0.0733709,0.0918228
0.410216,0.410216,0.416116,-0.172638,-0.101516,0.093425
0.402107,0.402107,0.407948,-0.196914,-0.0767041,0.0935399
0.377994,0.377994,0.383535,-0.225746,-0.0592211,0.0936845
0.372116,0.372116,0.379234,-0.223312,-0.0568918,0.0939715
0.353421,0.353421,0.360545,-0.222027,-0.050471,0.0932696
0.349831,0.349831,0.355944,-0.225031,-0.0535583,0.0914917
0.350684,0.350684,0.356519,-0.21424,-0.0834887,0.0869576
0.340517,0.340517,0.34562,-0.230509,-0.108312,0.086102
0.316648,0.316648,0.321859,-0.279799,-0.258793,0.0933703
0.281458,0.281458,0.288582,-0.570485,-0.3789,0.108849
0.249623,0.249623,0.258896,-0.884376,-0.344046,0.115411
0.238608,0.238608,0.247753,-0.83642,-0.584312,0.142752
0.16392,0.16392,0.174417,-1.17716,-0.977228,0.116991
0.105187,0.105187,0.116152,-1.28865,-1.10744,0.108007
0.19034,0.19034,0.202735,-1.36598,-1.39026,0.0854643
0.245751,0.245751,0.258135,-1.36383,-1.54767,0.0593114
0.244745,0.244745,0.258208,-1.3542,-1.57769,0.0517056
0.225549,0.225549,0.238834,-1.34623,-1.58843,0.0420017
0.159947,0.159947,0.176646,-1.34085,-1.57363,0.0267385
0.140922,0.140922,0.15815,-1.33916,-1.55898,0.0158504
0.136914,0.136914,0.152741,-1.33966,-1.54622,0.00360345
0.136856,0.136856,0.151838,-1.33929,-1.54229,-0.00308464
0.120125,0.120125,0.134473,-1.33855,-1.54863,-0.0122824
0.108512,0.108512,0.12187,-1.3386,-1.54944,-0.0140428
0.110531,0.110531,0.124869,-1.34241,-1.54352,-0.016785
0.0990071,0.0990071,0.113202,-1.34399,-1.54513,-0.0165144
0.0920652,0.0920651,0.106341,-1.34719,-1.54425,-0.0166744
0.0838147,0.0838147,0.0971883,-1.34825,-1.54371,-0.0128972
0.0783201,0.0783201,0.0902808,-1.35269,-1.54047,-0.0111566
0.0636684,0.0636684,0.0755261,-1.35734,-1.53124,-0.011067
0.0627102,0.0627101,0.0741592,-1.35793,-1.53615,-0.0120627
0.0640679,0.0640679,0.0751496,-1.35836,-1.53659,-0.0109031
0.0777859,0.0777859,0.0880314,-1.36031,-1.53519,-0.00991917
0.104219,0.104219,0.113192,-1.36157,-1.53643,-0.00988882
0.124414,0.124414,0.132912,-1.36174,-1.54133,-0.00949047
0.101637,0.101637,0.11023,-1.36236,-1.53839,-0.0091628
0.0611039,0.0611039,0.0701556,-1.36507,-1.52978,-0.00921852
0.0348688,0.0348688,0.0442207,-1.36519,-1.53199,-0.00945031
0.00137671,0.00137669,0.01044,-1.36488,-1.52846,-0.00952387
0.0167494,0.0167494,0.0246809,-1.36817,-1.52249,-0.0100834
0.0232626,0.0232625,0.0303142,-1.36781,-1.52535,-0.00920709
0.00304266,0.00304264,0.0105904,-1.36853,-1.51931,-0.00508851
0.0193045,0.0193045,0.0255943,-1.36883,-1.5085,0.0163283
0.0247303,0.0247303,0.0314359,-1.37271,-1.48416,0.0381601
0.0056215,0.00562147,0.0146711,-1.38004,-1.36311,0.104034
-0.0219624,-0.0219625,-0.0142318,-1.37543,-1.27055,0.142046
-0.12396,-0.12396,-0.117318,-1.29942,-1.05255,0.227053
-0.162449,-0.162449,-0.15905,-1.19705,-0.93848,0.273516
-0.22855,-0.22855,-0.229302,-0.937728,-0.637115,0.352163
-0.227657,-0.227657,-0.230029,-0.777945,-0.456511,0.39185
-0.147687,-0.147687,-0.150816,-0.400287,-0.148004,0.456421
-0.0884322,-0.0884322,-0.0922333,0.00702525,0.09776,0.501083
-0.0369316,-0.0369316,-0.0418597,0.167254,0.201754,0.514397
0.0113631,0.0113631,0.00833459,0.290992,0.294837,0.525991
0.100035,0.100035,0.0974104,0.41617,0.451298,0.529069
0.123601,0.123601,0.121657,0.492369,0.504643,0.532363
0.164638,0.164638,0.162762,0.577788,0.573583,0.530589
0.19301,0.19301,0.191605,0.591119,0.596662,0.52723
0.223838,0.223838,0.222658,0.57348,0.629359,0.521558
0.242758,0.242758,0.242168,0.534336,0.639695,0.517353
0.262323,0.262323,0.262286,0.509799,0.644984,0.512968
0.277479,0.277479,0.2769,0.510922,0.637844,0.510624
0.257962,0.257961,0.258516,0.523701,0.630633,0.508765
0.296952,0.296952,0.29567,0.533353,0.607767,0.508442
0.262925,0.262925,0.26124,0.543871,0.596721,0.514959
0.260694,0.260694,0.258951,0.531001,0.601159,0.514298
0.218479,0.218479,0.219389,0.525757,0.606403,0.514674
0.220664,0.220664,0.221739,0.514001,0.603581,0.514945
0.189722,0.189722,0.191082,0.505041,0.608733,0.514224
0.179129,0.179129,0.180048,0.502865,0.613683,0.515259
0.165073,0.165073,0.165399,0.489795,0.617047,0.514931
0.172622,0.172622,0.173055,0.488524,0.607769,0.515
0.164458,0.164458,0.165383,0.490564,0.607197,0.514875
0.161304,0.161304,0.161679,0.497472,0.607639,0.51532
0.167497,0.167497,0.16844,0.512686,0.608135,0.516365
0.163216,0.163216,0.164499,0.501931,0.612227,0.516255
0.163719,0.163719,0.164715,0.480247,0.610205,0.513485
0.161912,0.161912,0.162294,0.488917,0.610731,0.51297
0.165705,0.165705,0.164753,0.473501,0.609419,0.51108
0.162078,0.162078,0.161935,0.471247,0.609571,0.509805
0.156944,0.156944,0.156142,0.475725,0.611354,0.509299
0.16686,0.16686,0.164812,0.503028,0.591582,0.51017
0.175167,0.175167,0.173706,0.509421,0.587847,0.510897
0.156086,0.156086,0.154127,0.529661,0.59389,0.511876
0.184033,0.184033,0.182117,0.539463,0.588353,0.513018
0.249666,0.249666,0.248653,0.513328,0.578405,0.509213
0.228849,0.228849,0.228876,0.513387,0.578905,0.50441
0.222432,0.222432,0.221628,0.52328,0.58726,0.507466
0.217159,0.217159,0.216339,0.51968,0.596032,0.504901
0.226984,0.226984,0.226345,0.507795,0.597347,0.503528
0.222359,0.222359,0.220999,0.501056,0.596663,0.504856
0.211055,0.211055,0.210441,0.499599,0.604722,0.503481
0.203094,0.203094,0.202487,0.52221,0.6033,0.506678
0.205144,0.205144,0.205302,0.504579,0.613658,0.505629
0.205971,0.205971,0.20518,0.49802,0.595957,0.505006
0.193873,0.193873,0.193466,0.469888,0.58953,0.507345
0.161363,0.161363,0.161581,0.413801,0.554025,0.501941
0.158006,0.158006,0.1573,0.345908,0.538511,0.490314
0.134508,0.134508,0.135548,0.159274,0.607005,0.408049
0.188736,0.188736,0.191285,-0.0537297,0.561294,0.331911
0.195701,0.195701,0.196814,-0.147607,0.502061,0.290942
0.219066,0.219066,0.220223,-0.178091,0.367505,0.247621
0.235878,0.235878,0.235934,-0.116624,0.133748,0.15397
0.222018,0.222018,0.222441,-0.0935223,0.040127,0.11384
0.187513,0.187513,0.191019,-0.0836328,-0.0700229,0.0702982
0.184034,0.184034,0.187397,-0.0641717,-0.0730267,0.0716558
0.176779,0.176779,0.179347,-0.006916,-0.0501917,0.0841229
0.177163,0.177163,0.179456,-0.0283291,-0.021267,0.0887488
0.185587,0.185587,0.186445,-0.0109222,0.00698495,0.101243
0.177968,0.177968,0.178666,-0.0323208,0.0279129,0.1012
0.164869,0.164869,0.166367,-0.0394526,0.0610993,0.095676
0.157766,0.157766,0.1586,-0.028718,0.0601912,0.0932218
0.158511,0.158511,0.16042,-0.0412195,0.0352471,0.0811383
0.174217,0.174217,0.17609,-0.0327169,0.0291671,0.0802334
0.172707,0.172707,0.174351,-0.0568607,0.0358439,0.0775508
0.169068,0.169068,0.171553,-0.0405076,0.0284386,0.078025
0.178077,0.178077,0.180352,-0.0123709,0.020218,0.0796387
0.188698,0.188698,0.18921,-0.0187716,0.01536,0.0798378
0.189275,0.189275,0.191136,-0.0402775,0.0256231,0.0787921
0.164567,0.164567,0.167385,-0.0495898,0.0395622,0.0786347
0.180167,0.180167,0.183087,-0.047858,0.0364112,0.0800724
0.185137,0.185137,0.187654,-0.0515524,0.0362694,0.0792885
0.190648,0.190648,0.193403,-0.065851,0.0214594,0.076278
0.206791,0.206791,0.209067,-0.0603196,0.0150423,0.0768623
0.171904,0.171904,0.174688,-0.0655626,0.0275134,0.0770252
0.17679,0.17679,0.180412,-0.0669118,0.0259438,0.0769714
0.159699,0.159699,0.162894,-0.0770842,0.0351783,0.0764077
0.166028,0.166028,0.169059,-0.0719406,0.0272499,0.0773126
0.162474,0.162474,0.164514,-0.0841235,0.0424589,0.0769339
0.165158,0.165158,0.168055,-0.0771213,0.029589,0.077552
0.178834,0.178834,0.180197,-0.0774117,0.0188969,0.0793264
0.191039,0.191039,0.193491,-0.0861107,0.0149835,0.0788198
0.170557,0.170557,0.172135,-0.0987156,0.0269325,0.0776312
0.162152,0.162152,0.1642,-0.0826836,0.00637817,0.0790323
0.169258,0.169258,0.170498,-0.0668734,0.00832529,0.0823842
0.191553,0.191553,0.193229,-0.0697055,0.00719612,0.0827552
0.205137,0.205137,0.205784,-0.129196,0.0177909,0.0763398
0.203658,0.203658,0.203891,-0.142345,0.00785474,0.0768903
0.178913,0.178913,0.180413,-0.128388,0.00448645,0.0800113
0.180053,0.180053,0.182314,-0.114233,0.00951311,0.0821351
0.203275,0.203275,0.206495,-0.0899588,6.23694e-05,0.0871113
0.207164,0.207164,0.20938,-0.0787511,0.00576597,0.0889557
0.154353,0.154353,0.155558,-0.0889026,0.0309225,0.087833
0.147393,0.147393,0.14848,-0.0852628,0.0295,0.0877589
0.187796,0.187796,0.187873,-0.10062,0.0240745,0.0870217
0.188816,0.188816,0.190118,-0.109023,0.022611,0.086449
0.168925,0.168925,0.172553,-0.12468,0.0476373,0.0849153
0.177,0.177,0.180019,-0.119691,0.0407178,0.0873911
0.226969,0.226969,0.230903,-0.126198,0.0160986,0.0889157
0.241571,0.241571,0.246261,-0.135204,0.00104417,0.0892555
0.258202,0.258202,0.263857,-0.157487,-0.00788845,0.0886914
0.269526,0.269526,0.276228,-0.168504,-0.0127179,0.087429
0.281158,0.281158,0.286953,-0.148197,-0.0138381,0.0900281
0.28613,0.28613,0.291939,-0.14688,-0.0193568,0.0889871
0.266503,0.266503,0.273226,-0.125089,-0.0163819,0.0901671
0.264212,0.264212,0.271414,-0.139428,-0.0112689,0.0894816
0.273087,0.273087,0.280816,-0.115179,-0.0088268,0.0916451
0.294086,0.294086,0.300986,-0.114875,-0.0223776,0.0916603
0.303163,0.303163,0.309941,-0.0944878,-0.0212008,0.0953395
0.321117,0.321117,0.328121,-0.0816722,-0.0263997,0.0978513
0.326377,0.326377,0.333889,-0.114669,0.00389745,0.0986046
0.320502,0.320502,0.328879,-0.130236,0.0130627,0.0981344
0.324822,0.324822,0.333329,-0.142,0.0141739,0.100009
0.327801,0.327801,0.336041,-0.145191,0.0138325,0.0983203
0.332096,0.332096,0.342029,-0.121233,-0.00425546,0.0995192
0.334658,0.334658,0.346364,-0.125235,-0.0126942,0.0992236
0.347686,0.347686,0.359521,-0.129802,-0.0189734,0.100458
0.352326,0.352326,0.364578,-0.151297,-0.00964505,0.0993676
0.375091,0.375091,0.373835,-0.154844,-0.00761579,0.0994369
0.385625,0.385625,0.398316,-0.152942,-0.00790654,0.0999132
0.38757,0.38757,0.39971,-0.15543,0.00358273,0.0986702
0.379854,0.379854,0.392428,-0.152389,0.014943,0.0984138
0.384923,0.384923,0.398199,-0.13335,-0.00060253,0.0978005
0.3849,0.3849,0.397399,-0.123991,0.00606419,0.0979484
0.415655,0.415655,0.428858,-0.098608,-0.0213801,0.099374
0.396039,0.396039,0.408968,-0.0979298,-0.0160877,0.0990971
0.369298,0.369298,0.382737,-0.0912369,-0.000871916,0.0996373
0.35948,0.35948,0.373104,-0.0814434,-0.0047921,0.0991219
0.379979,0.379979,0.392327,-0.0627255,-0.0222139,0.0986686
0.385984,0.385984,0.399927,-0.0599998,-0.0316443,0.0981524
0.381069,0.381069,0.393766,-0.0669713,-0.0254125,0.096432
0.364103,0.364103,0.376518,-0.0883693,-0.012683,0.0946991
0.363262,0.363262,0.374595,-0.107627,-0.0114986,0.0909794
0.359255,0.359255,0.369666,-0.101249,-0.00684691,0.0921996
0.347838,0.347838,0.359106,-0.105773,-0.00676217,0.0912941
0.345548,0.345548,0.357201,-0.117163,-0.013138,0.0895385
0.36027,0.36027,0.371131,-0.120909,-0.0177364,0.0893669
0.346476,0.346476,0.356335,-0.0914036,-0.0137803,0.094265
0.342596,0.342596,0.352637,-0.109008,-0.0175481,0.0908388
0.346578,0.346578,0.355515,-0.118639,-0.0124929,0.0902269
0.328826,0.328826,0.337904,-0.121983,0.0022935,0.0906396
0.354827,0.354827,0.362913,-0.119093,-0.00650914,0.0903269
0.306043,0.306043,0.315612,-0.121945,0.0126099,0.0893319
0.297282,0.297282,0.307808,-0.117121,0.0220223,0.0892953
0.32045,0.32045,0.330938,-0.125375,0.0148505,0.0893038
0.336668,0.336668,0.346412,-0.118058,-0.0123772,0.0900738
0.340712,0.340712,0.349104,-0.115822,-0.0119967,0.0895621
0.338033,0.338033,0.345873,-0.113364,-0.00594751,0.0893551
0.329961,0.329961,0.338638,-0.110905,-0.0114529,0.089427
0.328916,0.328916,0.336681,-0.110832,-0.00572237,0.0905353
0.323582,0.323582,0.331242,-0.120897,-0.000640355,0.0892303
0.318238,0.318238,0.326892,-0.122042,0.00244306,0.0898054
0.3167,0.3167,0.325417,-0.125058,0.00435962,0.0898643
0.325839,0.325839,0.333005,-0.122114,-0.00551533,0.0884044
0.326656,0.326656,0.333852,-0.118575,-0.0107615,0.0899092
0.29654,0.29654,0.304008,-0.121186,0.0035731,0.0903174
0.286927,0.286927,0.293577,-0.11186,0.0058632,0.0898795
0.284457,0.284457,0.291256,-0.114488,0.0068556,0.0896811
0.282589,0.282589,0.289173,-0.111251,0.00438523,0.0896746
0.275887,0.275887,0.281035,-0.108792,0.0135413,0.089406
0.262784,0.262784,0.268292,-0.104131,0.0187053,0.089386
0.280338,0.280338,0.284343,-0.109557,-0.00182283,0.0881084
0.297391,0.297391,0.301598,-0.105681,-0.0173043,0.0901352
0.300117,0.300117,0.304752,-0.130704,-0.0159124,0.0901212
0.271622,0.271622,0.275717,-0.164913,0.0205289,0.0888985
0.271122,0.271122,0.276423,-0.161377,0.0146567,0.0892056
0.30236,0.30236,0.308506,-0.171549,-0.0104579,0.0893706
0.308886,0.308886,0.314164,-0.168459,-0.007943,0.09043
0.319187,0.319187,0.324379,-0.157535,-0.0170669,0.092597
0.27416,0.27416,0.280156,-0.173297,0.00534433,0.0912541
0.259101,0.259101,0.264699,-0.197056,0.0145967,0.0888645
0.261488,0.261488,0.266839,-0.199808,0.0180233,0.0886984
0.282495,0.282495,0.287757,-0.199567,-0.0221424,0.0901165
0.286399,0.286399,0.291893,-0.209481,-0.0237858,0.0969667
0.2943,0.2943,0.298093,-0.206981,-0.0319023,0.11691
0.292391,0.292391,0.295959,-0.19075,-0.0436815,0.127576
0.305997,0.305997,0.31069,-0.209049,-0.0398796,0.139074
0.313819,0.313819,0.318153,-0.203728,-0.0362698,0.146311
0.30768,0.30768,0.312495,-0.213848,-0.0266661,0.148647
0.322902,0.322902,0.327524,-0.247205,0.10176,0.136129
0.36053,0.36053,0.365959,-0.23878,0.00899125,0.125341
0.378704,0.378704,0.384034,-0.209655,-0.0203945,0.116478
0.374825,0.374825,0.380672,-0.282913,-0.0673555,0.0574463
0.367166,0.367166,0.373246,-0.313727,-0.104747,0.0438638
0.377958,0.377958,0.382714,-0.370474,-0.125763,0.0396306
0.361399,0.361399,0.36603,-0.376754,-0.103635,0.044983
0.341471,0.341471,0.346365,-0.352251,-0.0854354,0.0599038
0.319792,0.319792,0.323897,-0.293988,-0.0264984,0.0759419
0.308341,0.308341,0.311872,-0.274013,0.00353603,0.0992293
0.311776,0.311776,0.315179,-0.283415,-0.000940852,0.0802247
0.312234,0.312234,0.315853,-0.323962,-0.00422733,0.0549288
0.306812,0.306812,0.310236,-0.320441,-0.00285975,0.0675547
0.270134,0.270134,0.273056,-0.216592,-0.00191988,0.0768633
0.241062,0.241062,0.244482,-0.257384,-0.0119177,0.0620797
0.233731,0.233731,0.237075,-0.296137,-0.0297113,0.0426643
0.238826,0.238826,0.241305,-0.311516,-0.0576446,0.0486758
0.232114,0.232114,0.234523,-0.290943,-0.048716,0.0523685
0.201469,0.201469,0.203219,-0.228451,-0.0365708,0.0708056
0.245809,0.245809,0.250284,-0.267776,-0.0602468,0.0641703
0.262316,0.262316,0.267081,-0.3108,-0.0728085,0.0464027
0.267565,0.267565,0.273214,-0.332196,-0.0773979,0.0544062
0.304866,0.304866,0.309992,-0.592083,0.0385339,0.0580766
0.33349,0.33349,0.338641,-0.459077,-0.0500111,0.0672091
0.379629,0.379629,0.384954,-0.624983,-0.00122731,0.070726
0.37429,0.37429,0.380787,-0.652306,0.0127244,0.0746063
0.401212,0.401212,0.409284,-0.630248,0.0209576,0.0632343
0.441603,0.441603,0.449359,-0.517411,-0.0258754,0.0430433
0.44582,0.44582,0.453376,-0.426347,-0.118083,0.0474407
0.44383,0.44383,0.451194,-0.334618,-0.180505,0.0389809
0.420421,0.420421,0.428743,-0.323998,-0.166591,0.0485707
0.395296,0.395296,0.404525,-0.294503,-0.155207,0.0602431
0.375309,0.375309,0.383249,-0.226787,-0.114369,0.0812247
0.377238,0.377238,0.385361,-0.211263,-0.0969955,0.0883813
0.382378,0.382378,0.388898,-0.173879,-0.0687157,0.0976856
0.388082,0.388082,0.395472,-0.158931,-0.0614492,0.0993036
0.424588,0.424588,0.432514,-0.145374,-0.0804373,0.0988096
0.397869,0.397869,0.405695,-0.141721,-0.0492563,0.095178
0.393512,0.393512,0.402627,-0.143012,-0.0567331,0.0951065
0.396347,0.396347,0.406057,-0.134764,-0.0716744,0.0950975
0.422437,0.422437,0.431469,-0.162435,-0.0886379,0.0915644
0.430954,0.430954,0.439652,-0.164779,-0.100494,0.0918829
0.412483,0.412483,0.421284,-0.172379,-0.0965764,0.0940261
0.393188,0.419309,0.427461,-0.174145,-0.106167,0.0959554
0.364931,0.364931,0.371883,-0.191563,-0.0908867,0.0968897
0.324265,0.324265,0.329379,-0.219954,-0.0753127,0.0916797
0.311939,0.311939,0.317571,-0.23726,-0.0755616,0.0889444
0.338748,0.338748,0.344847,-0.270853,-0.112201,0.0867328
0.336003,0.336003,0.342092,-0.276646,-0.107473,0.0901598
0.343284,0.343284,0.349403,-0.285083,-0.105475,0.0910465
0.353114,0.353114,0.359286,-0.273561,-0.0978138,0.0919257
0.361803,0.361803,0.368858,-0.259725,-0.0972972,0.0902119
0.356526,0.356526,0.362805,-0.233361,-0.0952283,0.0904382
0.357374,0.357374,0.364569,-0.207439,-0.0968568,0.0920031
0.367579,0.367579,0.374925,-0.151751,-0.108791,0.0984283
0.367097,0.367097,0.373897,-0.143365,-0.0889617,0.0986609
0.342053,0.342053,0.348055,-0.114358,-0.0732157,0.102399
0.327993,0.327993,0.333436,-0.141843,-0.0542641,0.100973
0.316936,0.316936,0.324263,-0.137952,-0.0524044,0.100793
0.356848,0.356848,0.364859,-0.148867,-0.0966098,0.0988475
0.3538,0.3538,0.361327,-0.165755,-0.0940745,0.0983629
0.358141,0.358141,0.366084,-0.176542,-0.0983104,0.0999538
0.376003,0.376003,0.383971,-0.188389,-0.109953,0.0989105
0.377047,0.377047,0.365125,-0.187766,-0.088627,0.0985188
0.358054,0.358054,0.364036,-0.193201,-0.0987194,0.0980581
0.331703,0.331703,0.336993,-0.221646,-0.0777734,0.0882575
0.33171,0.33171,0.336489,-0.267006,-0.069513,0.0769867
0.325114,0.325114,0.329665,-0.299385,-0.067499,0.0686167
0.328628,0.328628,0.335825,-0.317221,-0.0990576,0.0628055
0.348991,0.348991,0.357038,-0.320034,-0.10451,0.0632771
0.356058,0.356058,0.362556,-0.322696,-0.105894,0.0642933
0.356573,0.356573,0.36323,-0.326709,-0.12475,0.0642131
0.362209,0.362209,0.369297,-0.326283,-0.120519,0.064357
0.368862,0.368862,0.375888,-0.320084,-0.123121,0.0647737
0.375087,0.375087,0.381649,-0.317332,-0.118677,0.0644327
0.347733,0.347733,0.352842,-0.320525,-0.103275,0.0620721
0.33187,0.33187,0.337837,-0.321347,-0.0965055,0.0617682
0.340945,0.340945,0.347006,-0.322868,-0.10556,0.0618364
0.345294,0.345294,0.35088,-0.323865,-0.0992786,0.0624476
0.366992,0.366992,0.373946,-0.316525,-0.115393,0.062897
0.347574,0.347574,0.354804,-0.245986,-0.0974006,0.0770309
0.32953,0.329529,0.335222,-0.160312,-0.0750979,0.090313
0.332757,0.332757,0.338674,-0.157032,-0.0690359,0.0901936
0.309339,0.309339,0.315138,-0.145276,-0.0584201,0.0925685
0.297722,0.297722,0.302295,-0.167046,-0.0522885,0.0922226
0.290919,0.290919,0.295478,-0.213892,-0.0464965,0.0891594
0.277363,0.277363,0.28062,-0.231644,-0.0441277,0.0890475
0.284742,0.284742,0.28789,-0.237797,-0.0514754,0.0892783
0.251119,0.251119,0.256053,-0.240344,-0.0381882,0.090005
0.253453,0.253453,0.257999,-0.239023,-0.0402243,0.090608
0.242094,0.242094,0.247113,-0.274043,-0.0537254,0.0709711
0.249704,0.249704,0.254497,-0.313103,-0.05497,0.0521886
0.229989,0.229989,0.234314,-0.312031,-0.0502052,0.0640367
0.248265,0.248265,0.252419,-0.263201,-0.0459909,0.0772361
0.252748,0.252748,0.255232,-0.321101,-0.0470262,0.0493135
0.257573,0.257573,0.261606,-0.317307,-0.0503279,0.0565782
0.246507,0.246507,0.248987,-0.233516,-0.0158838,0.0794832
0.241352,0.241352,0.242881,-0.259528,-0.0111724,0.0663227
0.249567,0.249567,0.251686,-0.302196,-0.0208873,0.0566082
0.239287,0.239286,0.24031,-0.217953,-0.000805447,0.0810911
0.233806,0.233806,0.235383,-0.200914,0.00654806,0.0859039
0.223766,0.223766,0.225384,-0.190929,0.0113131,0.0883804
0.211244,0.211244,0.21357,-0.197323,0.0088306,0.090022
0.240575,0.240575,0.243571,-0.197276,-0.00423438,0.0899287
0.259956,0.259956,0.262904,-0.189232,-0.00692839,0.0924762
0.269721,0.269721,0.273049,-0.181873,-0.0100933,0.0936236
0.290748,0.290748,0.295125,-0.169168,-0.0248574,0.0950206
0.286669,0.286669,0.290585,-0.165076,-0.0169161,0.0943578
0.308385,0.308385,0.312733,-0.159032,-0.0361669,0.0917138
0.282658,0.282658,0.286155,-0.150943,-0.0236102,0.0911443
0.260086,0.260086,0.263706,-0.143625,-0.0140624,0.0902271
0.24345,0.24345,0.246447,-0.154992,-0.0155898,0.0857113
0.232282,0.232282,0.233272,-0.179534,-0.0234617,0.0782507
0.20137,0.20137,0.20289,-0.184328,-0.0120041,0.074356
0.206045,0.206045,0.209033,-0.19725,-0.0228598,0.0716461
0.222448,0.222448,0.226084,-0.19561,-0.0203947,0.0741204
0.257601,0.257601,0.260463,-0.205587,-0.023373,0.0798014
0.277308,0.277308,0.280752,-0.203116,-0.0371726,0.0810271
0.270869,0.270869,0.275181,-0.224684,-0.0150103,0.0779706
0.288523,0.288523,0.292713,-0.248337,-0.00666115,0.0725693
0.321793,0.321793,0.326755,-0.259981,-0.0135813,0.0655641
0.334866,0.334866,0.340214,-0.250861,-0.0123906,0.0637169
0.32577,0.32577,0.331411,-0.224126,-0.00254559,0.0650316
0.33929,0.33929,0.344113,-0.233263,-0.00283082,0.0636474
0.305738,0.305738,0.312716,-0.240259,0.0189265,0.0649747
0.312994,0.312994,0.319915,-0.2348,0.0114304,0.0668627
0.310272,0.310272,0.317102,-0.224559,0.0126823,0.0691474
0.30369,0.30369,0.311094,-0.226163,0.0142652,0.0711553
0.323238,0.323238,0.330106,-0.227996,-0.00133621,0.0719218
0.32175,0.32175,0.329576,-0.231993,-0.00612168,0.0710978
0.299442,0.299442,0.306687,-0.232507,0.00700558,0.0718285
0.29601,0.29601,0.302928,-0.227093,0.00758634,0.0730029
0.299341,0.299341,0.307206,-0.231458,0.0179262,0.0742621
0.289711,0.289711,0.297053,-0.230998,0.0237883,0.0745414
0.273673,0.273673,0.28062,-0.216434,0.0126132,0.074922
0.260233,0.260233,0.266985,-0.212207,0.0108892,0.0757516
0.255595,0.255595,0.262666,-0.262804,0.00464343,0.0713946
0.250493,0.250493,0.257148,-0.291535,0.0123318,0.0663479
0.28247,0.282469,0.28846,-0.303269,-0.0207471,0.0650398
0.301226,0.301226,0.307359,-0.309692,-0.0519378,0.0653394
0.312227,0.312227,0.319327,-0.309217,-0.015769,0.0723686
0.308126,0.308126,0.315543,-0.294124,0.00336056,0.0799275
0.28734,0.28734,0.294944,-0.235399,0.017376,0.0965457
0.288768,0.288768,0.296724,-0.248599,0.0163197,0.100064
0.343188,0.343188,0.348312,-0.348583,-0.0663411,0.0572456
0.342444,0.342444,0.347423,-0.377804,-0.0705433,0.0445342
0.337566,0.337566,0.344696,-0.38473,-0.0914177,0.039682
0.335386,0.335386,0.343121,-0.38574,-0.0910351,0.03897
0.461419,0.461419,0.475269,-0.378708,-0.160556,0.0396223
0.541998,0.541998,0.55597,-0.367865,-0.217271,0.0420316
0.643463,0.643463,0.65795,-0.355712,-0.276999,0.0453737
0.670987,0.670987,0.687151,-0.353408,-0.289527,0.0439784
0.734332,0.734332,0.751764,-0.370634,-0.292778,0.0675523
0.726002,0.726002,0.743811,-0.367377,-0.256364,0.0761894
0.698721,0.698721,0.715786,-0.278563,-0.168299,0.0876059
0.688724,0.688724,0.705219,-0.186032,-0.12829,0.0917711
0.677511,0.677511,0.693434,-0.0272285,-0.0705707,0.0979919
0.68744,0.68744,0.703264,0.0640854,-0.0420111,0.100946
0.746489,0.746489,0.762466,-0.0847119,0.0757309,0.0984191
0.789774,0.789774,0.802811,-0.154937,0.115801,0.0955287
0.825695,0.825695,0.836461,-0.297152,0.155593,0.0941229
0.807859,0.807859,0.819855,-0.360483,0.172786,0.0990384
0.77691,0.77691,0.792998,-0.261703,-0.00319885,0.115901
0.763261,0.763261,0.780791,-0.222933,-0.0569201,0.124653
0.725458,0.725458,0.742444,-0.260106,-0.0794662,0.136083
0.715545,0.715545,0.732748,-0.264409,-0.0939762,0.13926
0.70763,0.70763,0.724597,-0.256199,-0.12005,0.141564
0.708648,0.708648,0.724009,-0.245192,-0.114059,0.142215
0.726785,0.726785,0.741066,-0.206482,-0.117881,0.139745
0.731826,0.731826,0.745879,-0.187785,-0.10706,0.140383
0.759294,0.759294,0.775085,-0.116462,-0.108975,0.140061
0.7996,0.7996,0.816075,-0.115533,-0.114743,0.13749
0.853194,0.853194,0.869934,-0.0596494,-0.102301,0.137863
0.869191,0.869191,0.8855,-0.164085,-0.0313906,0.13674
0.893359,0.893359,0.911346,-0.316012,0.0462277,0.129976
0.8937,0.8937,0.91278,-0.360871,0.0302584,0.126061
0.941807,0.941807,0.960433,-0.340117,-0.0282532,0.127475
0.950958,0.950958,0.970207,-0.283261,-0.00805871,0.132211
0.984057,0.984057,1.00373,-0.552376,0.14288,0.1187
0.988294,0.988294,1.00814,-0.456034,0.0740575,0.12424
1.0291,1.0291,1.04919,-0.226896,0.031032,0.136234
1.05414,1.05414,1.07485,-0.18734,0.01504,0.138777
1.08709,1.08709,1.10905,-0.313023,0.0802432,0.135254
1.09285,1.09285,1.11458,-0.361236,0.100227,0.132462
1.0937,1.0937,1.11539,-0.343974,0.079557,0.13055
1.0837,1.0837,1.10667,-0.344673,0.0392052,0.126424
1.10762,1.10762,1.13131,-0.434597,0.0844132,0.118607
1.13222,1.13222,1.15401,-0.258883,-0.00341658,0.122483
1.14365,1.14365,1.16397,-0.173563,-0.048256,0.123492
1.14451,1.14451,1.16428,-0.0843528,-0.088663,0.127857
1.13352,1.13352,1.15377,-0.183382,-0.0149676,0.122287
1.128,1.128,1.14757,-0.142392,-0.0371866,0.124379
1.14247,1.14247,1.16237,-0.0639663,-0.0830495,0.131172
1.15616,1.15616,1.17571,-0.0859209,-0.0918572,0.13059
1.14204,1.14204,1.16156,-0.11329,-0.0596788,0.12596
1.10081,1.10081,1.12147,-0.297607,0.0681954,0.116985
0.978358,0.978358,1.00204,-0.521705,0.135972,0.0839988
0.883515,0.883515,0.909251,-0.588367,0.230937,0.0799646
0.870237,0.870237,0.894517,-0.681713,0.360606,0.0824263
0.962312,0.962312,0.984576,-0.69654,0.344867,0.082846
1.00227,1.00227,1.02643,-0.661975,0.252192,0.0795609
0.999155,0.999155,1.02235,-0.662117,0.242797,0.0780057
0.993327,0.993326,1.01452,-0.672733,0.262198,0.0783566
0.977927,0.977927,0.999488,-0.663895,0.262062,0.0786871
0.956555,0.956555,0.977712,-0.669434,0.285633,0.0795784
0.964087,0.964087,0.985269,-0.670067,0.284968,0.0796816
0.951797,0.951797,0.973731,-0.634782,0.249351,0.0791004
0.955034,0.955034,0.978685,-0.509063,0.133949,0.0784453
1.00862,1.00862,1.03042,-0.43338,0.0199634,0.0731641
1.01665,1.01665,1.03534,-0.401063,0.0106481,0.0728372
1.00651,1.00651,1.02344,-0.38688,0.0147558,0.0714198
0.988363,0.988363,1.00484,-0.326358,0.0291963,0.08411
0.942389,0.942389,0.955463,-0.12645,0.111863,0.108825
0.969907,0.969907,0.978721,-0.0842428,0.114057,0.120031
0.84644,0.84644,0.853334,-0.437302,0.359482,0.106053
0.806451,0.806451,0.812273,-0.416661,0.387296,0.112357
0.783458,0.783458,0.788307,-0.379952,0.321971,0.128831
0.766476,0.766476,0.771158,-0.284653,0.301402,0.159543
0.801987,0.801987,0.806215,-0.534776,0.417061,0.1459
0.851063,0.851063,0.857689,-0.437245,0.395391,0.167276
0.925495,0.925495,0.935014,-0.342137,0.440568,0.272422
0.94044,0.94044,0.952571,-0.199599,0.333818,0.34023
1.01038,1.01038,1.02221,-1.45404,0.136665,0.312591
1.05405,1.05405,1.06519,-1.48871,0.0666398,0.326649
1.04553,1.04553,1.05662,-1.45116,-0.00676697,0.350578
1.04559,1.04559,1.05506,-1.17898,0.110526,0.490791
1.04421,1.04421,1.05394,-0.645244,0.0702143,0.641341
1.04053,1.04053,1.05013,-0.584263,0.0825768,0.669614
1.04254,1.04254,1.05068,-0.457796,0.00821776,0.651474
1.06186,1.06186,1.06992,-0.40436,-0.0114456,0.634987
1.06082,1.06082,1.06849,-0.289519,-0.0290053,0.610534
1.0545,1.0545,1.06201,-0.233065,-0.0313988,0.601996
1.08071,1.08071,1.08917,-0.140217,-0.0378989,0.585672
1.12375,1.12375,1.13219,-0.112087,-0.0472818,0.566378
1.15554,1.15554,1.16425,-0.0944231,-0.0559625,0.524082
1.07782,1.07782,1.08568,-0.0540777,-0.0739483,0.476548
1.01873,1.01873,1.01676,0.0103446,-0.0717165,0.483247
0.991629,0.991629,0.991134,0.0467767,-0.0475797,0.458518
1.04143,1.04143,1.04181,0.142984,0.019938,0.458582
1.06373,1.06373,1.06404,0.176819,0.038276,0.464023
1.06162,1.06162,1.06184,0.212809,0.0461939,0.464681
1.05361,1.05361,1.0539,0.226988,0.0489729,0.460784
1.04404,1.04404,1.04382,0.251295,0.0529971,0.465056
1.03721,1.03721,1.03352,0.259514,0.0529493,0.463206
0.992144,0.992144,0.990927,0.269726,0.0494484,0.453143
0.974519,0.97452,0.97408,0.272859,0.0466101,0.451114
0.966074,0.966074,0.965912,0.27677,0.0451412,0.453259
0.965214,0.965214,0.965175,0.287101,0.0467878,0.457427
0.961667,0.961668,0.961625,0.296914,0.0498942,0.460522
0.949512,0.949512,0.949479,0.300222,0.0504862,0.456469
0.92821,0.92821,0.928221,0.3034,0.0488091,0.456753
0.930538,0.930538,0.930533,0.306182,0.0495575,0.458661
0.930538,0.930538,0.930533,0.306182,0.0495575,0.458661
0.930538,0.930538,0.930533,0.306182,0.0495575,0.458661
0.930538,0.930538,0.930533,0.306182,0.0495575,0.458661
0.930538,0.930538,0.930533,0.306182,0.0495575,0.458661
