 head     neck    torso    right elbow    right_shoulder_ right hand    
-0.0161078,-0.0161078,-0.0161387,-0.0169029,-0.0138515,-0.0165414
-0.0322516,-0.0322516,-0.0323054,-0.0338024,-0.0282029,-0.0330764
-0.0483725,-0.0483725,-0.0484763,-0.0507454,-0.0426309,-0.0496428
-0.0644431,-0.0644431,-0.0646286,-0.0678104,-0.0570733,-0.0662023
-0.0806027,-0.0806027,-0.0808083,-0.0847613,-0.0721361,-0.0827335
-0.0968041,-0.0968041,-0.0970073,-0.101694,-0.0872342,-0.0991739
-0.113027,-0.113027,-0.113218,-0.118051,-0.102007,-0.115283
-0.129251,-0.129251,-0.129433,-0.134078,-0.116705,-0.131257
-0.145508,-0.145508,-0.145662,-0.149648,-0.131963,-0.146956
-0.161741,-0.161741,-0.161848,-0.165028,-0.147335,-0.162491
-0.178065,-0.178065,-0.178072,-0.179987,-0.162995,-0.177879
-0.194349,-0.194349,-0.194253,-0.194852,-0.178476,-0.193284
-0.210569,-0.210569,-0.210376,-0.210152,-0.194294,-0.208751
-0.226761,-0.226761,-0.226488,-0.225529,-0.210223,-0.224216
-0.242878,-0.242878,-0.242567,-0.240871,-0.226077,-0.239637
-0.258953,-0.258953,-0.258626,-0.256567,-0.241938,-0.255191
-0.274988,-0.274988,-0.274661,-0.272371,-0.257737,-0.270794
-0.29102,-0.29102,-0.290697,-0.288201,-0.273474,-0.286423
-0.30695,-0.30695,-0.306713,-0.30403,-0.289287,-0.30202
-0.322877,-0.322877,-0.322681,-0.319935,-0.305172,-0.317656
-0.338365,-0.338365,-0.338119,-0.335676,-0.320824,-0.333205
-0.353576,-0.353576,-0.353288,-0.351342,-0.33629,-0.348733
-0.369328,-0.369328,-0.368934,-0.366962,-0.351742,-0.364288
-0.385087,-0.385087,-0.384596,-0.382451,-0.367141,-0.379826
-0.400621,-0.400621,-0.40014,-0.398004,-0.382463,-0.395313
-0.416173,-0.416173,-0.415736,-0.413522,-0.39786,-0.410708
-0.431777,-0.431777,-0.43141,-0.428961,-0.412906,-0.426091
-0.44743,-0.44743,-0.447091,-0.444388,-0.427765,-0.441502
-0.463201,-0.463201,-0.462881,-0.459919,-0.442951,-0.456932
-0.478931,-0.478931,-0.478648,-0.4755,-0.458022,-0.472447
-0.494606,-0.494606,-0.49439,-0.491035,-0.472937,-0.487994
-0.51026,-0.51026,-0.51011,-0.506592,-0.487812,-0.503542
-0.525811,-0.525811,-0.525555,-0.522396,-0.503353,-0.519153
-0.541272,-0.541272,-0.540916,-0.538214,-0.518909,-0.534738
-0.55683,-0.55683,-0.556396,-0.554102,-0.534427,-0.550376
-0.572338,-0.572338,-0.571823,-0.569947,-0.549845,-0.566003
-0.587899,-0.587899,-0.587361,-0.585816,-0.565286,-0.581625
-0.603468,-0.603468,-0.602914,-0.601671,-0.580763,-0.597224
-0.61904,-0.61904,-0.618475,-0.617566,-0.596252,-0.612823
-0.634654,-0.634654,-0.63408,-0.633336,-0.611696,-0.62837
-0.650339,-0.650339,-0.649773,-0.64907,-0.627164,-0.643879
-0.666037,-0.666037,-0.665473,-0.664798,-0.642574,-0.659436
-0.681816,-0.681816,-0.681234,-0.680691,-0.658047,-0.675069
-0.697615,-0.697615,-0.697005,-0.696636,-0.673514,-0.690768
-0.713541,-0.713541,-0.712876,-0.712699,-0.689216,-0.706551
-0.729466,-0.729466,-0.728738,-0.728729,-0.704939,-0.722342
-0.745301,-0.745301,-0.744545,-0.744676,-0.720519,-0.738068
-0.761088,-0.761088,-0.760324,-0.760595,-0.736054,-0.753756
-0.77664,-0.77664,-0.775926,-0.776329,-0.75137,-0.769411
-0.79211,-0.79211,-0.791484,-0.792026,-0.766579,-0.785053
-0.807501,-0.807501,-0.807029,-0.807535,-0.781687,-0.80062
-0.822994,-0.822994,-0.822661,-0.823085,-0.796934,-0.816183
-0.838486,-0.838486,-0.838303,-0.838604,-0.812228,-0.831722
-0.853995,-0.853995,-0.85396,-0.854111,-0.827571,-0.847235
-0.869546,-0.869546,-0.869659,-0.86966,-0.842965,-0.862752
-0.88505,-0.88505,-0.88534,-0.885178,-0.858259,-0.878296
-0.900494,-0.900494,-0.900985,-0.900695,-0.873453,-0.893834
-0.915939,-0.915939,-0.916641,-0.916336,-0.88866,-0.909434
-0.931474,-0.931474,-0.932276,-0.931909,-0.903849,-0.92507
-0.946997,-0.946997,-0.947931,-0.947432,-0.91884,-0.940718
-0.962587,-0.962587,-0.963616,-0.963108,-0.93326,-0.956455
-0.978191,-0.978191,-0.979312,-0.978803,-0.94769,-0.972201
-0.9938,-0.9938,-0.995091,-0.994557,-0.962501,-0.987903
-1.00937,-1.00937,-1.0108,-1.01029,-0.977319,-1.00359
-1.02503,-1.02503,-1.02651,-1.02616,-0.992337,-1.01934
-1.04072,-1.04072,-1.04226,-1.04204,-1.0075,-1.03506
-1.05635,-1.05635,-1.05799,-1.0579,-1.02275,-1.05077
-1.072,-1.072,-1.07372,-1.07383,-1.0381,-1.06647
-1.08759,-1.08759,-1.08944,-1.08978,-1.05361,-1.08212
-1.10317,-1.10317,-1.10518,-1.10571,-1.06909,-1.09775
-1.1188,-1.1188,-1.12096,-1.12163,-1.08462,-1.11337
-1.13447,-1.13447,-1.13672,-1.13762,-1.1002,-1.12903
-1.15012,-1.15012,-1.15246,-1.15351,-1.1157,-1.14464
-1.16574,-1.16574,-1.1682,-1.16933,-1.1311,-1.16021
-1.18138,-1.18138,-1.18395,-1.18506,-1.14648,-1.17574
-1.19704,-1.19704,-1.19969,-1.2008,-1.16187,-1.19129
-1.21267,-1.21267,-1.21541,-1.21648,-1.17721,-1.20684
-1.2283,-1.2283,-1.23111,-1.23199,-1.19247,-1.22235
-1.24392,-1.24392,-1.24681,-1.24751,-1.20771,-1.23787
-1.2595,-1.2595,-1.26242,-1.26298,-1.22294,-1.25339
-1.2751,-1.2751,-1.27808,-1.27829,-1.23818,-1.26882
-1.29071,-1.29071,-1.29375,-1.29367,-1.25347,-1.28425
-1.30639,-1.30639,-1.30952,-1.30905,-1.26881,-1.29967
-1.32202,-1.32202,-1.32527,-1.32464,-1.2844,-1.31505
-1.33761,-1.33761,-1.34098,-1.33997,-1.29972,-1.33044
-1.35307,-1.35307,-1.35658,-1.35522,-1.31493,-1.34581
-1.36836,-1.36836,-1.37199,-1.37047,-1.33,-1.36117
-1.38345,-1.38345,-1.38719,-1.38561,-1.34488,-1.37653
-1.39856,-1.39856,-1.40242,-1.40094,-1.35999,-1.39192
-1.41375,-1.41375,-1.41774,-1.41595,-1.37474,-1.4073
-1.42908,-1.42908,-1.43315,-1.43106,-1.38964,-1.4227
-1.44439,-1.44439,-1.44854,-1.44621,-1.40453,-1.43811
-1.45961,-1.45961,-1.46385,-1.46145,-1.41951,-1.45348
-1.47492,-1.47492,-1.47923,-1.47651,-1.43415,-1.46891
-1.49032,-1.49032,-1.49465,-1.49185,-1.44911,-1.48431
-1.50574,-1.50574,-1.51007,-1.50707,-1.46393,-1.49974
-1.52119,-1.52119,-1.52543,-1.52206,-1.47864,-1.51517
-1.53666,-1.53666,-1.54084,-1.53723,-1.49355,-1.5306
-1.55214,-1.55214,-1.55623,-1.55256,-1.50867,-1.54602
-1.56766,-1.56766,-1.57167,-1.56764,-1.52352,-1.56146
-1.56715,-1.56715,-1.57105,-1.56592,-1.52475,-1.56035
-1.56657,-1.56657,-1.57038,-1.56422,-1.52557,-1.55919
-1.566,-1.566,-1.56971,-1.56253,-1.52631,-1.55799
-1.56548,-1.56548,-1.56906,-1.56075,-1.52704,-1.55688
-1.56483,-1.56483,-1.56837,-1.55912,-1.52696,-1.55584
-1.56413,-1.56413,-1.56767,-1.55755,-1.5269,-1.55489
-1.56343,-1.56343,-1.567,-1.55654,-1.52702,-1.55423
-1.56272,-1.56272,-1.56632,-1.55588,-1.52718,-1.55373
-1.56197,-1.56197,-1.56564,-1.55586,-1.52713,-1.55347
-1.56124,-1.56124,-1.56498,-1.55589,-1.52684,-1.55339
-1.56044,-1.56044,-1.56431,-1.5563,-1.52617,-1.55344
-1.55969,-1.55969,-1.56367,-1.55673,-1.52563,-1.55348
-1.55899,-1.55899,-1.56308,-1.55667,-1.52468,-1.55348
-1.5583,-1.5583,-1.56248,-1.55653,-1.52361,-1.55347
-1.55769,-1.55769,-1.56191,-1.55645,-1.52266,-1.5535
-1.55711,-1.55711,-1.56137,-1.55599,-1.52171,-1.55339
-1.55658,-1.55658,-1.56081,-1.55549,-1.52087,-1.55323
-1.55609,-1.55609,-1.56029,-1.55498,-1.52012,-1.55307
-1.55576,-1.55576,-1.55984,-1.55456,-1.51937,-1.55296
-1.55545,-1.55545,-1.55947,-1.55403,-1.51853,-1.55281
-1.55556,-1.55556,-1.55963,-1.55373,-1.51796,-1.55272
-1.55594,-1.55594,-1.56004,-1.55346,-1.51752,-1.55267
-1.55576,-1.55576,-1.55998,-1.55332,-1.51708,-1.5526
-1.55557,-1.55557,-1.5599,-1.55321,-1.51661,-1.55252
-1.55563,-1.55563,-1.55993,-1.55286,-1.51619,-1.55251
-1.55566,-1.55566,-1.55991,-1.55258,-1.51567,-1.55259
-1.55563,-1.55563,-1.5598,-1.55258,-1.5156,-1.55271
-1.55553,-1.55553,-1.55966,-1.55258,-1.51575,-1.55279
-1.55532,-1.55532,-1.55941,-1.55249,-1.51563,-1.55287
-1.55518,-1.55518,-1.5592,-1.55232,-1.51563,-1.55287
-1.55505,-1.55505,-1.55893,-1.55221,-1.5159,-1.55284
-1.55488,-1.55488,-1.55872,-1.5521,-1.51618,-1.5528
-1.55486,-1.55486,-1.55882,-1.55181,-1.51576,-1.5527
-1.55495,-1.55495,-1.559,-1.55151,-1.51531,-1.55263
-1.55504,-1.55504,-1.55912,-1.5511,-1.51502,-1.55248
-1.55521,-1.55521,-1.55932,-1.55071,-1.51484,-1.55233
-1.55535,-1.55535,-1.5594,-1.55026,-1.51464,-1.55217
-1.55548,-1.55548,-1.55948,-1.54982,-1.5144,-1.55204
-1.55563,-1.55563,-1.55959,-1.54928,-1.51414,-1.5519
-1.55572,-1.55572,-1.55965,-1.54886,-1.5139,-1.55182
-1.55573,-1.55573,-1.55961,-1.54841,-1.51362,-1.55174
-1.55572,-1.55572,-1.55957,-1.54788,-1.51336,-1.55159
-1.55563,-1.55563,-1.55945,-1.54723,-1.51306,-1.55137
-1.55551,-1.55551,-1.55932,-1.54654,-1.51286,-1.55106
-1.55526,-1.55526,-1.5591,-1.5459,-1.51246,-1.55071
-1.555,-1.555,-1.55888,-1.5453,-1.5121,-1.55033
-1.55481,-1.55481,-1.5587,-1.54509,-1.51206,-1.55009
-1.55439,-1.55439,-1.55824,-1.545,-1.51194,-1.54991
-1.55404,-1.55404,-1.5579,-1.5443,-1.51063,-1.55004
-1.55389,-1.55389,-1.55772,-1.5436,-1.50908,-1.55025
-1.55383,-1.55383,-1.55757,-1.54175,-1.50593,-1.55076
-1.55384,-1.55384,-1.55745,-1.54119,-1.50373,-1.55149
-1.5539,-1.5539,-1.55737,-1.53864,-1.49904,-1.55232
-1.55414,-1.55414,-1.55741,-1.53292,-1.49122,-1.55337
-1.55447,-1.55447,-1.5575,-1.52648,-1.4822,-1.55457
-1.55491,-1.55491,-1.55764,-1.52032,-1.47373,-1.55581
-1.5554,-1.5554,-1.55789,-1.51373,-1.46489,-1.55706
-1.55595,-1.55595,-1.55814,-1.50715,-1.45645,-1.55819
-1.55645,-1.55645,-1.55845,-1.50064,-1.44819,-1.55932
-1.55702,-1.55702,-1.55876,-1.49409,-1.44006,-1.56046
-1.5575,-1.5575,-1.55904,-1.48747,-1.43251,-1.56145
-1.55797,-1.55797,-1.55931,-1.48088,-1.42487,-1.56235
-1.55844,-1.55844,-1.55947,-1.47394,-1.41665,-1.56338
-1.55896,-1.55896,-1.5597,-1.46694,-1.4084,-1.56444
-1.5594,-1.5594,-1.55994,-1.45975,-1.39991,-1.56542
-1.55983,-1.55983,-1.56014,-1.4524,-1.3912,-1.56652
-1.56033,-1.56033,-1.56035,-1.445,-1.38235,-1.5676
-1.56081,-1.56081,-1.56057,-1.4376,-1.37341,-1.56865
-1.56134,-1.56134,-1.5608,-1.43026,-1.36433,-1.5697
-1.56188,-1.56188,-1.56102,-1.42294,-1.35531,-1.57076
-1.56237,-1.56237,-1.56121,-1.41562,-1.34625,-1.57183
-1.5628,-1.5628,-1.56141,-1.40805,-1.33708,-1.57293
-1.56325,-1.56325,-1.56162,-1.40047,-1.32797,-1.57412
-1.56371,-1.56371,-1.56183,-1.39271,-1.31898,-1.57521
-1.56415,-1.56415,-1.56204,-1.38461,-1.30983,-1.57622
-1.56458,-1.56458,-1.56224,-1.37632,-1.30035,-1.57714
-1.56499,-1.56499,-1.56245,-1.36749,-1.29072,-1.57794
-1.56538,-1.56538,-1.56261,-1.35868,-1.28113,-1.5787
-1.56573,-1.56573,-1.56275,-1.34961,-1.27142,-1.57924
-1.5661,-1.5661,-1.56297,-1.34044,-1.26147,-1.57968
-1.5664,-1.5664,-1.56312,-1.34098,-1.26138,-1.5801
-1.56653,-1.56653,-1.56324,-1.34158,-1.26164,-1.58038
-1.56664,-1.56664,-1.56332,-1.34187,-1.26169,-1.58057
-1.56681,-1.56681,-1.56339,-1.34172,-1.26122,-1.58084
-1.56707,-1.56707,-1.56351,-1.34137,-1.26048,-1.58116
-1.56744,-1.56744,-1.56377,-1.34111,-1.25992,-1.58146
-1.5679,-1.5679,-1.56409,-1.34056,-1.25926,-1.58178
-1.56853,-1.56853,-1.56462,-1.34008,-1.25877,-1.58206
-1.56915,-1.56915,-1.56516,-1.33947,-1.25809,-1.58229
-1.56971,-1.56971,-1.56555,-1.33926,-1.25763,-1.58259
-1.57021,-1.57021,-1.56595,-1.34011,-1.25831,-1.58294
-1.57072,-1.57072,-1.56637,-1.34109,-1.25918,-1.58336
-1.57124,-1.57124,-1.56695,-1.34206,-1.26008,-1.58377
-1.57166,-1.57166,-1.56743,-1.34324,-1.26136,-1.58412
-1.57197,-1.57197,-1.56786,-1.34412,-1.2624,-1.58452
-1.57226,-1.57226,-1.56831,-1.34511,-1.26358,-1.58491
-1.57252,-1.57252,-1.5688,-1.34631,-1.26489,-1.58531
-1.57276,-1.57276,-1.56926,-1.34731,-1.26601,-1.58573
-1.57299,-1.57299,-1.56974,-1.34815,-1.26693,-1.58619
-1.57319,-1.57319,-1.57018,-1.34921,-1.26812,-1.58665
-1.57335,-1.57335,-1.57055,-1.35014,-1.26907,-1.58712
-1.57356,-1.57356,-1.57093,-1.35106,-1.26993,-1.58767
-1.57374,-1.57374,-1.57131,-1.35188,-1.27078,-1.58823
-1.57391,-1.57391,-1.57166,-1.35268,-1.27162,-1.58871
-1.57409,-1.57409,-1.57202,-1.35344,-1.27266,-1.58917
-1.57424,-1.57424,-1.57237,-1.35416,-1.27367,-1.58965
-1.57445,-1.57445,-1.5727,-1.35487,-1.27479,-1.59017
-1.57468,-1.57468,-1.57304,-1.35556,-1.27596,-1.59068
-1.57487,-1.57487,-1.57336,-1.35605,-1.27676,-1.59121
-1.57506,-1.57506,-1.57368,-1.3567,-1.27772,-1.59176
-1.57522,-1.57522,-1.574,-1.35743,-1.27879,-1.59235
-1.57538,-1.57538,-1.57432,-1.35822,-1.27993,-1.59295
-1.57557,-1.57557,-1.57466,-1.35921,-1.28109,-1.59341
-1.57578,-1.57578,-1.57501,-1.36026,-1.28221,-1.59386
-1.57601,-1.57601,-1.57537,-1.36144,-1.28318,-1.59442
-1.57624,-1.57624,-1.57573,-1.36274,-1.28411,-1.59507
-1.57644,-1.57644,-1.57611,-1.36402,-1.28499,-1.5958
-1.5767,-1.5767,-1.57652,-1.36534,-1.28574,-1.59687
-1.57695,-1.57695,-1.57687,-1.36647,-1.2863,-1.59811
-1.57719,-1.57719,-1.5772,-1.36758,-1.28681,-1.59944
-1.57744,-1.57744,-1.57753,-1.36871,-1.28722,-1.60073
-1.57769,-1.57769,-1.57788,-1.36987,-1.28764,-1.60206
-1.57795,-1.57795,-1.57824,-1.37093,-1.28805,-1.60343
-1.57819,-1.57819,-1.57859,-1.37209,-1.2885,-1.60484
-1.57841,-1.57841,-1.57894,-1.37342,-1.28894,-1.60625
-1.57864,-1.57864,-1.57929,-1.37476,-1.28939,-1.6076
-1.57885,-1.57885,-1.57964,-1.37594,-1.28975,-1.60892
-1.57909,-1.57909,-1.58001,-1.37715,-1.29007,-1.61024
-1.57931,-1.57931,-1.58039,-1.37836,-1.2903,-1.61154
-1.57951,-1.57951,-1.58074,-1.37952,-1.29065,-1.61285
-1.57975,-1.57975,-1.58118,-1.38063,-1.29091,-1.61415
-1.58004,-1.58004,-1.58159,-1.3817,-1.29124,-1.61546
-1.58029,-1.58029,-1.58197,-1.38273,-1.2916,-1.61677
-1.58051,-1.58051,-1.58234,-1.38378,-1.29204,-1.61806
-1.58064,-1.58064,-1.58266,-1.38496,-1.29238,-1.61929
-1.58075,-1.58075,-1.58295,-1.38622,-1.29283,-1.62037
-1.58082,-1.58082,-1.58322,-1.38748,-1.29339,-1.62133
-1.58084,-1.58084,-1.58347,-1.38872,-1.29406,-1.62219
-1.58084,-1.58084,-1.58367,-1.38998,-1.29481,-1.62296
-1.58083,-1.58083,-1.58386,-1.39113,-1.29568,-1.62352
-1.58084,-1.58084,-1.58405,-1.39227,-1.29657,-1.62405
-1.58088,-1.58088,-1.58426,-1.39335,-1.29751,-1.62443
-1.58088,-1.58088,-1.58447,-1.39436,-1.29844,-1.62479
-1.58089,-1.58089,-1.58465,-1.39529,-1.29929,-1.62515
-1.58094,-1.58094,-1.58484,-1.39608,-1.30009,-1.62548
-1.581,-1.581,-1.58506,-1.39684,-1.30082,-1.62581
-1.58103,-1.58103,-1.58526,-1.39725,-1.30136,-1.62601
-1.58132,-1.58132,-1.58576,-1.39756,-1.30201,-1.62617
-1.58175,-1.58175,-1.58631,-1.39867,-1.30411,-1.62604
-1.58209,-1.58209,-1.58677,-1.39982,-1.30655,-1.62584
-1.58242,-1.58242,-1.58721,-1.40231,-1.31071,-1.62545
-1.58265,-1.58265,-1.58755,-1.40353,-1.31375,-1.6249
-1.58281,-1.58281,-1.58784,-1.40678,-1.31926,-1.62431
-1.58275,-1.58275,-1.58797,-1.41322,-1.32783,-1.62351
-1.58253,-1.58253,-1.588,-1.42032,-1.33755,-1.62256
-1.58227,-1.58227,-1.588,-1.42718,-1.34681,-1.62153
-1.58201,-1.58201,-1.58793,-1.43446,-1.35656,-1.62049
-1.58167,-1.58167,-1.58783,-1.44162,-1.36591,-1.61954
-1.58127,-1.58127,-1.58769,-1.44879,-1.3751,-1.61857
-1.58085,-1.58085,-1.58755,-1.45603,-1.38436,-1.61756
-1.58048,-1.58048,-1.58742,-1.46321,-1.3936,-1.61661
-1.58013,-1.58013,-1.5873,-1.47034,-1.4029,-1.61575
-1.57977,-1.57977,-1.58719,-1.47776,-1.4124,-1.61479
-1.57938,-1.57938,-1.58708,-1.48527,-1.42194,-1.61384
-1.57899,-1.57899,-1.58697,-1.49279,-1.43153,-1.61288
-1.57854,-1.57854,-1.58684,-1.50048,-1.44119,-1.61182
-1.57809,-1.57809,-1.58672,-1.5082,-1.45091,-1.61078
-1.57767,-1.57767,-1.58661,-1.5159,-1.46062,-1.6098
-1.57724,-1.57724,-1.58651,-1.52354,-1.47031,-1.60891
-1.57682,-1.57682,-1.5864,-1.53119,-1.47996,-1.60801
-1.57641,-1.57641,-1.58629,-1.53886,-1.48957,-1.60712
-1.576,-1.576,-1.58619,-1.54674,-1.49923,-1.60619
-1.5756,-1.5756,-1.58611,-1.55481,-1.50873,-1.60525
-1.57523,-1.57523,-1.58604,-1.56319,-1.51823,-1.60455
-1.57487,-1.57487,-1.58597,-1.57205,-1.52781,-1.60404
-1.57452,-1.57452,-1.58591,-1.58121,-1.53748,-1.60386
-1.57419,-1.57419,-1.58586,-1.59096,-1.54729,-1.60409
-1.57391,-1.57391,-1.58588,-1.60078,-1.55695,-1.60454
-1.57373,-1.57373,-1.58593,-1.61041,-1.56635,-1.60571
-1.57359,-1.57359,-1.58603,-1.62015,-1.57543,-1.6072
-1.5735,-1.5735,-1.58615,-1.62018,-1.57382,-1.60913
-1.57354,-1.57354,-1.58628,-1.62014,-1.57149,-1.61126
-1.57359,-1.57359,-1.58638,-1.62035,-1.56888,-1.61356
-1.57365,-1.57365,-1.58652,-1.62054,-1.56728,-1.61547
-1.57363,-1.57363,-1.58666,-1.62097,-1.56645,-1.61704
-1.57362,-1.57362,-1.58675,-1.6214,-1.56567,-1.6186
-1.57368,-1.57368,-1.58696,-1.62222,-1.56513,-1.62006
-1.57377,-1.57377,-1.58717,-1.62306,-1.56467,-1.62157
-1.57384,-1.57384,-1.58733,-1.62389,-1.56414,-1.62312
-1.57391,-1.57391,-1.58756,-1.62451,-1.56375,-1.62464
-1.57391,-1.57391,-1.5877,-1.62392,-1.56212,-1.62611
-1.57393,-1.57393,-1.58784,-1.62317,-1.56026,-1.6275
-1.57402,-1.57402,-1.58791,-1.62233,-1.55831,-1.62892
-1.57411,-1.57411,-1.58799,-1.62163,-1.55643,-1.63028
-1.57422,-1.57422,-1.58808,-1.62098,-1.55447,-1.63155
-1.57433,-1.57433,-1.58817,-1.62036,-1.55253,-1.6328
-1.57441,-1.57441,-1.58825,-1.61977,-1.55065,-1.63402
-1.57445,-1.57445,-1.58831,-1.61926,-1.54879,-1.63521
-1.57451,-1.57451,-1.58837,-1.61862,-1.54696,-1.63647
-1.5746,-1.5746,-1.58843,-1.61795,-1.54508,-1.63775
-1.57462,-1.57462,-1.58848,-1.61729,-1.54316,-1.63904
-1.57461,-1.57461,-1.58852,-1.61651,-1.54139,-1.64032
-1.57465,-1.57465,-1.58858,-1.6158,-1.53959,-1.64155
-1.57473,-1.57473,-1.58865,-1.61521,-1.53774,-1.64269
-1.57483,-1.57483,-1.58871,-1.61467,-1.536,-1.64379
-1.57499,-1.57499,-1.5888,-1.61429,-1.53448,-1.64472
-1.57506,-1.57506,-1.58886,-1.61406,-1.53312,-1.64553
-1.5751,-1.5751,-1.58888,-1.61427,-1.5321,-1.64612
-1.57518,-1.57518,-1.58891,-1.6146,-1.53126,-1.64658
-1.57522,-1.57522,-1.5889,-1.61497,-1.5308,-1.64668
-1.57524,-1.57524,-1.58887,-1.61529,-1.53051,-1.64666
-1.57526,-1.57526,-1.58884,-1.61551,-1.53047,-1.64652
-1.57528,-1.57528,-1.58881,-1.61556,-1.5305,-1.64648
-1.57526,-1.57526,-1.58877,-1.61554,-1.5306,-1.64645
-1.57523,-1.57523,-1.58872,-1.61532,-1.53077,-1.64629
-1.57513,-1.57513,-1.58866,-1.61491,-1.53097,-1.64593
-1.57503,-1.57503,-1.58859,-1.61441,-1.53119,-1.64544
-1.57483,-1.57483,-1.58846,-1.61387,-1.53151,-1.64459
-1.5746,-1.5746,-1.58831,-1.61346,-1.53197,-1.64353
-1.57441,-1.57441,-1.58818,-1.61311,-1.5325,-1.64241
-1.57423,-1.57423,-1.58806,-1.61268,-1.53311,-1.64134
-1.57408,-1.57408,-1.58793,-1.61226,-1.53373,-1.64025
-1.57394,-1.57394,-1.58782,-1.61187,-1.53437,-1.63912
-1.57379,-1.57379,-1.5877,-1.61147,-1.53506,-1.63797
-1.57369,-1.57369,-1.58761,-1.61106,-1.53574,-1.6368
-1.57357,-1.57357,-1.58752,-1.61057,-1.53647,-1.63566
-1.57349,-1.57349,-1.58744,-1.61004,-1.53718,-1.63451
-1.57339,-1.57339,-1.58736,-1.60951,-1.53789,-1.63345
-1.57329,-1.57329,-1.58729,-1.60898,-1.53862,-1.63238
-1.57321,-1.57321,-1.58721,-1.60849,-1.53924,-1.63128
-1.57313,-1.57313,-1.58714,-1.60796,-1.53979,-1.63013
-1.57307,-1.57307,-1.58707,-1.60721,-1.54015,-1.62874
-1.57299,-1.57299,-1.587,-1.60625,-1.54035,-1.62718
-1.57289,-1.57289,-1.58692,-1.60387,-1.53969,-1.62466
-1.57277,-1.57277,-1.58684,-1.60014,-1.53781,-1.62157
-1.57259,-1.57259,-1.58672,-1.59342,-1.53295,-1.61758
-1.57233,-1.57233,-1.58658,-1.58477,-1.5267,-1.61325
-1.57198,-1.57198,-1.58638,-1.57198,-1.51759,-1.60829
-1.5715,-1.5715,-1.5861,-1.55758,-1.50665,-1.60319
-1.57102,-1.57102,-1.58583,-1.54166,-1.49159,-1.59798
-1.57053,-1.57053,-1.58557,-1.52547,-1.47449,-1.59276
-1.57007,-1.57007,-1.5853,-1.50829,-1.45523,-1.58771
-1.56969,-1.56969,-1.58506,-1.49022,-1.43547,-1.58272
-1.56918,-1.56918,-1.5847,-1.47125,-1.4157,-1.57781
-1.56854,-1.56854,-1.58431,-1.45191,-1.39578,-1.5729
-1.56791,-1.56791,-1.58369,-1.43204,-1.37393,-1.5681
-1.56709,-1.56709,-1.58274,-1.41201,-1.35102,-1.56339
-1.56624,-1.56624,-1.58173,-1.3919,-1.32779,-1.5587
-1.56537,-1.56537,-1.58067,-1.37191,-1.30423,-1.55404
-1.56447,-1.56447,-1.5796,-1.35205,-1.28033,-1.54937
-1.56355,-1.56355,-1.57852,-1.33224,-1.25643,-1.54467
-1.56264,-1.56264,-1.57749,-1.31241,-1.23283,-1.5399
-1.56175,-1.56175,-1.57647,-1.2926,-1.20946,-1.53511
-1.56096,-1.56096,-1.57554,-1.27327,-1.18624,-1.53031
-1.55987,-1.55987,-1.57453,-1.25431,-1.16298,-1.52549
-1.55879,-1.55879,-1.57362,-1.23625,-1.14224,-1.52063
-1.5579,-1.5579,-1.57294,-1.21956,-1.12337,-1.51576
-1.5571,-1.5571,-1.57232,-1.20326,-1.10636,-1.51087
-1.55613,-1.55613,-1.57154,-1.18728,-1.09156,-1.50606
-1.55487,-1.55487,-1.57047,-1.17349,-1.0818,-1.50153
-1.55355,-1.55355,-1.56936,-1.16181,-1.07383,-1.49726
-1.55236,-1.55236,-1.56839,-1.15481,-1.06847,-1.49374
-1.55122,-1.55122,-1.5675,-1.14972,-1.06426,-1.49068
-1.55008,-1.55008,-1.56656,-1.147,-1.06203,-1.48851
-1.54905,-1.54905,-1.56569,-1.14533,-1.06088,-1.487
-1.54816,-1.54816,-1.56493,-1.14401,-1.05999,-1.48573
-1.54735,-1.54735,-1.56424,-1.14292,-1.05926,-1.48465
-1.54663,-1.54663,-1.56362,-1.14201,-1.05868,-1.48373
-1.54602,-1.54602,-1.56306,-1.14113,-1.05818,-1.48282
-1.54546,-1.54546,-1.56255,-1.14027,-1.05771,-1.48192
-1.54496,-1.54492,-1.56207,-1.13939,-1.0573,-1.48102
-1.5445,-1.54445,-1.56163,-1.13846,-1.05691,-1.48009
-1.54405,-1.54401,-1.5612,-1.13746,-1.05672,-1.47913
-1.54364,-1.5436,-1.5608,-1.1364,-1.05652,-1.47808
-1.54327,-1.54323,-1.56044,-1.13529,-1.05644,-1.47694
-1.5429,-1.54286,-1.5601,-1.13406,-1.05658,-1.47555
-1.54256,-1.54251,-1.55979,-1.13284,-1.05679,-1.47387
-1.54218,-1.54214,-1.55948,-1.13168,-1.05718,-1.47204
-1.54177,-1.54173,-1.55915,-1.13096,-1.05798,-1.46968
-1.54128,-1.54124,-1.55878,-1.13024,-1.05931,-1.46707
-1.54076,-1.54072,-1.5584,-1.1297,-1.06149,-1.46415
-1.54035,-1.54031,-1.55804,-1.12908,-1.06396,-1.46116
-1.53987,-1.53982,-1.55766,-1.12851,-1.06686,-1.45809
-1.53935,-1.5393,-1.55724,-1.12815,-1.06899,-1.45533
-1.53885,-1.53881,-1.55684,-1.12795,-1.07083,-1.45278
-1.53829,-1.53825,-1.5564,-1.12739,-1.07243,-1.45003
-1.53778,-1.53774,-1.55598,-1.12633,-1.07386,-1.44714
-1.53723,-1.53718,-1.5555,-1.12374,-1.07468,-1.44351
-1.53663,-1.53659,-1.555,-1.12048,-1.07418,-1.4394
-1.5358,-1.53576,-1.55431,-1.11488,-1.07088,-1.43434
-1.53483,-1.53479,-1.55352,-1.10752,-1.06629,-1.42885
-1.5336,-1.53356,-1.55251,-1.09614,-1.05931,-1.42276
-1.53223,-1.53219,-1.55141,-1.08326,-1.05066,-1.41645
-1.53112,-1.53108,-1.55049,-1.06839,-1.03821,-1.40991
-1.53016,-1.53012,-1.54975,-1.05313,-1.02359,-1.40336
-1.52935,-1.52931,-1.5491,-1.03691,-1.00634,-1.39681
-1.52855,-1.52851,-1.54837,-1.01994,-0.988635,-1.3903
-1.52764,-1.52759,-1.54748,-1.00173,-0.97042,-1.38389
-1.52666,-1.52662,-1.54651,-0.983262,-0.952249,-1.37741
-1.52563,-1.52558,-1.54548,-0.96387,-0.934523,-1.37093
-1.52443,-1.52439,-1.54429,-0.944681,-0.916712,-1.36442
-1.52312,-1.52308,-1.543,-0.925537,-0.898923,-1.35792
-1.52172,-1.52168,-1.54162,-0.906488,-0.88105,-1.35147
-1.52017,-1.52013,-1.54011,-0.887355,-0.862935,-1.34511
-1.51863,-1.51858,-1.53861,-0.868133,-0.844671,-1.33879
-1.51703,-1.51699,-1.5371,-0.848634,-0.825995,-1.33261
-1.51545,-1.51541,-1.53561,-0.829124,-0.806907,-1.32656
-1.514,-1.51396,-1.53424,-0.809574,-0.786997,-1.32072
-1.51256,-1.51251,-1.5329,-0.789951,-0.767121,-1.31503
-1.51118,-1.51114,-1.53163,-0.770638,-0.747499,-1.30964
-1.5098,-1.50976,-1.53036,-0.752077,-0.727711,-1.30433
-1.50838,-1.50834,-1.52907,-0.734949,-0.709969,-1.29911
-1.50691,-1.50687,-1.52777,-0.718307,-0.694042,-1.29394
-1.50548,-1.50543,-1.52651,-0.702884,-0.682479,-1.28895
-1.50413,-1.50409,-1.52533,-0.689572,-0.671872,-1.28417
-1.50295,-1.50291,-1.52425,-0.680177,-0.664317,-1.28008
-1.50189,-1.50185,-1.5232,-0.672729,-0.657957,-1.27639
-1.5009,-1.50086,-1.5222,-0.668064,-0.653943,-1.27358
-1.49989,-1.49985,-1.5212,-0.664988,-0.651542,-1.27163
-1.49886,-1.49882,-1.52021,-0.662354,-0.649485,-1.27006
-1.49785,-1.49781,-1.51922,-0.660065,-0.64759,-1.26877
-1.49682,-1.49678,-1.51823,-0.658119,-0.645815,-1.26779
-1.49586,-1.49582,-1.5173,-0.656153,-0.644015,-1.26683
-1.49505,-1.49501,-1.51652,-0.653962,-0.642032,-1.26585
-1.49423,-1.49418,-1.51574,-0.651753,-0.640055,-1.26488
-1.49355,-1.4935,-1.51506,-0.649498,-0.637948,-1.26397
-1.49292,-1.49288,-1.51446,-0.647147,-0.63573,-1.26312
-1.49244,-1.4924,-1.514,-0.644414,-0.633211,-1.26226
-1.49202,-1.49198,-1.51358,-0.641522,-0.630552,-1.26138
-1.49166,-1.49162,-1.51323,-0.638464,-0.627666,-1.26051
-1.49127,-1.49123,-1.51287,-0.635472,-0.624798,-1.25969
-1.49085,-1.49081,-1.51251,-0.632598,-0.621974,-1.25908
-1.49046,-1.49042,-1.51218,-0.629822,-0.619255,-1.25864
-1.49014,-1.49009,-1.51188,-0.6283,-0.617182,-1.25918
-1.48987,-1.48983,-1.51162,-0.627982,-0.616245,-1.26037
-1.48965,-1.48961,-1.5114,-0.630514,-0.618115,-1.26262
-1.48953,-1.48949,-1.51122,-0.634961,-0.621227,-1.26535
-1.48958,-1.48953,-1.51114,-0.643638,-0.627152,-1.26879
-1.48977,-1.48973,-1.51113,-0.653996,-0.634859,-1.27248
-1.48999,-1.48995,-1.51113,-0.666017,-0.646605,-1.27647
-1.4902,-1.49015,-1.51113,-0.678301,-0.660308,-1.28052
-1.49038,-1.49034,-1.51113,-0.69176,-0.676215,-1.28459
-1.4905,-1.49046,-1.51111,-0.706225,-0.692669,-1.28862
-1.49073,-1.49068,-1.5112,-0.721711,-0.709185,-1.29258
-1.49104,-1.491,-1.51131,-0.7375,-0.725836,-1.29652
-1.49131,-1.49126,-1.51164,-0.753642,-0.744311,-1.30029
-1.49183,-1.49179,-1.51235,-0.76974,-0.763728,-1.30392
-1.49246,-1.49242,-1.51315,-0.785188,-0.783066,-1.30715
-1.4931,-1.49306,-1.514,-0.799914,-0.802605,-1.31006
-1.4937,-1.49365,-1.51482,-0.813877,-0.822148,-1.31259
-1.49424,-1.4942,-1.51562,-0.826685,-0.839303,-1.31427
-1.49452,-1.49447,-1.51626,-0.836964,-0.854047,-1.31512
-1.49465,-1.49461,-1.51679,-0.845418,-0.867633,-1.3156
-1.49462,-1.49458,-1.51715,-0.850411,-0.878253,-1.31557
-1.49496,-1.49492,-1.51763,-0.854109,-0.887339,-1.3154
-1.49524,-1.4952,-1.51803,-0.855937,-0.89053,-1.31515
-1.49544,-1.4954,-1.5183,-0.85598,-0.890662,-1.3149
-1.49577,-1.49573,-1.51861,-0.854676,-0.887611,-1.31469
-1.49626,-1.49622,-1.51906,-0.852745,-0.88198,-1.31443
-1.49715,-1.49711,-1.51984,-0.848422,-0.870668,-1.31393
-1.49798,-1.49794,-1.52059,-0.84193,-0.857457,-1.31319
-1.49848,-1.49844,-1.52107,-0.830632,-0.841513,-1.31171
-1.49885,-1.4988,-1.52143,-0.817429,-0.824304,-1.30977
-1.49928,-1.49924,-1.52187,-0.801918,-0.804777,-1.30692
-1.49952,-1.49948,-1.52217,-0.785132,-0.784322,-1.30343
-1.49968,-1.49963,-1.52236,-0.7678,-0.763662,-1.29971
-1.49978,-1.49973,-1.52248,-0.750329,-0.743006,-1.29583
-1.4997,-1.49966,-1.52248,-0.733155,-0.72272,-1.29173
-1.49957,-1.49953,-1.52242,-0.716588,-0.702615,-1.28754
-1.49934,-1.49929,-1.5223,-0.700393,-0.6831,-1.28333
-1.49892,-1.49892,-1.52209,-0.684842,-0.665767,-1.27912
-1.49823,-1.49823,-1.52158,-0.670092,-0.651963,-1.27502
-1.49746,-1.49746,-1.521,-0.657094,-0.638594,-1.27104
-1.49673,-1.49681,-1.52044,-0.645028,-0.627162,-1.26723
-1.49617,-1.49625,-1.52001,-0.635904,-0.618172,-1.26396
-1.49587,-1.49595,-1.51976,-0.629257,-0.611028,-1.26148
-1.49566,-1.49574,-1.51959,-0.623458,-0.604545,-1.25946
-1.49551,-1.49559,-1.51945,-0.618816,-0.599265,-1.25832
-1.49536,-1.49544,-1.51932,-0.61448,-0.594537,-1.25756
-1.49531,-1.49539,-1.51923,-0.610588,-0.590369,-1.25736
-1.49533,-1.49541,-1.51917,-0.606725,-0.586236,-1.25727
-1.49525,-1.49532,-1.51908,-0.602948,-0.582159,-1.25722
-1.49526,-1.49534,-1.51907,-0.598992,-0.577884,-1.2572
-1.49534,-1.49542,-1.51912,-0.594907,-0.573473,-1.25728
-1.49541,-1.49549,-1.51917,-0.590819,-0.56906,-1.25743
-1.49559,-1.49567,-1.51929,-0.586978,-0.56469,-1.25786
-1.49572,-1.4958,-1.51941,-0.583515,-0.560425,-1.25854
-1.49594,-1.49602,-1.51961,-0.581543,-0.556695,-1.25998
-1.49621,-1.49629,-1.51985,-0.580206,-0.554281,-1.26189
-1.49665,-1.49673,-1.52023,-0.581377,-0.554725,-1.2647
-1.49723,-1.49731,-1.52072,-0.58427,-0.556349,-1.26794
-1.49798,-1.49806,-1.52141,-0.591061,-0.560296,-1.27179
-1.49884,-1.49892,-1.52218,-0.599418,-0.565943,-1.27585
-1.49946,-1.49954,-1.52276,-0.609569,-0.575245,-1.28021
-1.49994,-1.50002,-1.52319,-0.620056,-0.586713,-1.28463
-1.50024,-1.50032,-1.52351,-0.631574,-0.600868,-1.28907
-1.50054,-1.50062,-1.5239,-0.643782,-0.615352,-1.29348
-1.50094,-1.50102,-1.52444,-0.657131,-0.630287,-1.29779
-1.50139,-1.50147,-1.52505,-0.670886,-0.645134,-1.30205
-1.5019,-1.50198,-1.52574,-0.685646,-0.65962,-1.3063
-1.50259,-1.50267,-1.5266,-0.700261,-0.674274,-1.31055
-1.50348,-1.50356,-1.52758,-0.714964,-0.688768,-1.3148
-1.50441,-1.50449,-1.52863,-0.729633,-0.703483,-1.31904
-1.50546,-1.50554,-1.5298,-0.744426,-0.71863,-1.32328
-1.50649,-1.50657,-1.53093,-0.75939,-0.733951,-1.32752
-1.50754,-1.50761,-1.53203,-0.774641,-0.749599,-1.33177
-1.50864,-1.50872,-1.53317,-0.789623,-0.765372,-1.336
-1.50979,-1.50987,-1.5343,-0.803948,-0.781366,-1.34023
-1.51089,-1.51097,-1.53539,-0.818207,-0.797137,-1.34445
-1.51198,-1.51206,-1.53646,-0.832012,-0.812172,-1.34869
-1.51311,-1.51319,-1.53757,-0.84489,-0.826998,-1.35294
-1.51425,-1.51433,-1.53868,-0.856384,-0.839475,-1.35722
-1.51544,-1.51552,-1.53982,-0.867521,-0.850204,-1.36147
-1.51664,-1.51672,-1.54094,-0.877432,-0.856543,-1.36553
-1.51772,-1.5178,-1.54196,-0.8852,-0.861883,-1.3694
-1.51873,-1.51881,-1.54293,-0.889162,-0.864173,-1.37272
-1.51957,-1.51965,-1.54383,-0.891191,-0.865254,-1.37565
-1.52033,-1.52041,-1.5447,-0.890354,-0.863918,-1.37773
-1.52116,-1.52124,-1.5456,-0.88793,-0.860966,-1.37894
-1.522,-1.52208,-1.54649,-0.885006,-0.857614,-1.37977
-1.52282,-1.5229,-1.54737,-0.881785,-0.85414,-1.38031
-1.52363,-1.52371,-1.54823,-0.878251,-0.850593,-1.38053
-1.52438,-1.52446,-1.54904,-0.87472,-0.847071,-1.3807
-1.52496,-1.52504,-1.54967,-0.871521,-0.843819,-1.38091
-1.52554,-1.52562,-1.55029,-0.868357,-0.840588,-1.3811
-1.52592,-1.526,-1.55078,-0.865335,-0.837542,-1.38126
-1.52627,-1.52635,-1.55121,-0.862327,-0.834511,-1.38138
-1.52647,-1.52655,-1.55149,-0.859683,-0.83182,-1.38143
-1.5266,-1.52668,-1.55172,-0.857306,-0.829366,-1.3815
-1.52662,-1.52669,-1.55183,-0.855439,-0.827428,-1.38161
-1.52672,-1.52679,-1.55199,-0.853509,-0.825434,-1.38173
-1.52688,-1.52696,-1.55216,-0.851588,-0.823443,-1.38186
-1.52703,-1.52711,-1.55232,-0.849751,-0.821522,-1.38199
-1.52714,-1.52721,-1.55245,-0.848044,-0.819714,-1.38213
-1.52709,-1.52717,-1.55249,-0.846577,-0.818139,-1.38226
-1.52709,-1.52717,-1.55254,-0.845209,-0.816631,-1.3824
-1.52711,-1.52719,-1.55259,-0.843887,-0.815172,-1.38253
-1.52711,-1.52718,-1.55264,-0.84245,-0.813607,-1.38265
-1.52711,-1.52718,-1.5527,-0.840924,-0.811976,-1.38278
-1.52711,-1.52719,-1.55278,-0.839279,-0.810243,-1.38292
-1.52718,-1.52726,-1.55288,-0.837619,-0.808482,-1.38305
-1.5272,-1.52728,-1.55295,-0.835884,-0.806649,-1.38317
-1.52722,-1.5273,-1.55304,-0.834096,-0.804779,-1.38328
-1.52725,-1.52733,-1.55313,-0.832278,-0.802889,-1.38339
-1.52727,-1.52735,-1.55321,-0.830563,-0.801076,-1.38351
-1.52737,-1.52745,-1.55331,-0.829013,-0.79933,-1.38371
-1.52744,-1.52752,-1.55339,-0.827676,-0.797706,-1.38404
-1.5274,-1.52747,-1.55341,-0.827121,-0.796524,-1.38477
-1.52744,-1.52752,-1.55346,-0.827126,-0.795407,-1.38581
-1.52753,-1.52761,-1.55354,-0.827672,-0.794544,-1.38722
-1.52769,-1.52777,-1.55365,-0.829317,-0.796062,-1.38948
-1.52806,-1.52814,-1.55386,-0.833455,-0.799705,-1.39257
-1.52855,-1.52863,-1.55418,-0.839379,-0.804268,-1.39604
-1.52913,-1.52921,-1.55458,-0.848281,-0.811658,-1.40002
-1.52968,-1.52976,-1.55496,-0.858117,-0.820626,-1.40417
