 head     neck    torso    right elbow    right_shoulder_ right hand    
-0.151332,-0.151332,-0.148251,0.494046,0.844571,0.360944
0.0647719,0.0647719,0.0597459,0.193864,0.862654,0.345772
0.0766795,0.0766795,0.0728382,0.105259,0.845662,0.339279
-0.0287209,-0.0287209,-0.0302717,-0.00268833,0.80931,0.337158
-0.0630506,-0.0630506,-0.0633857,0.233353,0.787694,0.328201
-0.0998078,-0.0998078,-0.107866,-0.609381,0.871013,0.320942
-0.13357,-0.13357,-0.14218,-0.631757,0.809067,0.31792
-0.158506,-0.158506,-0.170613,-0.638921,0.789762,0.326734
-0.188809,-0.188809,-0.211689,-0.577709,0.724688,0.3313
-0.18851,-0.18851,-0.211572,-0.46535,0.576652,0.318774
-0.285732,-0.285732,-0.315388,-0.436142,0.532474,0.299839
-0.354325,-0.354325,-0.387967,-0.443534,0.50205,0.293051
-0.364331,-0.364331,-0.409173,-0.49898,0.468985,0.273334
-0.35821,-0.35821,-0.353526,-0.5371,0.327528,0.269225
-0.347654,-0.347654,-0.339058,-0.53784,0.377762,0.237883
-0.381811,-0.381811,-0.385145,-0.444817,0.283827,0.230009
-0.357883,-0.357883,-0.368179,-0.371865,0.342316,0.21094
-0.316117,-0.316117,-0.310691,-0.329925,0.347953,0.198491
-0.341633,-0.341633,-0.321128,-0.261404,0.4327,0.189126
-0.356726,-0.356726,-0.340815,-0.244112,0.383843,0.176699
-0.322698,-0.322698,-0.314827,-0.262677,0.363962,0.173197
-0.300822,-0.300822,-0.297408,-0.347148,0.342257,0.168389
-0.292172,-0.292172,-0.289573,-0.374865,0.359812,0.162841
-0.304355,-0.304355,-0.297481,-0.350885,0.335418,0.164691
-0.295471,-0.295471,-0.289818,-0.395072,0.341623,0.168168
-0.333383,-0.333383,-0.329369,-0.326458,0.322036,0.196002
-0.335592,-0.335592,-0.331328,-0.390452,0.318823,0.201119
-0.480556,-0.480556,-0.480373,-0.432759,0.296311,0.21141
-0.496258,-0.496258,-0.504584,-0.477792,0.294863,0.21106
-0.488638,-0.488638,-0.500606,-0.50533,0.304188,0.211198
-0.525596,-0.525596,-0.538727,-0.534162,0.306016,0.209415
-0.502742,-0.502742,-0.513004,-0.474398,0.25571,0.181206
-0.473773,-0.473773,-0.481626,-0.444677,0.243818,0.182236
-0.458594,-0.458594,-0.464501,-0.327762,0.200975,0.180439
-0.395403,-0.395403,-0.394642,-0.241551,0.18104,0.170757
-0.371842,-0.371842,-0.368602,-0.171558,0.168237,0.170645
-0.329309,-0.32931,-0.32539,-0.185084,0.169383,0.168099
-0.337744,-0.337744,-0.333483,-0.168981,0.256852,0.170845
-0.330147,-0.330147,-0.325933,-0.0862137,0.273684,0.184561
-0.3354,-0.3354,-0.331529,-0.0770391,0.375767,0.185755
-0.320205,-0.320205,-0.317804,-0.135871,0.353801,0.185989
-0.327126,-0.327126,-0.33149,-0.222352,0.372467,0.187848
-0.328516,-0.328516,-0.333525,-0.228424,0.370522,0.183291
-0.35086,-0.35086,-0.364766,-0.307332,0.369699,0.179618
-0.356273,-0.356273,-0.372219,-0.331135,0.34128,0.176609
-0.421749,-0.421749,-0.437839,-0.351888,0.246346,0.165939
-0.417926,-0.417926,-0.433067,-0.371402,0.252238,0.166241
-0.449511,-0.449511,-0.459029,-0.404805,0.241862,0.157796
-0.436151,-0.436151,-0.446063,-0.343262,0.252887,0.16245
-0.43327,-0.43327,-0.445624,-0.367704,0.216214,0.156684
-0.402632,-0.402632,-0.411638,-0.418443,0.233761,0.156469
-0.365282,-0.365282,-0.377846,-0.381394,0.26302,0.150856
-0.355203,-0.355203,-0.371164,-0.440631,0.260413,0.144001
-0.468312,-0.468312,-0.485222,-0.34931,0.385889,0.128963
-0.378613,-0.378613,-0.394244,-0.341929,0.428557,0.115381
-0.31509,-0.31509,-0.330076,-0.333574,0.459089,0.0797479
-0.476063,-0.476063,-0.47375,-0.252299,0.338226,0.0556803
-0.511479,-0.511479,-0.51439,-0.214413,0.322378,0.0312951
-0.472305,-0.472305,-0.477481,-0.504579,0.176996,-0.0195312
-0.403583,-0.403583,-0.402681,-0.533298,0.108781,-0.0463033
-0.388842,-0.388842,-0.38433,-0.534917,0.138114,-0.052943
-0.398671,-0.398671,-0.391379,-0.55906,0.234015,-0.0570443
-0.410304,-0.410304,-0.403149,-0.576451,0.280617,-0.0605653
-0.393862,-0.393862,-0.394817,-0.498731,0.29722,-0.0712371
-0.397099,-0.397099,-0.40896,-0.471026,0.29922,-0.0803776
-0.405157,-0.405157,-0.404329,-0.398791,0.307026,-0.0888818
-0.401377,-0.401377,-0.394968,-0.386584,0.288554,-0.0990516
-0.338585,-0.338585,-0.333533,-0.362055,0.217219,-0.10914
-0.29468,-0.294679,-0.295163,-0.352774,0.182702,-0.108417
-0.265843,-0.265843,-0.260105,-0.321454,0.173228,-0.112927
-0.277816,-0.277816,-0.26922,-0.312522,0.129979,-0.113649
-0.325806,-0.325806,-0.314626,-0.382713,0.196307,-0.112586
-0.285428,-0.285428,-0.280938,-0.395059,0.228549,-0.107116
-0.250546,-0.250546,-0.245119,-0.445511,0.280226,-0.109022
-0.241334,-0.241334,-0.236486,-0.521435,0.249065,-0.113186
-0.270358,-0.270358,-0.272654,-0.394984,0.279817,-0.0888557
-0.286869,-0.286869,-0.291026,-0.347591,0.274157,-0.0847602
-0.275081,-0.275081,-0.278962,-0.385788,0.293052,-0.0872656
-0.283362,-0.283362,-0.284532,-0.418433,0.296566,-0.0881345
-0.316561,-0.316561,-0.314719,-0.430662,0.251906,-0.103897
-0.337822,-0.337822,-0.334676,-0.437108,0.248178,-0.10584
-0.347658,-0.347658,-0.34355,-0.358524,0.202186,-0.10506
-0.373038,-0.373038,-0.370454,-0.345412,0.151326,-0.111502
-0.405805,-0.405805,-0.4026,-0.371947,0.176217,-0.114171
-0.39357,-0.39357,-0.389137,-0.544222,0.186943,-0.152805
-0.3692,-0.3692,-0.361442,-0.465697,0.201667,-0.121757
-0.352353,-0.352353,-0.344119,-0.406436,0.225157,-0.107199
-0.350621,-0.350621,-0.344837,-0.306795,0.177685,-0.105309
-0.33015,-0.33015,-0.326906,-0.384559,0.151819,-0.111092
-0.334128,-0.334128,-0.335516,-0.460439,0.152923,-0.132222
-0.323461,-0.323461,-0.332589,-0.439433,0.126288,-0.133565
-0.294951,-0.294951,-0.30356,-0.248422,0.149251,-0.0982994
-0.30925,-0.30925,-0.31578,-0.436439,0.200448,-0.121044
-0.358497,-0.358497,-0.358794,-0.409222,0.233831,-0.113423
-0.339499,-0.339499,-0.348347,-0.308267,0.254201,-0.0873221
-0.383458,-0.383458,-0.389273,-0.333106,0.25667,-0.0820447
-0.385799,-0.3858,-0.392665,-0.389802,0.251655,-0.0818655
-0.484293,-0.484293,-0.497808,-0.389345,0.244496,-0.0847002
-0.454984,-0.454984,-0.459367,-0.374173,0.217183,-0.0869738
-0.536894,-0.536894,-0.546759,-0.440511,0.220252,-0.0926455
-0.576708,-0.576708,-0.572721,-0.404707,0.162166,-0.10124
-0.529456,-0.529456,-0.518176,-0.379262,0.147252,-0.116894
-0.545248,-0.545248,-0.533667,-0.401577,0.121998,-0.132552
-0.556546,-0.556546,-0.549407,-0.369811,0.125395,-0.143164
-0.595849,-0.595849,-0.58137,-0.32407,0.0930064,-0.169799
-0.566144,-0.566144,-0.558778,-0.283104,0.0950993,-0.177443
-0.50482,-0.50482,-0.497757,-0.430341,0.268211,-0.182345
-0.43847,-0.43847,-0.431204,-0.460115,0.232165,-0.183149
-0.437961,-0.437961,-0.434526,-0.445847,0.205405,-0.180363
-0.460251,-0.460251,-0.458538,-0.675098,0.181538,-0.180325
-0.477305,-0.477305,-0.477872,-0.472706,0.195452,-0.178027
-0.48114,-0.48114,-0.48694,-0.457606,0.216988,-0.178435
-0.472492,-0.472492,-0.479985,-0.459711,0.212777,-0.180885
-0.437139,-0.437139,-0.448314,-0.467368,0.190504,-0.181801
-0.431183,-0.431183,-0.440994,-0.438315,0.184316,-0.184091
-0.439259,-0.439259,-0.44553,-0.439842,0.186362,-0.187808
-0.443493,-0.443493,-0.445043,-0.340902,0.258808,-0.184933
-0.472213,-0.472213,-0.465898,-0.128607,0.193914,-0.184306
-0.481632,-0.481632,-0.471679,-0.130093,0.197375,-0.183756
-0.477319,-0.477319,-0.462257,-0.257888,0.341351,-0.182388
-0.461332,-0.461332,-0.446192,-0.467313,0.501713,-0.178742
-0.472111,-0.472111,-0.455777,-0.367779,0.432224,-0.17968
-0.468217,-0.468217,-0.451023,-0.567883,0.327714,-0.174382
-0.433564,-0.433564,-0.421182,-0.628649,0.183356,-0.225992
-0.434212,-0.434212,-0.42287,-0.624333,0.166939,-0.225513
-0.448206,-0.448206,-0.445242,-0.545781,0.213033,-0.206675
-0.452652,-0.452652,-0.448039,-0.601914,0.203776,-0.223482
-0.4455,-0.4455,-0.462778,-0.572827,0.186498,-0.206579
-0.437,-0.437,-0.448541,-0.398119,0.214333,-0.173732
-0.439884,-0.439884,-0.452323,-0.405798,0.221416,-0.173569
-0.44817,-0.44817,-0.459552,-0.224472,0.239191,-0.17921
-0.381875,-0.381875,-0.394863,-0.401443,0.143817,-0.169387
-0.409942,-0.409942,-0.420968,-0.395764,0.163266,-0.160078
-0.443243,-0.443243,-0.44221,-0.450681,0.192646,-0.182509
-0.437887,-0.437887,-0.439493,-0.444524,0.208221,-0.172269
-0.436296,-0.436296,-0.433047,-0.390785,0.17298,-0.163568
-0.428161,-0.428161,-0.42278,-0.453895,0.211863,-0.164388
-0.480793,-0.480793,-0.473832,-0.414287,0.331426,-0.156227
-0.456352,-0.456352,-0.449831,-0.370329,0.292139,-0.156934
-0.419589,-0.419589,-0.412992,-0.278322,0.0876359,-0.157054
-0.436172,-0.436172,-0.430403,-0.386054,0.117405,-0.174407
-0.417293,-0.417293,-0.414918,-0.359888,0.160408,-0.16461
-0.350656,-0.350656,-0.350059,-0.420739,0.185211,-0.171317
-0.396664,-0.396664,-0.397635,-0.402708,0.16662,-0.17328
-0.336848,-0.336848,-0.345665,-0.435,0.183431,-0.158414
-0.374022,-0.374022,-0.37864,-0.485889,0.202173,-0.16459
-0.364964,-0.364964,-0.370694,-0.497452,0.197151,-0.174977
-0.380632,-0.380632,-0.385964,-0.527682,0.226766,-0.171462
-0.381986,-0.381986,-0.388478,-0.561059,0.233978,-0.17261
-0.391091,-0.391091,-0.396788,-0.581057,0.277396,-0.172801
-0.394447,-0.394447,-0.400179,-0.603488,0.302817,-0.17089
-0.386752,-0.386752,-0.388242,-0.613187,0.244034,-0.174909
-0.39242,-0.39242,-0.391945,-0.617097,0.255907,-0.174523
-0.419103,-0.419103,-0.414489,-0.590512,0.199618,-0.174063
-0.472968,-0.472968,-0.466439,-0.475746,0.0881456,-0.170425
-0.465822,-0.465822,-0.46415,-0.519747,0.17051,-0.17095
-0.484957,-0.484957,-0.483431,-0.504096,0.156719,-0.168939
-0.503763,-0.503763,-0.502766,-0.554551,0.180794,-0.168055
-0.478441,-0.478441,-0.482663,-0.557748,0.195388,-0.167182
-0.466531,-0.466531,-0.474713,-0.513356,0.159235,-0.166153
-0.46932,-0.46932,-0.480435,-0.517733,0.183694,-0.165515
-0.464876,-0.464876,-0.485432,-0.544069,0.243138,-0.164199
-0.475194,-0.475194,-0.493145,-0.550011,0.239115,-0.16331
-0.456114,-0.456114,-0.472548,-0.551457,0.206602,-0.162721
-0.463526,-0.463526,-0.482024,-0.544176,0.21747,-0.162447
-0.465329,-0.465329,-0.486904,-0.542537,0.23039,-0.162128
-0.44434,-0.44434,-0.461056,-0.530109,0.248331,-0.164403
-0.461019,-0.461019,-0.475854,-0.49813,0.25845,-0.164258
-0.48684,-0.48684,-0.496629,-0.516599,0.24637,-0.167005
-0.511545,-0.511545,-0.512211,-0.507028,0.234401,-0.166124
-0.504413,-0.504413,-0.495241,-0.464179,0.192068,-0.166434
-0.494559,-0.494559,-0.48401,-0.471201,0.193772,-0.166331
-0.468285,-0.468285,-0.459936,-0.472713,0.149435,-0.166299
-0.473092,-0.473092,-0.467779,-0.493777,0.168557,-0.165131
-0.444999,-0.444999,-0.444379,-0.500835,0.158115,-0.164443
-0.494204,-0.494204,-0.496308,-0.494949,0.158116,-0.16396
-0.486146,-0.486146,-0.486843,-0.482662,0.168596,-0.163759
-0.484138,-0.484138,-0.481852,-0.480501,0.171435,-0.164601
-0.492612,-0.492612,-0.48947,-0.483751,0.177629,-0.165139
-0.496914,-0.496914,-0.493509,-0.475854,0.178033,-0.165327
-0.507882,-0.507882,-0.509767,-0.486202,0.181474,-0.165196
-0.502204,-0.502204,-0.510239,-0.500005,0.190907,-0.164614
-0.499724,-0.499724,-0.509512,-0.520941,0.203544,-0.164294
-0.51289,-0.51289,-0.520124,-0.511078,0.220054,-0.168096
-0.500246,-0.500246,-0.507473,-0.509131,0.220813,-0.166305
-0.493564,-0.493564,-0.506043,-0.502736,0.215209,-0.167903
-0.489701,-0.489701,-0.50209,-0.503338,0.215117,-0.166132
-0.468603,-0.468603,-0.489134,-0.502433,0.203038,-0.164521
-0.423417,-0.423417,-0.461002,-0.507831,0.169978,-0.16367
-0.428425,-0.428425,-0.461047,-0.503153,0.164984,-0.163945
-0.418974,-0.418974,-0.445059,-0.507566,0.140865,-0.166305
-0.433136,-0.433136,-0.445008,-0.478694,0.123781,-0.166603
-0.395917,-0.395917,-0.418633,-0.485907,0.108073,-0.164563
-0.428244,-0.428244,-0.444879,-0.474157,0.112652,-0.16603
-0.437991,-0.437991,-0.449714,-0.481271,0.109602,-0.168475
-0.516677,-0.516677,-0.517433,-0.485362,0.112924,-0.170395
-0.51993,-0.51993,-0.509384,-0.522039,0.125082,-0.16654
-0.546721,-0.546721,-0.534233,-0.499995,0.135693,-0.167165
-0.510391,-0.510391,-0.495442,-0.532153,0.139374,-0.166813
-0.503106,-0.503106,-0.491035,-0.515284,0.142046,-0.169297
-0.50366,-0.50366,-0.493956,-0.517362,0.138373,-0.169658
-0.542962,-0.542962,-0.535788,-0.518879,0.130429,-0.168104
-0.583994,-0.583994,-0.571525,-0.494444,0.148218,-0.169278
-0.293027,-0.293027,-0.292075,-0.323223,0.0909623,-0.169892
-0.285898,-0.285898,-0.285231,-0.268542,0.0633628,-0.177541
-0.251336,-0.251336,-0.25064,-0.173999,0.0251073,-0.186338
-0.25326,-0.25326,-0.253841,-0.135587,0.00970227,-0.190403
-0.25239,-0.25239,-0.252262,-0.10088,-0.00242006,-0.193213
-0.231936,-0.231936,-0.23138,-0.0394537,-0.0172661,-0.19569
-0.209714,-0.209714,-0.209507,-0.0121822,-0.0209144,-0.196234
-0.211588,-0.211588,-0.21169,-0.117784,-0.0646032,-0.190763
-0.210441,-0.210441,-0.210102,-0.0867365,-0.0626641,-0.192533
-0.228667,-0.228667,-0.227941,-0.0356972,-0.0619085,-0.195219
-0.237557,-0.237557,-0.238088,-0.0189861,-0.0667828,-0.196543
-0.256092,-0.256092,-0.254762,0.0233723,-0.0620612,-0.198154
-0.254728,-0.254728,-0.252561,0.0585887,-0.0574887,-0.198561
-0.241745,-0.241745,-0.24001,0.0731816,-0.0559738,-0.19819
-0.228162,-0.228162,-0.227285,0.0956287,-0.0559687,-0.198053
-0.230869,-0.230869,-0.229965,0.105163,-0.0560787,-0.198218
-0.241763,-0.241763,-0.240246,0.112702,-0.0572087,-0.199454
-0.264529,-0.264529,-0.262592,0.122048,-0.0627232,-0.200778
-0.266954,-0.266954,-0.265045,0.130128,-0.0610067,-0.201454
-0.270114,-0.270114,-0.269777,0.138876,-0.0631135,-0.202368
-0.283977,-0.283977,-0.28327,0.143608,-0.0630381,-0.202994
-0.282869,-0.282869,-0.281084,0.151225,-0.0633739,-0.202545
-0.272908,-0.272908,-0.270976,0.159339,-0.0616862,-0.202196
-0.270337,-0.270337,-0.269434,0.161833,-0.0619312,-0.201762
-0.251781,-0.251781,-0.252001,0.166625,-0.0618064,-0.202022
-0.247578,-0.247578,-0.247683,0.169819,-0.0606117,-0.202088
-0.273126,-0.273126,-0.272373,0.172231,-0.0600155,-0.20301
-0.296366,-0.296366,-0.294387,0.173191,-0.0621425,-0.204369
-0.300471,-0.300471,-0.299888,0.176755,-0.0610692,-0.204706
-0.306358,-0.306358,-0.305561,0.178907,-0.0599798,-0.204626
-0.300271,-0.300271,-0.299359,0.17898,-0.0617216,-0.204337
-0.302505,-0.302505,-0.30173,0.181021,-0.0604568,-0.204185
-0.304755,-0.304755,-0.303117,0.181638,-0.0605364,-0.203962
-0.291841,-0.291841,-0.290325,0.182711,-0.0606558,-0.202439
-0.277152,-0.277152,-0.27534,0.184961,-0.0589116,-0.20125
-0.282108,-0.282108,-0.279853,0.184769,-0.0599702,-0.199819
-0.286268,-0.286268,-0.282945,0.182917,-0.0621933,-0.198523
-0.293869,-0.293869,-0.290402,0.180982,-0.06476,-0.197526
-0.296884,-0.296884,-0.294683,0.182992,-0.0630197,-0.196921
-0.317204,-0.317204,-0.315659,0.182794,-0.0636759,-0.196466
-0.308642,-0.308642,-0.305468,0.183804,-0.0628616,-0.195125
-0.293517,-0.293517,-0.290824,0.181229,-0.0657674,-0.192296
-0.304233,-0.304233,-0.301577,0.177446,-0.0696905,-0.193478
-0.293426,-0.293426,-0.291607,0.178906,-0.0684707,-0.19163
-0.291156,-0.291156,-0.289185,0.177882,-0.0695969,-0.191739
-0.2502,-0.2502,-0.247981,0.176647,-0.0710051,-0.189808
-0.251027,-0.251027,-0.248759,0.17568,-0.0720462,-0.190158
-0.220342,-0.220342,-0.218538,0.17711,-0.0707429,-0.189517
-0.217729,-0.217729,-0.216405,0.17758,-0.0703269,-0.189621
-0.213265,-0.213265,-0.21204,0.181539,-0.0664597,-0.190627
-0.223289,-0.223289,-0.222457,0.185041,-0.0629976,-0.191471
-0.261626,-0.261626,-0.259461,0.185085,-0.0630211,-0.194347
-0.287916,-0.287916,-0.285978,0.183154,-0.0649807,-0.196235
-0.252356,-0.252356,-0.250783,0.187594,-0.0605895,-0.195952
-0.247795,-0.247795,-0.246832,0.186162,-0.0620423,-0.197321
-0.222734,-0.222734,-0.221714,0.188773,-0.0594672,-0.196572
-0.229522,-0.229522,-0.228243,0.186001,-0.0622545,-0.197574
-0.237673,-0.237673,-0.236061,0.184684,-0.0635978,-0.198493
-0.247892,-0.247892,-0.246263,0.181756,-0.0665371,-0.199265
-0.271901,-0.271901,-0.271428,0.178068,-0.0702444,-0.201223
-0.269873,-0.269873,-0.269237,0.176156,-0.0721647,-0.201176
-0.24689,-0.24689,-0.246087,0.175984,-0.0723507,-0.201147
-0.23163,-0.23163,-0.230709,0.181968,-0.0663779,-0.201584
-0.241569,-0.241569,-0.241435,0.181712,-0.0666383,-0.202109
-0.237744,-0.237744,-0.237533,0.181938,-0.0664168,-0.202068
-0.226358,-0.226358,-0.227015,0.184562,-0.0638009,-0.202679
-0.230961,-0.230961,-0.232398,0.183985,-0.0643811,-0.202746
-0.232732,-0.232732,-0.233235,0.186703,-0.0616683,-0.202422
-0.247911,-0.247911,-0.249722,0.187522,-0.0608519,-0.202841
-0.270941,-0.270941,-0.271838,0.188569,-0.059809,-0.202198
-0.303093,-0.303093,-0.303972,0.188145,-0.0602346,-0.201534
-0.390608,-0.390608,-0.391178,-0.335515,-0.48103,-0.233793
-0.463682,-0.463682,-0.462127,-0.582103,-0.701233,-0.230649
-0.570848,-0.570848,-0.566712,-0.931672,-1.07209,-0.216117
-0.582291,-0.582291,-0.577945,-1.2572,-1.4523,-0.184411
-0.584078,-0.584078,-0.577346,-1.28821,-1.54728,-0.201476
-0.588445,-0.588445,-0.581392,-1.29039,-1.56084,-0.208676
-0.620686,-0.620686,-0.61292,-1.29248,-1.53227,-0.224166
-0.647158,-0.647158,-0.638857,-1.29044,-1.51126,-0.230069
-0.664732,-0.664732,-0.657458,-1.29013,-1.47114,-0.245531
-0.686773,-0.686773,-0.679947,-1.28394,-1.46518,-0.250743
-0.749106,-0.749106,-0.741992,-1.27619,-1.44264,-0.264863
-0.76701,-0.76701,-0.760353,-1.27028,-1.43677,-0.269029
-0.833394,-0.833394,-0.826427,-1.24322,-1.45756,-0.273942
-0.8943,-0.8943,-0.888716,-1.25715,-1.4447,-0.273766
-0.951571,-0.951571,-0.947381,-1.27553,-1.41897,-0.271099
-0.966419,-0.966419,-0.963222,-1.27937,-1.41752,-0.26877
-0.967903,-0.967903,-0.963699,-1.27755,-1.42389,-0.267111
-0.975477,-0.975477,-0.972355,-1.28355,-1.41849,-0.266821
-0.982576,-0.982576,-0.981773,-1.28656,-1.42207,-0.266038
-0.978527,-0.978527,-0.978543,-1.28891,-1.42186,-0.263482
-0.98475,-0.98475,-0.983556,-1.28767,-1.42422,-0.264209
-0.973029,-0.973029,-0.971996,-1.28109,-1.44056,-0.264923
-0.970584,-0.970584,-0.97038,-1.2809,-1.44879,-0.263974
-0.955226,-0.955226,-0.956273,-1.2797,-1.4473,-0.26531
-0.975371,-0.975371,-0.977761,-1.28277,-1.44759,-0.265533
-0.993819,-0.993819,-0.995315,-1.2876,-1.43097,-0.265605
-0.906686,-0.906686,-0.906583,-1.28977,-1.38516,-0.267007
-0.889914,-0.889914,-0.889851,-1.28813,-1.35764,-0.266626
-0.881036,-0.881036,-0.881009,-1.27825,-1.33217,-0.265267
-0.862945,-0.862945,-0.862909,-1.2819,-1.32536,-0.264845
-0.913835,-0.913835,-0.897968,-1.28868,-1.37928,-0.262095
-0.948725,-0.948725,-0.93992,-1.28863,-1.3966,-0.261642
-0.953367,-0.953367,-0.951184,-1.28481,-1.40018,-0.262317
-0.955433,-0.955433,-0.954509,-1.28602,-1.38056,-0.263406
-0.989414,-0.989414,-0.977438,-1.28592,-1.40302,-0.264378
-0.982443,-0.982443,-0.975923,-1.29059,-1.40573,-0.264462
-0.988396,-0.988396,-0.984914,-1.28396,-1.40525,-0.264292
-0.965534,-0.965534,-0.963142,-1.28768,-1.40689,-0.263542
-0.967962,-0.967962,-0.968803,-1.27933,-1.42687,-0.263418
-0.972506,-0.972506,-0.97311,-1.28042,-1.42195,-0.264332
-0.989309,-0.989309,-0.992049,-1.2817,-1.43528,-0.265436
-1.01115,-1.01115,-1.01479,-1.28728,-1.42438,-0.265447
-1.01843,-1.01843,-1.02123,-1.28513,-1.42229,-0.264263
-1.02086,-1.02086,-1.02347,-1.2851,-1.41257,-0.265589
-1.00253,-1.00253,-1.00358,-1.28617,-1.4085,-0.264578
-1.01283,-1.01283,-1.01479,-1.27879,-1.4165,-0.264087
-1.02143,-1.02143,-1.0225,-1.27358,-1.42304,-0.263272
-1.01828,-1.01828,-1.01837,-1.27415,-1.42449,-0.263617
-1.02693,-1.02693,-1.02858,-1.27965,-1.41809,-0.262784
-1.01145,-1.01145,-1.01184,-1.27818,-1.41509,-0.262445
-1.05198,-1.05198,-1.05806,-1.27916,-1.44155,-0.263373
-1.083,-1.083,-1.08918,-1.28124,-1.43826,-0.263237
-1.12262,-1.12262,-1.12888,-1.28185,-1.43084,-0.263075
-1.12854,-1.12854,-1.13574,-1.27557,-1.44078,-0.263127
-1.12396,-1.12396,-1.12798,-1.27509,-1.42129,-0.263295
-1.11822,-1.11822,-1.11975,-1.27297,-1.41306,-0.264151
-1.111,-1.111,-1.11295,-1.27881,-1.40712,-0.263057
-1.09172,-1.09172,-1.09426,-1.27388,-1.41868,-0.26244
-1.07344,-1.07344,-1.07668,-1.28033,-1.42141,-0.262136
-1.07923,-1.07923,-1.08272,-1.28175,-1.42116,-0.262112
-1.09943,-1.09943,-1.10171,-1.2834,-1.41514,-0.261516
-1.1128,-1.1128,-1.11536,-1.27826,-1.41912,-0.261868
-1.11811,-1.11811,-1.11962,-1.27561,-1.41784,-0.262107
-1.11356,-1.11356,-1.11726,-1.27184,-1.43109,-0.261876
-1.09652,-1.09652,-1.09988,-1.28009,-1.41246,-0.259571
-1.10108,-1.10108,-1.107,-1.27831,-1.41229,-0.261207
-1.10503,-1.10503,-1.10681,-1.27349,-1.38787,-0.261461
-1.07864,-1.07864,-1.07924,-1.28797,-1.34964,-0.264951
-0.910062,-0.910062,-0.910036,-1.30347,-1.31341,-0.262029
-0.904102,-0.904102,-0.884273,-1.29671,-1.31125,-0.261294
-0.867183,-0.867183,-0.840359,-1.28669,-1.38729,-0.265099
-0.88403,-0.88403,-0.867464,-1.27739,-1.41367,-0.263588
-0.954184,-0.954184,-0.947343,-1.26319,-1.39291,-0.260944
-0.971906,-0.971906,-0.972125,-1.25651,-1.41729,-0.261567
-0.986213,-0.986213,-0.993884,-1.25587,-1.41687,-0.262283
-0.967396,-0.967396,-0.971127,-1.25677,-1.42702,-0.262735
-0.909677,-0.909677,-0.90988,-1.25786,-1.40332,-0.262575
-0.90724,-0.90724,-0.907344,-1.25433,-1.38082,-0.262432
-0.927361,-0.927361,-0.917942,-1.25205,-1.41486,-0.263777
-0.9447,-0.9447,-0.941167,-1.24878,-1.44606,-0.263995
-0.978823,-0.978823,-0.977963,-1.25074,-1.44149,-0.264502
-0.948966,-0.948966,-0.948368,-1.25706,-1.41394,-0.261329
-0.886955,-0.886955,-0.886712,-1.26036,-1.37732,-0.259551
-0.882698,-0.882698,-0.882564,-1.25506,-1.37033,-0.260251
-0.920324,-0.920324,-0.908522,-1.25848,-1.4098,-0.260392
-0.94105,-0.94105,-0.935409,-1.25906,-1.42197,-0.260205
-0.931396,-0.931396,-0.930278,-1.25596,-1.40763,-0.262553
-0.924999,-0.924999,-0.924416,-1.2501,-1.40172,-0.264476
-0.904771,-0.904771,-0.904602,-1.25478,-1.34544,-0.262147
-0.888251,-0.888251,-0.888111,-1.25432,-1.33804,-0.262732
-0.88736,-0.88736,-0.887188,-1.2591,-1.34156,-0.263286
-0.889551,-0.889551,-0.889217,-1.25652,-1.34337,-0.263563
-0.903175,-0.903175,-0.902876,-1.25469,-1.33548,-0.262174
-0.911447,-0.911447,-0.911089,-1.25495,-1.33237,-0.263243
-0.924134,-0.924134,-0.904388,-1.25865,-1.3146,-0.263346
-0.941015,-0.941015,-0.929768,-1.25804,-1.40783,-0.265511
-0.961585,-0.961585,-0.960283,-1.25726,-1.45041,-0.266096
-0.963242,-0.963242,-0.964275,-1.25688,-1.45219,-0.264468
-0.992632,-0.992632,-0.992006,-1.25604,-1.43154,-0.265664
-0.995096,-0.995096,-0.993959,-1.25704,-1.41838,-0.267198
-0.992738,-0.992738,-0.992875,-1.2515,-1.43344,-0.26915
-0.991751,-0.991751,-0.992833,-1.25279,-1.44966,-0.268275
-0.987388,-0.987388,-0.990841,-1.25085,-1.46566,-0.266017
-0.980076,-0.980076,-0.983229,-1.24948,-1.46995,-0.267106
-0.984408,-0.984408,-0.987342,-1.2476,-1.46502,-0.266204
-0.991656,-0.991656,-0.9951,-1.2487,-1.45922,-0.265072
-1.00023,-1.00023,-1.00415,-1.24563,-1.45945,-0.265982
-1.01802,-1.01802,-1.02219,-1.24402,-1.46823,-0.266553
-1.02162,-1.02162,-1.02626,-1.24751,-1.47204,-0.263171
-1.01525,-1.01525,-1.01915,-1.25543,-1.46122,-0.263596
-0.999216,-0.999216,-1.00155,-1.26676,-1.46189,-0.266303
-1.00173,-1.00173,-1.00528,-1.27175,-1.46438,-0.265902
-0.998114,-0.998114,-0.998221,-1.27412,-1.46061,-0.266121
-0.985374,-0.985374,-0.984906,-1.27593,-1.46415,-0.265601
-0.977706,-0.977706,-0.979351,-1.26578,-1.48785,-0.262799
-0.982638,-0.982638,-0.984387,-1.2588,-1.49845,-0.262129
-0.972529,-0.972529,-0.974754,-1.26281,-1.50172,-0.254776
-0.970278,-0.970278,-0.972558,-1.25925,-1.50457,-0.254905
-0.95651,-0.95651,-0.95915,-1.25197,-1.51126,-0.259448
-0.960062,-0.960062,-0.963993,-1.24886,-1.51282,-0.260648
-0.968106,-0.968106,-0.971318,-1.25642,-1.50842,-0.255037
-0.977433,-0.977433,-0.978818,-1.26027,-1.5052,-0.253781
-0.976288,-0.976288,-0.97987,-1.26048,-1.50531,-0.251912
-0.970068,-0.970068,-0.973536,-1.26813,-1.49831,-0.250884
-0.947698,-0.947698,-0.950376,-1.26965,-1.49692,-0.251882
-0.937894,-0.937894,-0.940059,-1.26603,-1.49837,-0.252226
-0.950431,-0.950431,-0.95336,-1.25586,-1.51122,-0.252146
-0.949395,-0.949395,-0.952887,-1.25377,-1.51263,-0.252553
-0.958089,-0.958089,-0.960255,-1.25913,-1.50738,-0.253228
-0.960499,-0.960499,-0.962289,-1.25481,-1.50831,-0.256291
-0.956636,-0.956636,-0.958953,-1.25924,-1.50477,-0.258052
-0.959514,-0.959514,-0.96145,-1.25761,-1.51021,-0.258737
-0.953703,-0.953703,-0.957458,-1.25783,-1.50798,-0.260254
-0.948031,-0.948031,-0.951334,-1.25643,-1.50826,-0.262202
-0.946542,-0.946542,-0.949287,-1.24504,-1.51315,-0.267195
-0.936318,-0.936318,-0.939942,-1.2468,-1.50882,-0.266945
-0.935004,-0.935004,-0.937447,-1.2587,-1.49639,-0.265691
-0.927931,-0.927931,-0.930322,-1.26168,-1.48639,-0.269178
-0.939185,-0.939185,-0.942939,-1.26614,-1.4683,-0.279838
-0.951159,-0.951159,-0.954582,-1.26525,-1.45889,-0.286535
-0.97243,-0.97243,-0.974176,-1.25709,-1.44455,-0.298499
-0.985448,-0.985448,-0.987094,-1.24804,-1.44255,-0.304786
-0.999087,-0.999087,-1.00056,-1.23384,-1.43392,-0.317316
-1.01786,-1.01786,-1.0194,-1.23291,-1.4299,-0.319765
-1.06637,-1.06637,-1.07059,-1.23042,-1.41985,-0.325563
-1.08317,-1.08317,-1.08632,-1.22556,-1.41944,-0.32821
-1.0954,-1.0954,-1.09633,-1.22334,-1.41607,-0.329943
-1.09397,-1.09397,-1.09522,-1.22073,-1.41794,-0.332416
-1.10102,-1.10102,-1.10293,-1.20725,-1.42079,-0.337788
-1.09826,-1.09826,-1.10147,-1.19912,-1.42065,-0.341255
-1.09145,-1.09145,-1.09393,-1.21059,-1.41239,-0.339434
-1.09224,-1.09224,-1.09493,-1.21184,-1.41156,-0.339568
-1.0979,-1.0979,-1.10147,-1.2072,-1.40657,-0.343155
-1.09992,-1.09992,-1.10195,-1.19518,-1.40786,-0.348157
-1.1068,-1.1068,-1.11051,-1.1939,-1.40506,-0.350779
-1.12512,-1.12512,-1.12985,-1.19823,-1.39815,-0.351233
-1.16808,-1.16808,-1.17218,-1.18715,-1.4007,-0.356086
-1.16609,-1.16609,-1.16955,-1.17549,-1.40091,-0.36061
-1.20296,-1.20296,-1.20352,-1.16883,-1.38825,-0.36711
-1.20962,-1.20962,-1.21109,-1.17514,-1.38293,-0.367878
-1.20546,-1.20546,-1.207,-1.14705,-1.38013,-0.380211
-1.20245,-1.20245,-1.2046,-1.13673,-1.37849,-0.384949
-1.16431,-1.16431,-1.16661,-1.11986,-1.36825,-0.393902
-1.15268,-1.15268,-1.15436,-1.11499,-1.36418,-0.397205
-1.21189,-1.21189,-1.2134,-1.09744,-1.36508,-0.404103
-1.21086,-1.21086,-1.21257,-1.08704,-1.3671,-0.407253
-1.15175,-1.15175,-1.15178,-1.06677,-1.35909,-0.413474
-1.13559,-1.13559,-1.13559,-1.06523,-1.35557,-0.414777
-1.13671,-1.13671,-1.13558,-1.07006,-1.34784,-0.416401
-1.17154,-1.17154,-1.17067,-1.06974,-1.34947,-0.416809
-1.23599,-1.23599,-1.23618,-1.07601,-1.34992,-0.417281
-1.2592,-1.2592,-1.2601,-1.07781,-1.34784,-0.417692
-1.25555,-1.25555,-1.25709,-1.08177,-1.34657,-0.416743
-1.2602,-1.2602,-1.26121,-1.08257,-1.34637,-0.416948
-1.25553,-1.25553,-1.25601,-1.07774,-1.35032,-0.417989
-1.25483,-1.25483,-1.2559,-1.07779,-1.34986,-0.418071
-1.28131,-1.28131,-1.28375,-1.08036,-1.35074,-0.417786
-1.27263,-1.27263,-1.27475,-1.08439,-1.34926,-0.4174
-1.26669,-1.26669,-1.26905,-1.08509,-1.34941,-0.416901
-1.26914,-1.26914,-1.27091,-1.08591,-1.34877,-0.417096
-1.25912,-1.25912,-1.26033,-1.08302,-1.35101,-0.416951
-1.26262,-1.26262,-1.26452,-1.09137,-1.34843,-0.415786
-1.25249,-1.25249,-1.25462,-1.1007,-1.3481,-0.413179
-1.25449,-1.25449,-1.25667,-1.10348,-1.34497,-0.412973
-1.25036,-1.25036,-1.25353,-1.09571,-1.34664,-0.414971
-1.24026,-1.24026,-1.24331,-1.09395,-1.34691,-0.415649
-1.21492,-1.21492,-1.21703,-1.09094,-1.3487,-0.416753
-1.22486,-1.22486,-1.22695,-1.09107,-1.34964,-0.416944
-1.22988,-1.22988,-1.23231,-1.0966,-1.34829,-0.416189
-1.2306,-1.2306,-1.23274,-1.10098,-1.34388,-0.415879
-1.22261,-1.22261,-1.22303,-1.09944,-1.34415,-0.415757
-1.23128,-1.23128,-1.23278,-1.0869,-1.34463,-0.418839
-1.21768,-1.21768,-1.21959,-1.0956,-1.34497,-0.416329
-1.22774,-1.22774,-1.23031,-1.10056,-1.34594,-0.414929
-1.21444,-1.21444,-1.21519,-1.10376,-1.34854,-0.412163
-1.2059,-1.2059,-1.20762,-1.11165,-1.35662,-0.408311
-1.20083,-1.20083,-1.20308,-1.12421,-1.36416,-0.402088
-1.20112,-1.20112,-1.20433,-1.14106,-1.3788,-0.390787
-1.1925,-1.1925,-1.19715,-1.16307,-1.39337,-0.376028
-1.17762,-1.17762,-1.1799,-1.18618,-1.39297,-0.365162
-1.14357,-1.14357,-1.14752,-1.22009,-1.41378,-0.344961
-1.12954,-1.12954,-1.13355,-1.23118,-1.42813,-0.335324
-1.09476,-1.09476,-1.09768,-1.23548,-1.4578,-0.319973
-1.06548,-1.06548,-1.06872,-1.23957,-1.46845,-0.313021
-1.02105,-1.02105,-1.02333,-1.25612,-1.47571,-0.30081
-0.999243,-0.999243,-1.00116,-1.25741,-1.48246,-0.296343
-0.990988,-0.990988,-0.993186,-1.2565,-1.48752,-0.292806
-0.95182,-0.95182,-0.953307,-1.27999,-1.48302,-0.282257
-0.911969,-0.911969,-0.912866,-1.2825,-1.50014,-0.268766
-0.904392,-0.904392,-0.904063,-1.28025,-1.50764,-0.264453
-0.877221,-0.877221,-0.876674,-1.27953,-1.51151,-0.259629
-0.866201,-0.866201,-0.866804,-1.28321,-1.51711,-0.252887
-0.865645,-0.865645,-0.864411,-1.27791,-1.52183,-0.249955
-0.859754,-0.859754,-0.860056,-1.28097,-1.52281,-0.246286
-0.860495,-0.860495,-0.860347,-1.28317,-1.52166,-0.243609
-0.845005,-0.845005,-0.843757,-1.28577,-1.51867,-0.240243
-0.803328,-0.803328,-0.802025,-1.28296,-1.52149,-0.237335
-0.792241,-0.792241,-0.792859,-1.28064,-1.52825,-0.235567
-0.769527,-0.769527,-0.769544,-1.28064,-1.53651,-0.232522
-0.749736,-0.749736,-0.749792,-1.27983,-1.53693,-0.231293
-0.736106,-0.736106,-0.735832,-1.28076,-1.53302,-0.230359
-0.730463,-0.730463,-0.729881,-1.28565,-1.52747,-0.226818
-0.745445,-0.745445,-0.74527,-1.28553,-1.52886,-0.22204
-0.738617,-0.738617,-0.738497,-1.28751,-1.5189,-0.221925
-0.732449,-0.732449,-0.733776,-1.28817,-1.50236,-0.220489
-0.737569,-0.737569,-0.7387,-1.28682,-1.50083,-0.219879
-0.732075,-0.732075,-0.732161,-1.2855,-1.50192,-0.219357
-0.736664,-0.736664,-0.735877,-1.28461,-1.50336,-0.219293
-0.732956,-0.732956,-0.731969,-1.285,-1.50361,-0.219146
-0.742644,-0.742644,-0.740103,-1.28294,-1.5022,-0.21872
-0.748394,-0.748394,-0.746618,-1.28424,-1.4982,-0.219042
-0.743708,-0.743708,-0.742763,-1.28479,-1.49909,-0.219484
-0.740674,-0.740674,-0.740071,-1.28418,-1.49789,-0.219039
-0.746024,-0.746024,-0.74618,-1.28549,-1.49668,-0.21878
-0.744274,-0.744274,-0.742895,-1.28629,-1.49581,-0.219684
-0.741907,-0.741907,-0.741258,-1.28642,-1.49695,-0.219458
-0.745699,-0.745699,-0.744331,-1.28739,-1.50014,-0.220125
-0.74702,-0.74702,-0.746037,-1.28691,-1.49641,-0.221458
-0.748899,-0.748899,-0.748506,-1.28248,-1.5122,-0.218817
-0.745812,-0.745812,-0.746129,-1.28551,-1.51299,-0.217807
-0.750903,-0.750903,-0.750637,-1.28966,-1.51046,-0.218465
-0.759238,-0.759238,-0.758955,-1.28597,-1.52238,-0.217789
-0.765025,-0.765025,-0.765054,-1.28755,-1.52566,-0.214228
-0.747729,-0.747729,-0.746693,-1.28583,-1.5325,-0.215383
-0.753657,-0.753657,-0.753422,-1.28638,-1.5301,-0.214461
-0.764424,-0.764424,-0.762678,-1.28883,-1.5202,-0.211548
-0.787639,-0.787639,-0.786654,-1.28965,-1.50859,-0.209234
-0.790669,-0.790669,-0.789934,-1.29051,-1.51235,-0.211865
-0.810168,-0.810168,-0.809395,-1.29028,-1.52081,-0.208875
-0.8091,-0.809101,-0.809222,-1.28446,-1.5295,-0.207562
-0.799165,-0.799165,-0.797678,-1.28115,-1.53189,-0.207019
-0.790309,-0.790309,-0.7883,-1.28151,-1.53456,-0.206626
-0.792787,-0.792787,-0.791639,-1.28354,-1.53472,-0.207224
-0.776689,-0.776689,-0.774841,-1.28862,-1.52145,-0.209566
-0.788571,-0.788571,-0.787399,-1.29201,-1.5199,-0.209046
-0.786605,-0.786605,-0.784691,-1.2924,-1.52035,-0.210205
-0.783432,-0.783432,-0.782812,-1.29153,-1.52246,-0.209162
-0.787725,-0.787725,-0.786462,-1.28617,-1.52931,-0.211977
-0.788969,-0.788969,-0.788101,-1.28897,-1.52548,-0.211067
-0.78656,-0.78656,-0.785414,-1.2894,-1.52739,-0.210433
-0.784439,-0.784439,-0.78282,-1.28668,-1.53086,-0.210031
-0.782025,-0.782025,-0.77991,-1.28292,-1.5362,-0.210167
-0.788137,-0.788137,-0.785579,-1.28345,-1.53405,-0.209111
-0.785405,-0.785405,-0.783029,-1.28225,-1.53576,-0.209534
-0.783162,-0.783163,-0.780247,-1.28097,-1.53572,-0.209872
-0.788933,-0.788933,-0.786891,-1.28283,-1.53324,-0.210327
-0.795117,-0.795117,-0.792768,-1.28088,-1.53699,-0.209974
-0.789056,-0.789056,-0.786495,-1.28011,-1.53805,-0.210041
-0.791055,-0.791055,-0.788822,-1.28108,-1.53652,-0.209187
-0.788894,-0.788894,-0.786685,-1.28252,-1.53569,-0.210018
-0.77936,-0.77936,-0.778583,-1.28219,-1.53597,-0.210104
-0.7945,-0.7945,-0.792682,-1.28437,-1.53191,-0.209421
-0.7954,-0.7954,-0.79323,-1.28094,-1.53328,-0.210362
-0.791345,-0.791345,-0.788829,-1.28065,-1.53499,-0.210203
-0.781608,-0.781608,-0.779713,-1.29249,-1.52737,-0.197748
-0.769364,-0.769364,-0.766909,-1.29396,-1.52866,-0.18525
-0.767443,-0.767443,-0.764228,-1.29291,-1.53425,-0.174573
-0.757647,-0.757647,-0.755522,-1.30636,-1.5361,-0.146231
-0.766892,-0.766892,-0.767405,-1.34155,-1.42597,-0.0626076
-0.782015,-0.782015,-0.780993,-1.31374,-1.34221,-0.00836337
-0.806013,-0.806013,-0.808263,-1.2509,-1.24497,0.0412424
-0.807819,-0.807819,-0.814711,-0.928078,-1.02054,0.152954
-0.756442,-0.756442,-0.76113,-0.525373,-0.733066,0.237972
-0.743235,-0.743235,-0.747409,-0.356833,-0.571666,0.267576
-0.726228,-0.726228,-0.730108,-0.168715,-0.422067,0.285863
-0.669878,-0.669878,-0.673471,0.10188,-0.171271,0.307835
-0.632534,-0.632534,-0.635592,0.212756,-0.0795355,0.312986
-0.546248,-0.546248,-0.548687,0.303178,0.0600306,0.313591
-0.506433,-0.506433,-0.509089,0.338834,0.0882732,0.309722
-0.469538,-0.469538,-0.473547,0.343578,0.151975,0.302671
-0.421805,-0.421805,-0.426192,0.357991,0.161945,0.299085
-0.3486,-0.3486,-0.351409,0.402831,0.162326,0.297153
-0.332559,-0.332559,-0.333712,0.42417,0.168399,0.29763
-0.305332,-0.305332,-0.305759,0.42099,0.144353,0.29604
-0.291823,-0.291823,-0.291764,0.437353,0.132013,0.298309
-0.280688,-0.280688,-0.281205,0.441708,0.110009,0.306114
-0.283499,-0.283499,-0.283141,0.433777,0.0990054,0.303697
-0.288814,-0.288814,-0.289667,0.407726,0.0589348,0.303648
-0.294954,-0.294954,-0.294966,0.403846,0.0505222,0.302697
-0.312782,-0.312782,-0.313504,0.402743,0.0279188,0.301377
-0.346931,-0.346931,-0.34621,0.392765,0.0321831,0.300178
-0.355759,-0.355759,-0.354901,0.386688,0.0271335,0.299126
-0.362162,-0.362162,-0.362116,0.396532,0.025971,0.299005
-0.383147,-0.383147,-0.382369,0.415327,0.0355886,0.299052
-0.398115,-0.398115,-0.397958,0.410751,0.0340993,0.298599
-0.385231,-0.385231,-0.384583,0.411112,0.0102128,0.297878
-0.376901,-0.376901,-0.37681,0.415145,-0.0014131,0.297636
-0.388956,-0.388956,-0.389429,0.422018,-0.0112669,0.297509
-0.397782,-0.397782,-0.397658,0.420504,-0.00805507,0.297817
-0.400205,-0.400205,-0.400599,0.415944,-0.0190777,0.297631
-0.301189,-0.301189,-0.302956,0.418821,-0.0616803,0.2975
-0.258968,-0.258968,-0.260378,0.425942,-0.0856929,0.298272
-0.226489,-0.226489,-0.228508,0.433284,-0.113465,0.298526
-0.193798,-0.193798,-0.194946,0.429527,-0.1305,0.298238
-0.143908,-0.143908,-0.14677,0.427751,-0.15746,0.298008
-0.130843,-0.130843,-0.134481,0.434465,-0.164605,0.298952
-0.116138,-0.116138,-0.118077,0.426296,-0.166491,0.29913
-0.109442,-0.109442,-0.111483,0.42233,-0.169599,0.298784
-0.133175,-0.133175,-0.13485,0.424926,-0.15349,0.296645
-0.140518,-0.140518,-0.142668,0.428555,-0.162222,0.293867
-0.169137,-0.169137,-0.170882,0.433649,-0.150871,0.293031
-0.168829,-0.168829,-0.170354,0.430834,-0.157738,0.292322
-0.152238,-0.152238,-0.154026,0.435502,-0.159369,0.292707
-0.119969,-0.119969,-0.121886,0.40882,-0.182478,0.290984
-0.122739,-0.122739,-0.124693,0.41104,-0.189116,0.292198
-0.105047,-0.105047,-0.106339,0.402179,-0.195299,0.291629
-0.107279,-0.107279,-0.10931,0.419541,-0.2,0.293159
-0.110725,-0.110725,-0.112291,0.420944,-0.210335,0.290364
-0.114611,-0.114611,-0.116385,0.407414,-0.200114,0.287798
-0.120479,-0.120479,-0.122582,0.408079,-0.190168,0.287392
-0.145833,-0.145833,-0.14873,0.410397,-0.180629,0.287206
-0.163439,-0.163439,-0.164298,0.391939,-0.172565,0.28143
-0.138317,-0.138317,-0.138484,0.345993,-0.197426,0.261833
-0.12574,-0.12574,-0.126733,0.305924,-0.197817,0.255196
-0.115361,-0.115361,-0.116869,0.287902,-0.204513,0.251129
-0.110583,-0.110583,-0.112837,0.284916,-0.21416,0.248882
-0.104066,-0.104066,-0.106174,0.281271,-0.226318,0.253148
-0.104315,-0.104315,-0.107429,0.311745,-0.224746,0.253963
-0.103806,-0.103806,-0.107407,0.321235,-0.216333,0.259413
-0.121654,-0.121654,-0.123627,0.295308,-0.196836,0.267882
-0.136182,-0.136182,-0.137489,0.284721,-0.182669,0.270351
-0.154709,-0.154709,-0.15637,0.225651,-0.180031,0.269081
-0.163156,-0.163156,-0.165219,0.210009,-0.191411,0.267124
-0.168348,-0.168348,-0.169055,0.207226,-0.204469,0.272427
-0.159724,-0.159724,-0.161497,0.151054,-0.213765,0.27713
-0.167547,-0.167547,-0.169222,0.0711857,-0.203624,0.279359
-0.171204,-0.171204,-0.173781,0.0696273,-0.198665,0.27818
-0.171707,-0.171707,-0.174096,0.179466,-0.203582,0.284401
-0.173342,-0.173342,-0.175109,0.179226,-0.203212,0.282603
-0.17551,-0.17551,-0.176752,0.200163,-0.206227,0.271983
-0.178416,-0.178416,-0.179647,0.253844,-0.21221,0.278251
-0.182717,-0.182717,-0.185975,0.313784,-0.219047,0.288011
-0.180186,-0.180186,-0.185308,0.339057,-0.222476,0.291308
-0.177223,-0.177223,-0.178865,0.362874,-0.22065,0.294442
-0.19328,-0.19328,-0.19506,0.359045,-0.212148,0.295043
-0.178851,-0.178851,-0.180687,0.368822,-0.231824,0.295899
-0.184266,-0.184266,-0.185765,0.372629,-0.228718,0.296482
-0.179246,-0.179246,-0.182473,0.380632,-0.236619,0.296782
-0.186174,-0.186174,-0.189433,0.366103,-0.240805,0.296076
-0.175836,-0.175836,-0.178902,0.366243,-0.241753,0.29351
-0.177439,-0.177439,-0.179387,0.378067,-0.242785,0.294401
-0.188673,-0.188673,-0.190221,0.411079,-0.245554,0.294879
-0.183421,-0.183421,-0.185723,0.414689,-0.243158,0.292356
-0.175342,-0.175342,-0.178085,0.430253,-0.25441,0.289257
-0.171384,-0.171384,-0.172485,0.43995,-0.264886,0.288399
-0.173366,-0.173366,-0.176236,0.428062,-0.245152,0.287807
-0.178814,-0.178813,-0.181145,0.427246,-0.242883,0.287739
-0.178265,-0.178265,-0.180352,0.419544,-0.238702,0.287492
-0.173063,-0.173063,-0.175777,0.413511,-0.238969,0.287215
-0.177418,-0.177418,-0.179663,0.422149,-0.232807,0.287841
-0.175197,-0.175197,-0.178549,0.420218,-0.244483,0.288128
-0.168566,-0.168566,-0.171115,0.417848,-0.252121,0.286824
-0.169299,-0.169299,-0.171799,0.416748,-0.245776,0.286428
-0.185692,-0.185692,-0.188657,0.410013,-0.240488,0.286265
-0.184576,-0.184576,-0.187128,0.410889,-0.239078,0.286599
-0.183292,-0.183292,-0.185666,0.421551,-0.237888,0.290102
-0.184161,-0.184161,-0.185827,0.434569,-0.239462,0.289226
-0.170691,-0.170691,-0.171714,0.428196,-0.247833,0.287158
-0.175292,-0.175292,-0.176377,0.436023,-0.246015,0.286976
-0.172387,-0.172387,-0.173941,0.411512,-0.236303,0.286713
-0.178193,-0.178193,-0.180301,0.408992,-0.230846,0.286504
-0.17416,-0.17416,-0.174904,0.420779,-0.231325,0.287212
-0.172756,-0.172756,-0.173933,0.421773,-0.225513,0.286769
-0.170241,-0.170241,-0.17173,0.419486,-0.228776,0.28728
-0.167374,-0.167373,-0.168917,0.420849,-0.228309,0.287502
-0.176976,-0.176976,-0.177787,0.412159,-0.218236,0.287234
-0.169222,-0.169222,-0.169938,0.406525,-0.223225,0.286704
-0.16384,-0.16384,-0.165621,0.404778,-0.231407,0.286945
-0.168537,-0.168537,-0.169894,0.40483,-0.225524,0.286944
-0.167418,-0.167418,-0.168102,0.399592,-0.228937,0.286097
-0.164307,-0.164306,-0.164953,0.396252,-0.227268,0.28582
-0.170163,-0.170163,-0.170944,0.404863,-0.225866,0.291832
-0.15258,-0.15258,-0.154137,0.390229,-0.229042,0.292157
-0.147001,-0.147001,-0.149423,0.374968,-0.226718,0.289448
-0.142363,-0.142363,-0.145423,0.362098,-0.2175,0.291594
-0.138212,-0.138212,-0.141589,0.318691,-0.21379,0.293421
-0.129698,-0.129697,-0.134172,0.25478,-0.22248,0.292393
-0.130332,-0.130332,-0.134592,0.165005,-0.221046,0.291016
-0.127361,-0.127361,-0.129921,0.0656231,-0.23895,0.28307
-0.126933,-0.126933,-0.130223,0.0344353,-0.250712,0.2863
-0.140096,-0.140096,-0.143875,0.0468284,-0.249171,0.291352
-0.142145,-0.142145,-0.145597,0.0531271,-0.25468,0.296159
-0.164121,-0.164121,-0.166881,0.0531706,-0.246029,0.297713
-0.148495,-0.148495,-0.151668,0.0546319,-0.261462,0.297743
-0.137847,-0.137847,-0.141203,0.0517585,-0.263639,0.29783
-0.156299,-0.156299,-0.159973,0.0336452,-0.254958,0.297267
-0.145582,-0.145582,-0.149354,0.034162,-0.263399,0.29687
-0.140993,-0.140992,-0.144572,0.0425655,-0.260597,0.297158
-0.154575,-0.154575,-0.157924,0.0462936,-0.254139,0.297411
-0.1407,-0.1407,-0.144557,0.0835823,-0.262829,0.299854
-0.142528,-0.142528,-0.147052,0.062827,-0.253747,0.299627
-0.139765,-0.139765,-0.143487,0.0577148,-0.268694,0.298523
-0.131813,-0.131813,-0.136149,0.0526745,-0.271101,0.29822
-0.150364,-0.150364,-0.154756,0.0286754,-0.260028,0.297004
-0.14088,-0.14088,-0.145207,0.0345418,-0.265029,0.296957
-0.130443,-0.130443,-0.132712,0.0359168,-0.265762,0.296866
-0.131204,-0.131204,-0.133483,0.0452224,-0.259536,0.298062
-0.152002,-0.152002,-0.154849,0.098298,-0.25485,0.301803
-0.158954,-0.158954,-0.161759,0.113908,-0.260781,0.304079
-0.158881,-0.158881,-0.161979,0.131806,-0.262873,0.305927
-0.166231,-0.166231,-0.170219,0.129419,-0.272905,0.30726
-0.174807,-0.174807,-0.177477,0.139755,-0.273454,0.307227
-0.169051,-0.169051,-0.171761,0.115025,-0.272814,0.305694
-0.181119,-0.181119,-0.1838,0.0886134,-0.259832,0.301951
-0.181542,-0.181542,-0.18379,0.109877,-0.261562,0.302419
-0.164324,-0.164324,-0.166482,0.0852553,-0.265939,0.293985
-0.169415,-0.169415,-0.171988,0.0906351,-0.270011,0.29437
-0.165254,-0.165254,-0.167741,0.0880593,-0.27194,0.292616
-0.167534,-0.167534,-0.170007,0.0637138,-0.273639,0.289247
-0.20549,-0.20549,-0.207218,0.00916704,-0.24057,0.284776
-0.197495,-0.197495,-0.199809,-0.0294945,-0.239928,0.279786
-0.18168,-0.18168,-0.184403,-0.0474103,-0.247111,0.27454
-0.176173,-0.176173,-0.178069,-0.0556973,-0.239023,0.272492
-0.177177,-0.177177,-0.180125,-0.00155503,-0.236149,0.280806
-0.181319,-0.181319,-0.184413,0.0232557,-0.230857,0.286212
-0.186156,-0.186156,-0.18861,0.0830927,-0.197765,0.292092
-0.190198,-0.190198,-0.192112,0.103494,-0.182555,0.287979
-0.175825,-0.175825,-0.177536,0.0986674,-0.157069,0.288998
-0.173977,-0.173977,-0.176026,0.0997983,-0.158518,0.291898
-0.167629,-0.167629,-0.170025,0.0915753,-0.15267,0.286621
-0.167938,-0.167938,-0.169494,0.0882636,-0.149489,0.285156
-0.164506,-0.164506,-0.166998,0.105814,-0.145302,0.291916
-0.166862,-0.166862,-0.168367,0.1175,-0.150341,0.29407
-0.170838,-0.170838,-0.172572,0.112387,-0.139696,0.289089
-0.169048,-0.169048,-0.170009,0.115392,-0.143683,0.287917
-0.177771,-0.177771,-0.17928,0.0920619,-0.131402,0.28914
-0.167139,-0.167139,-0.168364,0.0817241,-0.13687,0.287125
-0.163674,-0.163674,-0.166762,0.0911321,-0.146618,0.292507
-0.176796,-0.176796,-0.179711,0.0949957,-0.142385,0.294222
-0.188202,-0.188202,-0.190477,0.102962,-0.149262,0.29643
-0.190735,-0.190735,-0.193755,0.102618,-0.147405,0.296265
-0.198568,-0.198568,-0.200906,0.10938,-0.153724,0.296227
-0.188372,-0.188372,-0.190709,0.103012,-0.156346,0.295219
-0.17996,-0.17996,-0.18336,0.0919156,-0.16338,0.295325
-0.1814,-0.1814,-0.184699,0.0957102,-0.16584,0.29563
-0.181345,-0.181345,-0.182691,0.091436,-0.166206,0.295956
-0.177995,-0.177995,-0.179283,0.095517,-0.172624,0.295882
-0.170321,-0.170321,-0.171673,0.0845394,-0.181306,0.295102
-0.164705,-0.164705,-0.166764,0.0907906,-0.185276,0.295318
-0.165439,-0.165439,-0.168231,0.0912239,-0.188766,0.294433
-0.169316,-0.169316,-0.171899,0.0953681,-0.184866,0.294525
-0.171806,-0.171806,-0.17439,0.0843947,-0.174797,0.295262
-0.172395,-0.172395,-0.174524,0.0919777,-0.172594,0.295834
-0.162531,-0.162531,-0.165224,0.0787468,-0.167977,0.288392
-0.165279,-0.165279,-0.167728,0.0904739,-0.166046,0.284835
-0.170066,-0.170066,-0.17208,0.0755155,-0.166829,0.280264
-0.171525,-0.171525,-0.172972,0.0732238,-0.170278,0.279229
-0.15686,-0.15686,-0.157992,0.0800548,-0.177115,0.28255
-0.152138,-0.152138,-0.154545,0.0737461,-0.175913,0.280837
-0.157093,-0.157093,-0.158595,0.0780522,-0.170295,0.283063
-0.164695,-0.164695,-0.165836,0.0711247,-0.165028,0.285827
-0.1605,-0.1605,-0.162324,0.0722753,-0.164617,0.288547
-0.16019,-0.16019,-0.161692,0.0650094,-0.166395,0.291041
-0.159136,-0.159136,-0.161875,0.0812632,-0.170516,0.29259
-0.162082,-0.162082,-0.16411,0.0793203,-0.166831,0.288001
-0.179388,-0.179388,-0.181787,0.0671362,-0.158766,0.285332
-0.187139,-0.187139,-0.188946,0.0659794,-0.162346,0.287332
-0.193592,-0.193592,-0.195709,0.0583768,-0.1655,0.285476
-0.187319,-0.187319,-0.190081,0.0579692,-0.170804,0.287094
-0.179997,-0.179997,-0.182538,0.0579932,-0.170726,0.289186
-0.198854,-0.198854,-0.202112,0.0471869,-0.154929,0.286144
-0.209836,-0.209836,-0.212234,0.0368937,-0.145505,0.279888
-0.223968,-0.223968,-0.226669,0.058387,-0.150801,0.283843
-0.192449,-0.192449,-0.195934,0.0742101,-0.170996,0.291398
-0.190243,-0.190243,-0.193411,0.0873721,-0.178666,0.29273
-0.186292,-0.186292,-0.189125,0.109997,-0.192738,0.293819
-0.176931,-0.176931,-0.179278,0.104413,-0.194836,0.294203
-0.176008,-0.176008,-0.177925,0.0983971,-0.186013,0.295785
-0.180447,-0.180447,-0.182555,0.0874554,-0.180821,0.29516
-0.18618,-0.18618,-0.188626,0.0912861,-0.170148,0.293234
-0.175405,-0.175405,-0.177329,0.0917121,-0.180767,0.293509
-0.17569,-0.17569,-0.177632,0.100803,-0.180725,0.289329
-0.168359,-0.168359,-0.170245,0.104073,-0.167133,0.292148
-0.186246,-0.186246,-0.187986,0.112358,-0.150672,0.290853
-0.18621,-0.18621,-0.188012,0.125174,-0.146584,0.291935
-0.189504,-0.189504,-0.19171,0.139801,-0.150971,0.290045
-0.184534,-0.184534,-0.187353,0.156432,-0.153056,0.292346
-0.19287,-0.192869,-0.194673,0.138831,-0.147542,0.28656
-0.192469,-0.192469,-0.19555,0.137063,-0.146302,0.290446
-0.201433,-0.201433,-0.204862,0.153129,-0.145483,0.294593
-0.1822,-0.182199,-0.185468,0.149806,-0.15792,0.291789
-0.195323,-0.195323,-0.19899,0.152173,-0.158831,0.289276
-0.19814,-0.19814,-0.19991,0.161321,-0.160015,0.291585
-0.171803,-0.171803,-0.173148,0.161626,-0.169607,0.289964
-0.163799,-0.163799,-0.165393,0.167729,-0.17284,0.291804
-0.167608,-0.167608,-0.169164,0.168762,-0.179933,0.286251
-0.162472,-0.162472,-0.164729,0.170324,-0.183117,0.284964
-0.1681,-0.1681,-0.170769,0.157598,-0.183923,0.281765
-0.168234,-0.168234,-0.170075,0.161113,-0.184439,0.281425
-0.169994,-0.169994,-0.171982,0.152011,-0.177759,0.281026
-0.17295,-0.17295,-0.174362,0.153783,-0.178244,0.281963
-0.187859,-0.187859,-0.19028,0.140141,-0.160291,0.283473
-0.185096,-0.185096,-0.187072,0.141785,-0.162122,0.283902
-0.198952,-0.198952,-0.202443,0.153981,-0.163209,0.282879
-0.186066,-0.186066,-0.188017,0.156428,-0.168666,0.282267
-0.186204,-0.186204,-0.189135,0.1645,-0.16138,0.281723
-0.180503,-0.180503,-0.182764,0.16886,-0.162609,0.281952
-0.176318,-0.176318,-0.17791,0.187318,-0.174381,0.291452
-0.179256,-0.179256,-0.180351,0.178361,-0.170616,0.285565
-0.185506,-0.185506,-0.187598,0.161759,-0.167743,0.286461
-0.182279,-0.182279,-0.184812,0.157195,-0.164397,0.285391
-0.1866,-0.1866,-0.189269,0.153982,-0.158272,0.282597
-0.184897,-0.184897,-0.188384,0.159428,-0.16255,0.281966
-0.18931,-0.18931,-0.192924,0.156545,-0.16924,0.281082
-0.182547,-0.182547,-0.18524,0.155647,-0.16947,0.28104
-0.179738,-0.179738,-0.182671,0.149151,-0.16983,0.280585
-0.186138,-0.186138,-0.188502,0.141769,-0.165862,0.285179
-0.178121,-0.178121,-0.179702,0.142515,-0.168568,0.287629
-0.173306,-0.173306,-0.174709,0.138447,-0.16854,0.290545
-0.154778,-0.154778,-0.157122,0.150034,-0.17497,0.294433
-0.150227,-0.150227,-0.152686,0.145155,-0.170787,0.294794
-0.189768,-0.189768,-0.191228,0.130171,-0.146959,0.285327
-0.180085,-0.180085,-0.182709,0.134774,-0.156468,0.287826
-0.18677,-0.18677,-0.189004,0.153881,-0.150328,0.285221
-0.18886,-0.18886,-0.190561,0.156977,-0.160595,0.285095
-0.190108,-0.190107,-0.191661,0.113677,-0.193987,0.287953
-0.184535,-0.184535,-0.185361,0.0684085,-0.225011,0.284083
-0.168358,-0.168358,-0.169123,-0.0849941,-0.288239,0.242784
-0.154288,-0.154288,-0.154565,-0.142107,-0.333219,0.216288
-0.16108,-0.161079,-0.160778,-0.218622,-0.383918,0.143031
-0.190204,-0.190204,-0.190427,-0.207312,-0.380076,0.0927088
-0.264345,-0.264345,-0.266163,-0.135693,-0.32794,-0.0128876
-0.269499,-0.269499,-0.271526,-0.146488,-0.267462,-0.0581833
-0.289866,-0.289866,-0.291139,-0.161006,-0.229741,-0.0941743
-0.31466,-0.31466,-0.313695,-0.186444,-0.200718,-0.137635
-0.309312,-0.309312,-0.30781,-0.159572,-0.201445,-0.13655
-0.279918,-0.279918,-0.279176,-0.127458,-0.215687,-0.130214
-0.263935,-0.263935,-0.264605,-0.107272,-0.207355,-0.11711
-0.266463,-0.266463,-0.266686,-0.105147,-0.197563,-0.113082
-0.269517,-0.269517,-0.268541,-0.0989943,-0.195623,-0.112405
-0.252654,-0.252654,-0.25227,-0.0718553,-0.205158,-0.11603
-0.233487,-0.233487,-0.232498,-0.0829743,-0.21318,-0.126749
-0.217798,-0.217798,-0.218316,-0.076298,-0.224534,-0.128555
-0.228767,-0.228767,-0.230029,-0.0852803,-0.227381,-0.133245
-0.223067,-0.223066,-0.22353,-0.0906874,-0.23187,-0.133687
-0.244601,-0.244601,-0.245024,-0.00678879,-0.218183,-0.152596
-0.249591,-0.249591,-0.24984,9.98665e-05,-0.212852,-0.15574
-0.248595,-0.248595,-0.248446,0.00834545,-0.210602,-0.154225
-0.263409,-0.263409,-0.263578,0.00546933,-0.199975,-0.154773
-0.278578,-0.278578,-0.277551,-0.00660811,-0.203667,-0.154289
-0.26267,-0.26267,-0.26225,-0.00997044,-0.210262,-0.15618
-0.269225,-0.269225,-0.269085,-0.0093794,-0.209107,-0.155667
-0.244777,-0.244777,-0.244467,-0.0120319,-0.222874,-0.158496
-0.229866,-0.229866,-0.227396,-0.00255579,-0.232532,-0.159413
-0.232107,-0.232107,-0.229628,-0.0136369,-0.220389,-0.160129
-0.222897,-0.222897,-0.221957,-0.00905285,-0.238029,-0.161265
-0.22807,-0.22807,-0.227738,-0.00431864,-0.231563,-0.16158
-0.239144,-0.239144,-0.23923,-0.0123183,-0.220524,-0.161397
-0.267898,-0.267898,-0.267527,-0.0237249,-0.197668,-0.163
-0.280159,-0.280159,-0.27886,-0.0307212,-0.187711,-0.163091
-0.280132,-0.280132,-0.280204,-0.0299174,-0.187553,-0.164068
-0.315251,-0.315251,-0.313124,-0.0235908,-0.169758,-0.164339
-0.315666,-0.315666,-0.313449,-0.0277774,-0.159618,-0.164369
-0.295462,-0.295462,-0.294185,-0.0290234,-0.1667,-0.163571
-0.287046,-0.287046,-0.285904,-0.024761,-0.174232,-0.163974
-0.299541,-0.299541,-0.298606,-0.0227713,-0.169486,-0.163927
-0.301716,-0.301716,-0.300822,-0.0261573,-0.167732,-0.164183
-0.275484,-0.275484,-0.274128,-0.0302031,-0.167384,-0.164204
-0.275572,-0.275572,-0.273967,-0.0344584,-0.169186,-0.16285
-0.28496,-0.28496,-0.282561,-0.0352212,-0.1698,-0.162697
-0.290268,-0.290268,-0.289217,-0.0490395,-0.164458,-0.163595
-0.304694,-0.304694,-0.304486,-0.0403805,-0.160879,-0.164143
-0.297029,-0.297029,-0.296583,-0.0334844,-0.162364,-0.163933
-0.301929,-0.301929,-0.302033,-0.0246824,-0.163585,-0.164241
-0.303196,-0.303197,-0.303021,-0.026179,-0.161916,-0.164736
-0.294574,-0.294574,-0.294412,-0.0406878,-0.159425,-0.164114
-0.286646,-0.286646,-0.286546,-0.0430261,-0.165841,-0.163537
-0.293552,-0.293552,-0.293464,-0.0400382,-0.16962,-0.164407
-0.289551,-0.289551,-0.289774,-0.0383154,-0.164699,-0.16425
-0.295668,-0.295668,-0.29559,-0.0212217,-0.166263,-0.163337
-0.296098,-0.296098,-0.295701,-0.0238772,-0.165536,-0.163067
-0.294686,-0.294686,-0.293766,-0.0136946,-0.161147,-0.163231
-0.290587,-0.290587,-0.290143,-0.0355933,-0.150437,-0.163529
-0.296323,-0.296323,-0.295344,-0.0379402,-0.154796,-0.163761
-0.293575,-0.293575,-0.291714,-0.0402418,-0.155105,-0.164454
-0.273539,-0.273539,-0.273791,-0.0427726,-0.167472,-0.162571
-0.284526,-0.284526,-0.284784,-0.0301929,-0.161935,-0.162599
-0.298006,-0.298006,-0.298476,-0.0156984,-0.162882,-0.162899
-0.305149,-0.305149,-0.305313,-0.0239177,-0.154588,-0.163004
-0.308465,-0.308465,-0.308291,-0.014614,-0.158657,-0.162754
-0.314202,-0.314202,-0.314276,-0.00546133,-0.160023,-0.162919
-0.320397,-0.320397,-0.320473,-0.00665867,-0.158642,-0.162348
-0.295579,-0.295579,-0.294879,-0.0156803,-0.168684,-0.162278
-0.291009,-0.291009,-0.289636,-0.0188218,-0.168378,-0.162179
-0.282652,-0.282652,-0.281457,-0.0209209,-0.162165,-0.160996
-0.269368,-0.269368,-0.268242,-0.0186714,-0.172684,-0.160207
-0.259198,-0.259198,-0.257569,-0.023853,-0.172279,-0.158785
-0.262442,-0.262442,-0.261355,-0.022975,-0.173761,-0.155967
-0.279163,-0.279163,-0.278129,-0.0178333,-0.162661,-0.157295
-0.289194,-0.289194,-0.289244,-0.00804389,-0.16995,-0.158985
-0.268802,-0.268802,-0.267523,-0.0126947,-0.175327,-0.159978
-0.270407,-0.270407,-0.269714,-0.00396607,-0.170959,-0.157806
-0.279249,-0.279249,-0.278392,-0.000969058,-0.16594,-0.15775
-0.280676,-0.280676,-0.280249,-0.00743563,-0.162728,-0.158765
-0.286905,-0.286905,-0.286516,-0.00494783,-0.162444,-0.158711
-0.28141,-0.28141,-0.28008,-0.00979198,-0.170932,-0.159339
-0.267735,-0.267735,-0.267009,-0.0115167,-0.167437,-0.157068
-0.271336,-0.271336,-0.270696,-0.00480162,-0.164866,-0.156831
-0.270239,-0.270239,-0.270083,0.00118868,-0.162184,-0.157155
-0.287405,-0.287405,-0.286819,-0.00167097,-0.162299,-0.157707
-0.296284,-0.296284,-0.295306,-0.0108989,-0.155473,-0.158297
-0.295504,-0.295504,-0.295315,-0.010639,-0.156595,-0.158978
-0.285654,-0.285654,-0.284248,-0.0195175,-0.155513,-0.1597
-0.282983,-0.282983,-0.28287,-0.0149368,-0.160777,-0.159676
-0.296225,-0.296225,-0.296111,-0.0180714,-0.159677,-0.159713
-0.258396,-0.258397,-0.284866,-0.018646,-0.157686,-0.160524
-0.28853,-0.28853,-0.288042,-0.0102456,-0.167252,-0.158595
-0.289388,-0.289388,-0.288725,-0.0153031,-0.171824,-0.159331
-0.298541,-0.298541,-0.298516,-0.0160521,-0.159255,-0.159846
-0.295162,-0.295162,-0.295602,-0.0137557,-0.163737,-0.15983
-0.295935,-0.295935,-0.29642,-0.016156,-0.162944,-0.16067
-0.298588,-0.298588,-0.29927,-0.0233312,-0.163319,-0.162345
-0.290359,-0.290359,-0.291067,-0.0103107,-0.167924,-0.162618
-0.298795,-0.298795,-0.299173,0.0386427,-0.225292,-0.16043
-0.266481,-0.266481,-0.268003,0.0453882,-0.309992,-0.15852
-0.263798,-0.263798,-0.262971,-0.00796246,-0.510206,-0.152242
-0.276936,-0.276936,-0.275757,-0.177168,-0.755353,-0.133784
-0.329285,-0.329285,-0.326836,-0.439774,-0.950628,-0.128998
-0.46091,-0.46091,-0.457767,-0.936564,-1.23672,-0.134046
-0.513686,-0.513686,-0.511255,-1.14767,-1.29242,-0.138628
-0.520954,-0.520954,-0.517804,-1.33751,-1.48767,-0.154605
-0.496318,-0.496318,-0.492553,-1.34239,-1.52004,-0.157173
-0.486137,-0.486137,-0.485001,-1.32903,-1.54191,-0.176064
-0.549578,-0.549578,-0.549437,-1.31584,-1.52527,-0.182624
-0.603262,-0.603262,-0.603356,-1.26594,-1.45887,-0.197249
-0.712081,-0.712081,-0.712183,-1.23102,-1.42397,-0.204886
-0.809269,-0.809269,-0.828773,-1.22979,-1.38712,-0.207051
-0.831797,-0.831797,-0.892895,-1.22683,-1.34181,-0.207495
-1.14927,-1.14927,-1.17822,-1.23056,-1.26773,-0.204494
-1.17605,-1.17605,-1.19315,-1.24301,-1.24653,-0.202546
-1.18818,-1.18818,-1.19995,-1.26418,-1.22652,-0.201085
-1.18493,-1.18493,-1.19443,-1.27304,-1.23792,-0.200165
-1.19362,-1.19362,-1.20472,-1.27507,-1.26852,-0.196944
-1.19355,-1.19355,-1.2054,-1.2964,-1.24295,-0.193481
-1.20704,-1.20704,-1.21777,-1.29299,-1.23421,-0.18867
-1.20412,-1.20412,-1.2144,-1.29099,-1.21639,-0.187378
-1.18674,-1.18674,-1.20086,-1.28206,-1.23606,-0.186111
-1.1873,-1.1873,-1.20139,-1.27834,-1.25741,-0.185462
-1.19164,-1.19164,-1.20016,-1.31102,-1.1581,-0.184832
-1.19422,-1.19422,-1.20365,-1.31799,-1.14544,-0.184473
-1.18444,-1.18444,-1.19214,-1.30811,-1.18642,-0.184954
-1.17838,-1.17838,-1.18796,-1.29678,-1.21879,-0.185021
-1.18947,-1.18947,-1.2016,-1.2899,-1.24435,-0.185192
-1.17115,-1.17115,-1.18051,-1.29052,-1.25619,-0.185112
-1.17382,-1.17382,-1.18373,-1.31709,-1.18473,-0.184143
-1.16408,-1.16408,-1.17289,-1.32347,-1.16718,-0.184361
-1.18225,-1.18225,-1.19247,-1.32882,-1.12381,-0.184502
-1.16206,-1.16206,-1.17021,-1.3294,-1.12484,-0.184648
-1.16065,-1.16065,-1.16792,-1.32973,-1.1224,-0.184692
-1.1557,-1.1557,-1.1635,-1.32084,-1.16696,-0.184703
-1.15774,-1.15774,-1.16701,-1.32129,-1.16681,-0.185532
-1.13356,-1.13356,-1.14195,-1.32526,-1.15816,-0.184742
-1.16226,-1.16226,-1.16903,-1.32939,-1.10669,-0.184178
-1.16264,-1.16264,-1.16973,-1.33128,-1.1069,-0.18407
-1.1637,-1.1637,-1.17028,-1.33231,-1.0949,-0.184296
-1.16737,-1.16737,-1.17539,-1.33304,-1.09957,-0.184527
-1.17333,-1.17333,-1.18171,-1.32463,-1.14051,-0.18474
-1.18415,-1.18415,-1.19177,-1.3259,-1.11448,-0.184513
-1.18582,-1.18582,-1.1943,-1.32994,-1.09931,-0.183632
-1.19025,-1.19025,-1.19777,-1.32875,-1.08786,-0.184347
-1.18741,-1.18741,-1.19441,-1.3277,-1.08878,-0.184217
-1.18412,-1.18412,-1.19112,-1.32866,-1.09145,-0.184743
-1.16179,-1.16179,-1.16659,-1.33018,-1.11217,-0.185377
-1.17068,-1.17068,-1.17666,-1.33167,-1.11385,-0.184946
-1.17815,-1.17815,-1.18569,-1.33232,-1.09355,-0.185874
-1.18752,-1.18752,-1.19761,-1.3323,-1.10183,-0.186359
-1.19795,-1.19795,-1.20744,-1.33361,-1.11671,-0.186221
-1.20094,-1.20094,-1.21176,-1.33482,-1.11084,-0.186832
-1.20081,-1.20081,-1.21214,-1.33617,-1.11111,-0.187129
-1.19943,-1.19943,-1.2104,-1.33589,-1.10712,-0.186904
-1.18468,-1.18468,-1.19263,-1.33727,-1.11463,-0.185652
-1.16449,-1.16449,-1.17102,-1.33701,-1.12872,-0.186279
-1.15112,-1.15112,-1.15702,-1.33764,-1.13454,-0.186339
-1.15645,-1.15645,-1.16348,-1.33879,-1.13794,-0.185956
-1.16366,-1.16366,-1.17025,-1.33781,-1.13461,-0.185456
-1.15076,-1.15076,-1.15597,-1.33831,-1.12831,-0.184845
-1.10059,-1.10059,-1.10701,-1.33618,-1.16174,-0.182199
-1.11567,-1.11567,-1.1243,-1.33677,-1.1619,-0.181398
-1.15606,-1.15606,-1.16466,-1.29699,-1.2491,-0.181517
-1.15901,-1.15901,-1.16741,-1.30836,-1.20485,-0.18102
-1.15776,-1.15776,-1.16624,-1.3021,-1.22115,-0.181125
-1.16382,-1.16382,-1.17316,-1.2861,-1.23817,-0.180867
-1.17815,-1.17815,-1.18872,-1.31767,-1.15873,-0.1808
-1.14945,-1.14945,-1.15741,-1.32852,-1.12609,-0.180268
-1.14499,-1.14499,-1.15263,-1.33057,-1.1217,-0.181014
-1.15519,-1.15519,-1.16376,-1.33237,-1.11007,-0.180684
-1.14079,-1.14079,-1.14903,-1.33435,-1.10295,-0.181352
-1.17295,-1.17295,-1.18179,-1.32146,-1.1445,-0.182074
-1.15435,-1.15435,-1.15949,-1.30234,-1.18958,-0.18246
-1.12138,-1.12138,-1.12521,-1.30444,-1.23967,-0.186315
-1.2295,-1.2295,-1.26417,-1.29919,-1.34051,-0.184003
-1.15174,-1.15174,-1.1741,-1.29837,-1.38966,-0.179582
-1.00753,-1.00753,-1.01558,-1.29317,-1.48764,-0.176812
-0.938568,-0.938568,-0.940857,-1.29352,-1.51886,-0.176005
-0.925003,-0.925003,-0.926587,-1.29183,-1.51784,-0.174923
-0.928776,-0.928776,-0.930532,-1.28655,-1.52121,-0.173548
-0.919851,-0.919851,-0.92086,-1.28435,-1.52558,-0.17191
-0.896193,-0.896193,-0.897082,-1.28274,-1.52414,-0.174627
-0.851341,-0.851341,-0.850408,-1.28886,-1.52582,-0.176683
-0.861835,-0.861835,-0.860985,-1.29048,-1.52731,-0.177774
-0.884444,-0.884444,-0.883927,-1.28977,-1.52228,-0.182529
-0.889825,-0.889825,-0.890135,-1.28982,-1.51961,-0.181852
-0.897173,-0.897173,-0.898031,-1.28957,-1.52004,-0.178749
-0.90275,-0.90275,-0.903275,-1.28937,-1.51781,-0.177636
-0.941769,-0.941769,-0.943998,-1.28882,-1.52208,-0.18267
-0.95099,-0.95099,-0.953218,-1.29015,-1.52316,-0.182206
-0.935108,-0.935108,-0.937914,-1.29505,-1.52643,-0.177553
-0.930203,-0.930203,-0.932626,-1.29548,-1.52567,-0.175575
-0.915553,-0.915553,-0.918914,-1.29288,-1.53086,-0.174643
-0.915588,-0.915588,-0.918768,-1.29344,-1.53079,-0.175001
-0.909279,-0.909279,-0.912529,-1.28983,-1.53215,-0.173957
-0.917077,-0.917077,-0.92001,-1.28835,-1.53217,-0.175465
-0.930213,-0.930213,-0.933004,-1.29287,-1.53298,-0.176362
-0.920781,-0.920781,-0.923179,-1.29411,-1.53193,-0.17659
-0.923469,-0.923469,-0.92509,-1.3032,-1.52674,-0.177963
-0.91987,-0.91987,-0.921899,-1.30161,-1.52538,-0.178099
-0.905796,-0.905796,-0.906372,-1.29944,-1.52113,-0.182092
-0.914877,-0.914877,-0.915973,-1.30349,-1.51878,-0.181884
-0.916451,-0.916451,-0.916245,-1.30227,-1.52115,-0.181716
-0.911144,-0.911144,-0.910442,-1.29778,-1.5243,-0.185937
-0.882487,-0.882487,-0.882414,-1.29429,-1.52378,-0.182987
-0.89435,-0.89435,-0.893946,-1.29208,-1.5221,-0.183467
-0.891226,-0.891227,-0.89055,-1.28312,-1.52607,-0.182822
-0.917788,-0.917788,-0.918599,-1.28649,-1.52379,-0.176391
-0.918546,-0.918546,-0.918487,-1.28779,-1.5236,-0.176709
-0.925613,-0.925613,-0.925567,-1.28883,-1.51799,-0.174945
-0.93082,-0.93082,-0.931721,-1.28356,-1.52058,-0.179838
-0.929326,-0.929326,-0.931311,-1.28685,-1.51716,-0.176785
-0.936145,-0.936145,-0.937009,-1.28694,-1.5189,-0.177273
-0.920138,-0.920138,-0.920469,-1.28716,-1.5195,-0.178723
-0.927781,-0.927781,-0.928774,-1.28797,-1.514,-0.179709
-0.928296,-0.928296,-0.927702,-1.28685,-1.51628,-0.181506
-0.916291,-0.916291,-0.916377,-1.28363,-1.51859,-0.182577
-0.914588,-0.914588,-0.916247,-1.29628,-1.52296,-0.182766
-0.81356,-0.81356,-0.814974,-1.32847,-1.52264,-0.194977
-0.788666,-0.788666,-0.789807,-1.33701,-1.52191,-0.195347
-0.73735,-0.73735,-0.739617,-1.34444,-1.53594,-0.196003
-0.70149,-0.70149,-0.703372,-1.35436,-1.54838,-0.19543
-0.690868,-0.690868,-0.690647,-1.34991,-1.5457,-0.195282
-0.685068,-0.685068,-0.684003,-1.34292,-1.54167,-0.194997
-0.705317,-0.705317,-0.705167,-1.33261,-1.53488,-0.194983
-0.701776,-0.701776,-0.700788,-1.33184,-1.53304,-0.195421
-0.680775,-0.680775,-0.679313,-1.3317,-1.53616,-0.19511
-0.687833,-0.687833,-0.685704,-1.34226,-1.53974,-0.195263
-0.650713,-0.650713,-0.649191,-1.35402,-1.54285,-0.194514
-0.61588,-0.61588,-0.614325,-1.34403,-1.54481,-0.195847
-0.636622,-0.636622,-0.634399,-1.34177,-1.54366,-0.196081
-0.591411,-0.591411,-0.590006,-1.33812,-1.54939,-0.196604
-0.599323,-0.599323,-0.598649,-1.33934,-1.54928,-0.197303
-0.609871,-0.609871,-0.609492,-1.33967,-1.54754,-0.196954
-0.622442,-0.622442,-0.620908,-1.33835,-1.54039,-0.19582
-0.633099,-0.633099,-0.634951,-1.34544,-1.5376,-0.197617
-0.606518,-0.606518,-0.607682,-1.34354,-1.53169,-0.19682
-0.607083,-0.607083,-0.608316,-1.34097,-1.53394,-0.196826
-0.623982,-0.623982,-0.624434,-1.33322,-1.52669,-0.193926
-0.630476,-0.630476,-0.630289,-1.32845,-1.52448,-0.192985
-0.677957,-0.677957,-0.677687,-1.3203,-1.52194,-0.191981
-0.687788,-0.687788,-0.688222,-1.31947,-1.51832,-0.192724
-0.688064,-0.688064,-0.689015,-1.32305,-1.50148,-0.189584
-0.708708,-0.708708,-0.710389,-1.32241,-1.49551,-0.187999
-0.697202,-0.697202,-0.69673,-1.31893,-1.49466,-0.183742
-0.677557,-0.677557,-0.676896,-1.31804,-1.48882,-0.179865
-0.586052,-0.586052,-0.586282,-1.30785,-1.51262,-0.167897
-0.533938,-0.533938,-0.534313,-1.29956,-1.51666,-0.159907
-0.480666,-0.480666,-0.480249,-1.29127,-1.51857,-0.1313
-0.473527,-0.473527,-0.473644,-1.29009,-1.51446,-0.110502
-0.49569,-0.49569,-0.49531,-1.2886,-1.48926,-0.0622384
-0.493337,-0.493337,-0.492221,-1.28636,-1.47541,-0.037005
-0.42162,-0.42162,-0.421695,-1.287,-1.44611,0.0195155
-0.338463,-0.338463,-0.338285,-1.28775,-1.43723,0.0475712
-0.106918,-0.106918,-0.106256,-1.30597,-1.39947,0.113473
-0.0481648,-0.0481649,-0.046599,-1.31873,-1.34185,0.148753
0.0953136,0.0953135,0.0964026,-1.33832,-1.18523,0.225996
0.129893,0.129893,0.128882,-1.34063,-1.10639,0.266514
0.268976,0.268976,0.269455,-1.28399,-1.00675,0.35518
0.384568,0.384568,0.383913,-1.20416,-0.970914,0.399859
0.615317,0.615317,0.617719,-1.00458,-0.883447,0.468977
0.703074,0.703074,0.705808,-0.905651,-0.797279,0.488898
0.593624,0.593624,0.593234,-0.649574,-0.517742,0.537569
0.581127,0.581127,0.578626,-0.512843,-0.374494,0.559478
0.669437,0.669437,0.66769,-0.279616,-0.101194,0.591082
0.679245,0.679245,0.677686,-0.187882,0.00863623,0.609743
0.742676,0.742676,0.741362,-0.284388,0.260638,0.60801
0.785496,0.785496,0.783618,-0.303481,0.32586,0.608066
0.887582,0.887582,0.885864,-0.199682,0.215238,0.614211
1.00335,1.00335,1.00199,-0.15891,0.165307,0.608799
1.17093,1.17093,1.16836,-0.101044,0.0753633,0.594566
1.20906,1.20906,1.20697,-0.0816879,0.036278,0.591467
1.01178,1.01178,1.01796,-0.114347,-0.122907,0.559975
0.951126,0.951126,0.956309,-0.11055,-0.156594,0.551863
0.903337,0.903337,0.905259,-0.092442,-0.191723,0.543435
0.895103,0.895104,0.896337,-0.0823993,-0.201532,0.541248
0.889021,0.889022,0.889362,-0.0639476,-0.21409,0.538553
0.888903,0.888903,0.887942,-0.0558806,-0.21824,0.537634
0.88691,0.886911,0.887992,-0.0421118,-0.224042,0.536487
0.888009,0.888009,0.886882,-0.0362458,-0.226059,0.53586
0.887999,0.887999,0.886889,-0.026342,-0.228954,0.535114
0.886913,0.886913,0.888007,-0.0221782,-0.229989,0.534979
0.886892,0.886893,0.888008,-0.0150777,-0.231463,0.53449
0.888002,0.888002,0.886891,-0.012055,-0.231976,0.534125
0.887981,0.887981,0.886891,-0.00695227,-0.23273,0.533796
0.886893,0.886893,0.888009,-0.00480626,-0.233009,0.533825
0.886893,0.886893,0.888009,-0.00112492,-0.233395,0.533599
0.888034,0.888034,0.886922,0.0004526,-0.233521,0.533345
0.888002,0.888003,0.886891,0.00311483,-0.233718,0.533182
0.886861,0.886862,0.887977,0.00423205,-0.2338,0.533276
0.888002,0.888003,0.887977,0.00423205,-0.2338,0.533276
0.888002,0.888003,0.887977,0.00423205,-0.2338,0.533276
0.888002,0.888003,0.887977,0.00423205,-0.2338,0.533276
0.888002,0.888003,0.887977,0.00423205,-0.2338,0.533276
0.888002,0.888003,0.887977,0.00423205,-0.2338,0.533276
