 head     neck    torso    right elbow    right_shoulder_ right hand    
-1.61078,-1.61078,-1.61387,-0.430636,0.844015,0.222086
-1.61438,-1.61438,-1.61667,-0.282136,0.725761,0.219971
-1.61209,-1.61209,-1.61709,-0.214903,0.703604,0.209949
-1.60706,-1.60706,-1.61523,-0.235328,0.725828,0.201543
-1.61596,-1.61596,-1.61797,-0.158946,0.585475,0.192717
-1.62015,-1.62015,-1.61989,-0.241769,0.59684,0.180609
-1.62226,-1.62226,-1.62103,-0.540055,0.678363,0.158983
-1.62244,-1.62244,-1.62157,-0.629201,0.686478,0.150738
-1.62567,-1.62567,-1.62291,-0.705648,0.565506,0.122316
-1.62337,-1.62337,-1.61851,-0.724733,0.522833,0.11087
-1.63232,-1.63232,-1.62244,-0.739097,0.369024,0.0842556
-1.62839,-1.62839,-1.61809,-0.73976,0.39484,0.0747973
-1.62202,-1.62202,-1.6123,-0.623738,0.274434,0.0610501
-1.61926,-1.61926,-1.61119,-0.630453,0.260028,0.0605067
-1.61162,-1.61162,-1.60796,-0.643938,0.279278,0.0612729
-1.60754,-1.60754,-1.60592,-0.571519,0.297292,0.0672527
-1.60349,-1.60349,-1.60344,-0.53281,0.311415,0.0715334
-1.60318,-1.60318,-1.60365,-0.519775,0.33058,0.0724428
-1.593,-1.593,-1.60161,-0.491525,0.282854,0.0758005
-1.59274,-1.59274,-1.59678,-0.469956,0.262537,0.0863352
-1.54878,-1.54878,-1.54379,-0.447714,0.257031,0.0828317
-1.52112,-1.52112,-1.51686,-0.47928,0.31818,0.0833668
-1.5752,-1.5752,-1.56463,-0.527995,0.357275,0.0831628
-1.5759,-1.5759,-1.56623,-0.516202,0.319657,0.0800626
-1.55343,-1.55343,-1.55433,-0.526434,0.368659,0.0840536
-1.55511,-1.55511,-1.55963,-0.519721,0.332272,0.0812621
-1.56048,-1.56048,-1.56741,-0.589381,0.473027,0.0812336
-1.56531,-1.56531,-1.56808,-0.587787,0.509667,0.073036
-1.57703,-1.57703,-1.57899,-0.570233,0.442046,0.0780224
-1.57303,-1.57303,-1.57676,-0.538072,0.458775,0.0831242
-1.56747,-1.56747,-1.57413,-0.541932,0.485794,0.0837895
-1.56544,-1.56544,-1.57207,-0.520105,0.483557,0.0856829
-1.55511,-1.55511,-1.54448,-0.487239,0.32504,0.0885195
-1.54612,-1.54612,-1.5361,-0.470586,0.306896,0.0875333
-1.5558,-1.5558,-1.54802,-0.451295,0.329943,0.0900747
-1.5508,-1.5508,-1.54266,-0.436426,0.332612,0.0842118
-1.55609,-1.55609,-1.55382,-0.432424,0.330162,0.0831074
-1.55692,-1.55692,-1.55525,-0.443692,0.324417,0.0841733
-1.55718,-1.55718,-1.55617,-0.422134,0.32152,0.0839229
-1.56135,-1.56135,-1.56049,-0.447364,0.3192,0.0819911
-1.56849,-1.56849,-1.5693,-0.459142,0.31803,0.0838325
-1.56989,-1.56989,-1.56999,-0.432225,0.310315,0.0758649
-1.57782,-1.57782,-1.57603,-0.429817,0.344204,0.072141
-1.57992,-1.57992,-1.57718,-0.399777,0.339993,0.0726423
-1.59261,-1.59261,-1.58708,-0.327745,0.278178,0.0735135
-1.59246,-1.59246,-1.58615,-0.337778,0.257275,0.0722825
-1.58354,-1.58354,-1.58072,-0.368861,0.29447,0.0732981
-1.57866,-1.57866,-1.57786,-0.384295,0.313054,0.0720704
-1.55521,-1.55521,-1.56025,-0.454535,0.353898,0.0750404
-1.54703,-1.54703,-1.55574,-0.46126,0.379232,0.0752318
-1.53913,-1.53913,-1.55453,-0.491666,0.381557,0.0735551
-1.5493,-1.5493,-1.56323,-0.470077,0.340425,0.0722222
-1.54911,-1.54911,-1.56423,-0.449694,0.299232,0.0698121
-1.55093,-1.55093,-1.56565,-0.448588,0.278389,0.0702934
-1.55515,-1.55515,-1.56993,-0.416457,0.243325,0.0692045
-1.55034,-1.55034,-1.56813,-0.414283,0.2643,0.0676395
-1.54442,-1.54442,-1.56443,-0.427746,0.307134,0.0651192
-1.54453,-1.54453,-1.56567,-0.379982,0.305448,0.0716546
-1.55348,-1.55348,-1.56349,-0.379847,0.293752,0.0709996
-1.5523,-1.5523,-1.5655,-0.408945,0.357789,0.0683156
-1.55897,-1.55897,-1.56845,-0.548183,0.623633,0.0735527
-1.56039,-1.56039,-1.56961,-0.534364,0.618519,0.0732104
-1.5609,-1.5609,-1.57794,-0.494411,0.525435,0.0720548
-1.55724,-1.55724,-1.57108,-0.493661,0.517139,0.0723905
-1.56554,-1.56554,-1.57087,-0.468367,0.48749,0.0741096
-1.5689,-1.5689,-1.57485,-0.452725,0.441408,0.0737893
-1.56306,-1.56306,-1.57298,-0.444739,0.414261,0.0745006
-1.56508,-1.56508,-1.57261,-0.412964,0.37946,0.0740787
-1.55946,-1.55946,-1.57278,-0.395876,0.324383,0.0729536
-1.55814,-1.55814,-1.57408,-0.399856,0.333668,0.0731338
-1.56274,-1.56274,-1.57757,-0.397204,0.313928,0.073283
-1.56731,-1.56731,-1.57567,-0.370515,0.297543,0.0730522
-1.56493,-1.56493,-1.57463,-0.419099,0.330212,0.0722002
-1.56175,-1.56175,-1.57373,-0.432101,0.345455,0.0672648
-1.56399,-1.56399,-1.57459,-0.444239,0.335888,0.0662006
-1.56567,-1.56567,-1.57471,-0.44603,0.336024,0.0673552
-1.56351,-1.56351,-1.57142,-0.442753,0.329843,0.0651318
-1.56313,-1.56313,-1.5704,-0.471997,0.326469,0.0610384
-1.56169,-1.56169,-1.57002,-0.460776,0.327447,0.061185
-1.55794,-1.55794,-1.5611,-0.472574,0.320625,0.0614609
-1.55974,-1.55974,-1.56545,-0.497374,0.297541,0.0589905
-1.56105,-1.56105,-1.5669,-0.484337,0.289934,0.0599287
-1.56773,-1.56773,-1.57703,-0.48214,0.272541,0.0598424
-1.56337,-1.56337,-1.57542,-0.499985,0.276943,0.0759784
-1.55861,-1.55861,-1.5709,-0.508421,0.28777,0.0602241
-1.54664,-1.54664,-1.56005,-0.501227,0.290262,0.0569774
-1.52852,-1.52852,-1.54127,-0.510441,0.332412,0.0579471
-1.50884,-1.50884,-1.52006,-0.487915,0.333278,0.0525962
-1.5112,-1.5112,-1.52229,-0.451596,0.283808,0.0579404
-1.51942,-1.51942,-1.53244,-0.462412,0.314327,0.0548394
-1.53235,-1.53235,-1.54105,-0.472364,0.309441,0.0536874
-1.53153,-1.53153,-1.53909,-0.463849,0.308799,0.0522595
-1.52152,-1.52152,-1.53034,-0.449865,0.296703,0.0554573
-1.53153,-1.53153,-1.53801,-0.391734,0.287416,0.0484503
-1.5403,-1.5403,-1.54261,-0.410368,0.298263,0.0575406
-1.54209,-1.54209,-1.54144,-0.365024,0.263398,0.0494877
-1.54437,-1.54437,-1.53671,-0.400559,0.2687,0.043785
-1.54736,-1.54736,-1.54075,-0.412102,0.268075,0.0482938
-1.54805,-1.54805,-1.53935,-0.425045,0.264469,0.0539875
-1.5513,-1.5513,-1.54323,-0.394823,0.248629,0.0469022
-1.56001,-1.56001,-1.55246,-0.36462,0.188668,0.0474572
-1.55644,-1.55644,-1.54982,-0.405512,0.186158,0.0547039
-1.55557,-1.55557,-1.54944,-0.370617,0.182451,0.0553685
-1.55488,-1.55488,-1.55022,-0.345125,0.172231,0.0479965
-1.5505,-1.5505,-1.54912,-0.386383,0.302186,0.0502731
-1.55041,-1.55041,-1.55028,-0.384566,0.299102,0.0501897
-1.55224,-1.55224,-1.55412,-0.486345,0.411581,0.0503112
-1.55127,-1.55127,-1.55272,-0.491365,0.429667,0.0504304
-1.55098,-1.55098,-1.55491,-0.447641,0.340999,0.0493287
-1.55005,-1.55005,-1.55349,-0.427582,0.322794,0.048386
-1.55267,-1.55267,-1.55463,-0.452778,0.35489,0.0497602
-1.553,-1.553,-1.55463,-0.467172,0.36217,0.0483962
-1.55244,-1.55244,-1.5527,-0.441078,0.336111,0.0485307
-1.55046,-1.55046,-1.55177,-0.446202,0.347825,0.0473455
-1.54992,-1.54992,-1.55086,-0.456304,0.34337,0.0464769
-1.54987,-1.54987,-1.55155,-0.46756,0.342818,0.0459655
-1.55045,-1.55045,-1.54801,-0.446748,0.334515,0.0479939
-1.5545,-1.5545,-1.55087,-0.455349,0.334977,0.0479203
-1.55983,-1.55983,-1.55725,-0.464659,0.344652,0.0502097
-1.56121,-1.56121,-1.55922,-0.464564,0.342054,0.0472352
-1.55991,-1.55991,-1.55999,-0.477139,0.363341,0.0503992
-1.55902,-1.55902,-1.55836,-0.473784,0.363688,0.0481593
-1.55741,-1.55741,-1.55818,-0.468174,0.390107,0.0505861
-1.5575,-1.5575,-1.55887,-0.465229,0.380106,0.0466149
-1.55875,-1.55875,-1.5573,-0.430857,0.29187,0.0495844
-1.55799,-1.55799,-1.55712,-0.445268,0.335949,0.0477231
-1.55797,-1.55797,-1.5567,-0.443647,0.369049,0.0507688
-1.55542,-1.55542,-1.55432,-0.462878,0.374562,0.0505742
-1.55614,-1.55614,-1.55353,-0.492015,0.384351,0.0509722
-1.55844,-1.55844,-1.55548,-0.485368,0.374326,0.051058
-1.55487,-1.55487,-1.54748,-0.498155,0.359288,0.0528032
-1.548,-1.548,-1.55121,-0.482406,0.358891,0.053054
-1.55309,-1.55309,-1.55424,-0.455858,0.370356,0.0507296
-1.55497,-1.55497,-1.55399,-0.445377,0.36428,0.0509002
-1.56538,-1.56538,-1.5602,-0.465073,0.336195,0.0509125
-1.56795,-1.56795,-1.56241,-0.462949,0.323905,0.0507117
-1.56974,-1.56974,-1.56197,-0.456197,0.306737,0.0513429
-1.57015,-1.57015,-1.56319,-0.458486,0.307001,0.0509098
-1.57165,-1.57165,-1.56714,-0.471141,0.30853,0.0509986
-1.57098,-1.57098,-1.56633,-0.473512,0.312252,0.0499656
-1.56911,-1.56911,-1.56589,-0.486252,0.307697,0.0482758
-1.56912,-1.56912,-1.5653,-0.495706,0.304901,0.0456057
-1.56844,-1.56844,-1.56398,-0.487301,0.300587,0.0455657
-1.56819,-1.56819,-1.56476,-0.510899,0.301163,0.0467188
-1.56789,-1.56789,-1.56524,-0.467874,0.294541,0.0488144
-1.56623,-1.56623,-1.5639,-0.487338,0.294621,0.0500484
-1.56499,-1.56499,-1.56302,-0.471582,0.320382,0.0689219
-1.53662,-1.53662,-1.53162,-0.415588,0.334157,0.092685
-1.51953,-1.51953,-1.52662,-0.363722,0.43986,0.155144
-1.53196,-1.53196,-1.53729,-0.32583,0.49278,0.205132
-1.53331,-1.53331,-1.53964,-0.277312,0.507277,0.227802
-1.55,-1.55,-1.55131,-0.204239,0.547749,0.291542
-1.55506,-1.55506,-1.55556,-0.115329,0.548787,0.323681
-1.57509,-1.57509,-1.56995,0.139225,0.407971,0.386246
-1.58837,-1.58837,-1.57882,0.206705,0.456888,0.443871
-1.59443,-1.59443,-1.58279,0.244225,0.466211,0.45042
-1.59394,-1.59394,-1.58918,0.274294,0.449773,0.456134
-1.59911,-1.59911,-1.59018,0.264342,0.443619,0.441178
-1.60349,-1.60349,-1.59467,0.285077,0.438789,0.441819
-1.60882,-1.60882,-1.59715,0.283799,0.430977,0.442171
-1.60711,-1.60711,-1.59633,0.246293,0.440893,0.442565
-1.60739,-1.60739,-1.59604,0.171583,0.454378,0.427796
-1.60859,-1.60859,-1.59449,0.231313,0.452365,0.439734
-1.60905,-1.60905,-1.59419,0.237714,0.448599,0.442076
-1.60966,-1.60966,-1.59408,0.232677,0.449575,0.439238
-1.61162,-1.61162,-1.5947,0.275416,0.44929,0.449167
-1.61292,-1.61292,-1.59473,0.244363,0.45238,0.441748
-1.61278,-1.61278,-1.59483,0.23036,0.452245,0.442787
-1.61278,-1.61278,-1.59537,0.193884,0.448887,0.443828
-1.61266,-1.61266,-1.59618,0.193674,0.442262,0.446743
-1.6115,-1.6115,-1.5963,0.199841,0.43565,0.443511
-1.61026,-1.61026,-1.59595,0.235648,0.428029,0.442848
-1.60973,-1.60973,-1.59538,0.265801,0.430066,0.438086
-1.60823,-1.60823,-1.5951,0.163368,0.435344,0.442244
-1.60789,-1.60789,-1.59486,0.0929454,0.423738,0.450554
-1.60808,-1.60808,-1.59513,0.0663783,0.36711,0.446218
-1.60448,-1.60448,-1.59248,0.0263321,0.310697,0.42511
-1.60205,-1.60205,-1.58586,-0.00240128,0.284178,0.419941
-1.59669,-1.59669,-1.58414,-0.0759809,0.194908,0.369183
-1.59524,-1.59524,-1.58297,-0.159349,0.250669,0.354232
-1.58949,-1.58949,-1.58106,-0.337729,0.367548,0.321805
-1.5743,-1.5743,-1.57895,-0.397785,0.341507,0.236108
-1.57923,-1.57923,-1.58456,-0.403082,0.295583,0.16888
-1.5794,-1.5794,-1.58308,-0.393778,0.293922,0.135556
-1.58518,-1.58518,-1.58248,-0.345023,0.272101,0.0740439
-1.58311,-1.58311,-1.5859,-0.357652,0.257989,0.0526209
-1.57508,-1.57508,-1.57304,-0.268368,0.138298,0.0445684
-1.57158,-1.57158,-1.57314,-0.310365,0.167489,0.0534731
-1.57331,-1.57331,-1.57642,-0.343772,0.190803,0.0547675
-1.5753,-1.5753,-1.57168,-0.335288,0.242445,0.0612302
-1.58286,-1.58286,-1.58103,-0.381818,0.304413,0.0602943
-1.58217,-1.58217,-1.58118,-0.304264,0.218622,0.0598212
-1.57395,-1.57395,-1.58776,-0.171034,0.145493,0.0412689
-1.57289,-1.57289,-1.58658,-0.123739,0.113322,0.031691
-1.57134,-1.57134,-1.58577,-0.0573904,0.0562727,0.0174077
-1.57081,-1.57081,-1.58593,-0.0313185,0.0341965,0.0121049
-1.57044,-1.57044,-1.58604,-0.00823521,0.0163121,0.00793492
-1.57137,-1.57137,-1.58684,0.0311034,-0.00914293,0.00126623
-1.57185,-1.57185,-1.58757,0.0603114,-0.0277121,-0.00319514
-1.57075,-1.57075,-1.58729,0.0730747,-0.0340671,-0.00501184
-1.57637,-1.57637,-1.58865,0.0917782,-0.0464099,-0.00699918
-1.57687,-1.57687,-1.58854,0.0997158,-0.0509979,-0.00773457
-1.57435,-1.57435,-1.58701,0.119888,-0.0513756,-0.0109207
-1.57101,-1.57101,-1.58578,0.127784,-0.0518843,-0.0118522
-1.5685,-1.5685,-1.58517,0.133817,-0.053252,-0.0129057
-1.56563,-1.56563,-1.58459,0.143099,-0.0562113,-0.0136687
-1.57395,-1.57395,-1.58708,0.150242,-0.0587369,-0.014633
-1.57388,-1.57388,-1.5872,0.155086,-0.0579232,-0.0149462
-1.57026,-1.57026,-1.5862,0.160235,-0.056337,-0.0161434
-1.56861,-1.56861,-1.58631,0.166171,-0.0563721,-0.0163037
-1.56922,-1.56922,-1.58662,0.170621,-0.0566718,-0.0161256
-1.56879,-1.56879,-1.58644,0.172445,-0.0568603,-0.0174073
-1.5707,-1.5707,-1.58645,-0.0116797,0.0329382,0.0412759
-1.57183,-1.57183,-1.58697,-0.0843081,0.105384,0.113176
-1.57325,-1.57325,-1.58675,-0.100142,0.204434,0.252631
-1.57255,-1.57255,-1.58709,-0.069573,0.232943,0.313796
-1.57035,-1.57035,-1.58627,-0.0326993,0.253126,0.360828
-1.58107,-1.58107,-1.5917,0.180521,0.311868,0.474548
-1.58427,-1.58427,-1.59252,0.289904,0.345119,0.503281
-1.58527,-1.58527,-1.59264,0.325882,0.3647,0.507334
-1.58525,-1.58525,-1.5926,0.279411,0.384482,0.505104
-1.58401,-1.58401,-1.59355,0.289104,0.398995,0.501371
-1.58276,-1.58276,-1.59387,0.302389,0.409643,0.498385
-1.58193,-1.58193,-1.59361,0.30911,0.422014,0.495779
-1.58111,-1.58111,-1.59291,0.310481,0.430332,0.494924
-1.58104,-1.58104,-1.59245,0.275462,0.434983,0.496549
-1.57884,-1.57884,-1.5912,0.263746,0.434934,0.493046
-1.57935,-1.57935,-1.59151,0.25203,0.440719,0.491649
-1.57815,-1.57815,-1.591,0.253346,0.444181,0.491185
-1.57792,-1.57792,-1.59109,0.279705,0.412928,0.491944
-1.57896,-1.57896,-1.59171,0.28989,0.400969,0.492126
-1.57773,-1.57773,-1.592,0.303323,0.391776,0.49259
-1.57806,-1.57806,-1.5915,0.291237,0.394846,0.49216
-1.57663,-1.57663,-1.59162,0.288455,0.381405,0.492606
-1.57794,-1.57794,-1.59166,0.238855,0.38062,0.492536
-1.57942,-1.57942,-1.59156,0.157487,0.343224,0.486664
-1.57625,-1.57625,-1.58955,0.105981,0.302421,0.471191
-1.57281,-1.57281,-1.58775,0.0690204,0.25607,0.457744
-1.57172,-1.57172,-1.58703,0.0230033,0.221901,0.444008
-1.56959,-1.56959,-1.58518,-0.0579816,0.142123,0.401991
-1.5699,-1.5699,-1.58517,-0.0957759,0.117949,0.368857
-1.5729,-1.5729,-1.58598,-0.174629,0.0736067,0.305118
-1.56884,-1.56884,-1.5849,-0.184514,0.0513244,0.266906
-1.56951,-1.56951,-1.58358,-0.176294,0.010348,0.18633
-1.5722,-1.5722,-1.58421,-0.149752,0.00559768,0.151751
-1.57253,-1.57253,-1.58537,-0.140123,-9.29104e-05,0.0910235
-1.56755,-1.56755,-1.5829,-0.14,-0.0170362,0.0637213
-1.56573,-1.56573,-1.58235,-0.147326,-0.0152573,0.0610765
-1.56248,-1.56248,-1.58152,-0.19205,-0.00982592,0.066262
-1.566,-1.566,-1.58331,-0.204797,0.00478443,0.0705933
-1.56692,-1.56692,-1.58335,-0.209937,0.00888036,0.0731131
-1.5727,-1.5727,-1.58482,-0.171298,0.0274835,0.0756328
-1.57111,-1.57111,-1.58476,-0.152748,0.0189193,0.0760244
-1.56916,-1.56916,-1.5832,-0.155869,0.0284529,0.071495
-1.56597,-1.56597,-1.58217,-0.16767,0.0313459,0.0674966
-1.56856,-1.56856,-1.58241,-0.175075,0.0499555,0.0677085
-1.56817,-1.56817,-1.58187,-0.171715,0.0293429,0.0704064
-1.56488,-1.56488,-1.58033,-0.160226,0.0150866,0.0721213
-1.56372,-1.56372,-1.58106,-0.16554,0.0191313,0.0722362
-1.56717,-1.56717,-1.58277,-0.173381,0.0328801,0.0697982
-1.56991,-1.56991,-1.58395,-0.170543,0.0378423,0.0707472
-1.57198,-1.57198,-1.58385,-0.173482,0.0509636,0.070487
-1.57281,-1.57281,-1.58368,-0.170903,0.0478452,0.0698519
-1.57049,-1.57049,-1.58323,-0.165453,0.0397144,0.0714634
-1.57005,-1.57005,-1.58267,-0.171631,0.016815,0.0687327
-1.5672,-1.5672,-1.58187,-0.189329,0.0229891,0.0649126
-1.56804,-1.56804,-1.58265,-0.196582,0.0248263,0.0635201
-1.5706,-1.5706,-1.58421,-0.172621,0.0239479,0.0679882
-1.57004,-1.57004,-1.58495,-0.146708,0.0334111,0.0709337
-1.57027,-1.57027,-1.58502,-0.149487,0.0374882,0.0720459
-1.57001,-1.57001,-1.58552,-0.157302,0.0691032,0.081304
-1.56917,-1.56917,-1.58594,-0.14993,0.0836431,0.0999315
-1.57049,-1.57049,-1.58715,-0.308069,0.257662,0.111186
-1.57133,-1.57133,-1.58787,-0.230709,0.245245,0.189311
-1.57155,-1.57155,-1.58859,-0.203905,0.283592,0.227752
-1.57267,-1.57267,-1.58859,-0.0707175,0.348691,0.316846
-1.57187,-1.57187,-1.58762,0.10662,0.363494,0.387521
-1.57372,-1.57372,-1.5876,0.174986,0.402286,0.417204
-1.57873,-1.57873,-1.58977,0.434025,0.497907,0.438277
-1.5811,-1.5811,-1.59213,0.470874,0.625457,0.433209
-1.5807,-1.5807,-1.59315,0.545891,0.763229,0.430381
-1.57862,-1.57862,-1.59249,0.541765,0.81454,0.429176
-1.58442,-1.58442,-1.59463,0.544921,0.857607,0.427454
-1.58503,-1.58503,-1.59649,0.458489,0.68006,0.4599
-1.58321,-1.58321,-1.59649,0.39878,0.59341,0.486907
-1.58193,-1.58193,-1.59479,0.382553,0.548232,0.492785
-1.58113,-1.58113,-1.59447,0.333125,0.538255,0.49568
-1.5808,-1.5808,-1.59371,0.342632,0.536836,0.495282
-1.58041,-1.58041,-1.59333,0.347573,0.542192,0.498661
-1.58192,-1.58192,-1.5944,0.37568,0.537869,0.50073
-1.5835,-1.5835,-1.595,0.382097,0.53404,0.504009
-1.58355,-1.58355,-1.59488,0.371929,0.534824,0.503682
-1.58277,-1.58277,-1.59535,0.371995,0.535935,0.500647
-1.58215,-1.58215,-1.59455,0.32879,0.51919,0.499201
-1.58253,-1.58253,-1.59446,0.301733,0.516469,0.498304
-1.58157,-1.58157,-1.5947,0.303457,0.510298,0.498726
-1.57811,-1.57811,-1.59395,0.302399,0.497065,0.498865
-1.5758,-1.5758,-1.59305,0.299769,0.498114,0.494336
-1.57765,-1.57765,-1.59356,0.366895,0.493285,0.495998
-1.57974,-1.57974,-1.59374,0.384116,0.501547,0.496971
-1.57865,-1.57865,-1.59304,0.389055,0.50516,0.497145
-1.57578,-1.57578,-1.59248,0.417672,0.481104,0.496254
-1.57877,-1.57877,-1.59296,0.392766,0.488233,0.48626
-1.57869,-1.57869,-1.5926,0.356645,0.488146,0.489796
-1.57891,-1.57891,-1.59181,0.339956,0.480278,0.490484
-1.58083,-1.58083,-1.59335,0.268302,0.448169,0.491298
-1.58149,-1.58149,-1.59272,0.212242,0.42854,0.48756
-1.57767,-1.57767,-1.58958,0.0647933,0.410559,0.461885
-1.57837,-1.57837,-1.58877,-0.00343204,0.381994,0.447608
-1.57302,-1.57302,-1.58589,-0.18507,0.303069,0.391817
-1.57099,-1.57099,-1.58392,-0.222477,0.25402,0.358696
-1.57068,-1.57068,-1.5835,-0.249403,0.144428,0.273649
-1.57246,-1.57246,-1.58344,-0.223935,0.10767,0.231173
-1.57011,-1.57011,-1.58206,-0.14623,0.057462,0.152746
-1.57009,-1.57009,-1.58233,-0.137254,0.0461327,0.118821
-1.5629,-1.5629,-1.58057,-0.1546,-0.0155536,0.070622
-1.55995,-1.55995,-1.57963,-0.16591,-0.0357417,0.0631481
-1.5609,-1.5609,-1.57841,-0.171443,-0.026648,0.0629506
-1.56137,-1.56137,-1.57777,-0.184611,-0.02223,0.0661201
-1.56635,-1.56635,-1.57939,-0.208088,-0.00416077,0.0753247
-1.5669,-1.5669,-1.58074,-0.204738,-0.00703501,0.0812829
-1.56908,-1.56908,-1.58124,-0.195284,0.00506229,0.0794174
-1.56884,-1.56884,-1.58219,-0.18745,0.0085702,0.078187
-1.5673,-1.5673,-1.58233,-0.169965,-0.00779897,0.0751518
-1.57051,-1.57051,-1.58346,-0.179103,0.0046628,0.0715952
-1.56916,-1.56916,-1.58343,-0.190551,-0.00823451,0.0623551
-1.57111,-1.57111,-1.58327,-0.202249,-0.0108955,0.0608489
-1.56911,-1.56911,-1.58351,-0.148662,-0.0121948,0.0549986
-1.56831,-1.56831,-1.5836,-0.130671,-0.0277884,0.0507483
-1.57053,-1.57053,-1.5836,-0.118711,-0.0645609,0.0491858
-1.5708,-1.5708,-1.58501,-0.121203,-0.0980162,0.0489252
-1.57123,-1.57123,-1.58472,-0.151443,-0.209293,0.0522609
-1.56982,-1.56982,-1.58431,-0.166255,-0.308644,0.0545886
-1.56728,-1.56728,-1.58375,-0.565233,-0.564892,0.0645657
-1.56622,-1.56622,-1.58319,-0.734422,-0.815607,0.0677954
-1.56055,-1.56055,-1.58017,-1.0082,-1.1686,0.0634105
-1.55103,-1.55103,-1.57535,-1.14373,-1.27046,0.0582547
-1.53772,-1.53772,-1.56762,-1.30511,-1.43703,0.039655
-1.52304,-1.52304,-1.55892,-1.32793,-1.50575,0.0274567
-1.52164,-1.52164,-1.55834,-1.32366,-1.58722,0.00661971
-1.52127,-1.52127,-1.55891,-1.31994,-1.58715,-0.00121643
-1.52669,-1.52669,-1.55907,-1.3201,-1.55634,-0.0192577
-1.53137,-1.53137,-1.56063,-1.31445,-1.5427,-0.0260849
-1.51849,-1.51849,-1.54776,-1.3013,-1.54257,-0.0345038
-1.50823,-1.50823,-1.54505,-1.29723,-1.5381,-0.037675
-1.50911,-1.50911,-1.5234,-1.29132,-1.41383,-0.0432923
-1.48598,-1.48598,-1.4882,-1.28911,-1.32315,-0.048562
-1.48014,-1.48014,-1.48113,-1.28708,-1.29733,-0.0510529
-1.47557,-1.47557,-1.47607,-1.2922,-1.27138,-0.0485937
-1.47633,-1.47633,-1.47655,-1.29765,-1.24868,-0.047555
-1.47485,-1.47485,-1.47504,-1.29782,-1.24711,-0.0474999
-1.48127,-1.48127,-1.48145,-1.29746,-1.2714,-0.0458057
-1.48241,-1.48241,-1.48256,-1.29909,-1.28195,-0.0436018
-1.49019,-1.49019,-1.49038,-1.30981,-1.29399,-0.0392269
-1.45659,-1.45659,-1.48124,-1.31654,-1.28977,-0.0384666
-1.46038,-1.46038,-1.49139,-1.32567,-1.48579,-0.0315114
-1.47996,-1.47996,-1.5137,-1.3346,-1.55186,-0.0251156
-1.48428,-1.48428,-1.51837,-1.3366,-1.57549,-0.0205473
-1.4674,-1.4674,-1.50366,-1.33861,-1.56926,-0.0212083
-1.44032,-1.44032,-1.47537,-1.32492,-1.43251,-0.0161298
-1.43877,-1.43877,-1.47293,-1.27216,-1.33615,-0.0122457
-1.45213,-1.45213,-1.48724,-1.00822,-1.13867,-0.000768572
-1.45915,-1.45915,-1.49441,-0.840764,-1.0225,0.00501484
-1.45664,-1.45664,-1.48893,-0.530087,-0.709378,0.0178718
-1.46702,-1.46702,-1.49565,-0.401805,-0.412227,0.032998
-1.47833,-1.47833,-1.50602,-0.338071,-0.328462,0.0347329
-1.48646,-1.48646,-1.51401,-0.298598,-0.266202,0.0343196
-1.49891,-1.49891,-1.52149,-0.281073,-0.154996,0.0323047
-1.50918,-1.50918,-1.5294,-0.300032,-0.108023,0.0366494
-1.51378,-1.51378,-1.53449,-0.309865,-0.11414,0.0395988
-1.52073,-1.51652,-1.53754,-0.317114,-0.116968,0.0405295
-1.52263,-1.52263,-1.54144,-0.341092,-0.0866187,0.0379279
-1.52624,-1.52624,-1.54427,-0.345853,-0.0860476,0.0372722
-1.5303,-1.5303,-1.54778,-0.348794,-0.0942488,0.0366161
-1.53429,-1.53429,-1.55216,-0.348837,-0.103752,0.0365734
-1.53579,-1.53579,-1.5551,-0.347515,-0.123724,0.0356578
-1.53721,-1.53721,-1.55682,-0.348858,-0.125418,0.0355374
-1.53635,-1.53635,-1.55651,-0.351178,-0.130153,0.0341593
-1.53718,-1.53718,-1.55684,-0.351336,-0.134504,0.0340331
-1.53222,-1.53222,-1.55524,-0.354783,-0.14505,0.0339792
-1.52895,-1.52895,-1.55447,-0.346117,-0.159089,0.0339395
-1.53726,-1.53726,-1.55698,-0.348508,-0.153456,0.0335661
-1.53622,-1.53622,-1.55646,-0.351778,-0.161959,0.0330209
-1.53308,-1.53308,-1.55501,-0.343257,-0.195234,0.0329118
-1.53359,-1.53359,-1.55559,-0.345394,-0.226918,0.0350058
-1.52638,-1.52638,-1.55159,-0.432512,-0.314427,0.0376109
-1.5297,-1.5297,-1.55215,-0.52873,-0.371958,0.0376113
-1.5253,-1.5253,-1.54585,-0.775185,-0.551864,0.0405403
-1.52123,-1.52123,-1.54264,-0.797024,-0.820777,0.0380143
-1.49872,-1.49872,-1.5262,-0.99023,-1.15506,0.0292764
-1.48647,-1.48647,-1.51569,-1.10654,-1.25736,0.0229294
-1.4605,-1.4605,-1.49419,-1.26881,-1.39875,0.00728172
-1.44607,-1.44607,-1.48458,-1.29412,-1.46597,0.00168975
-1.47067,-1.47067,-1.50346,-1.29971,-1.55456,-0.00414639
-1.48694,-1.48694,-1.52021,-1.29706,-1.5655,-0.00726998
-1.50067,-1.50067,-1.52905,-1.29788,-1.53619,-0.0146297
-1.49775,-1.49775,-1.52095,-1.29497,-1.52465,-0.0167207
-1.48442,-1.48442,-1.50408,-1.28697,-1.50662,-0.021267
-1.48023,-1.48023,-1.49737,-1.27982,-1.50861,-0.0224842
-1.47612,-1.47612,-1.49077,-1.24698,-1.51746,-0.0300388
-1.45919,-1.45919,-1.47384,-1.25496,-1.51418,-0.0292487
-1.44492,-1.44492,-1.46333,-1.25442,-1.51901,-0.0286014
-1.43887,-1.43887,-1.45507,-1.2602,-1.51511,-0.028052
-1.42366,-1.42366,-1.44092,-1.26198,-1.4995,-0.0238365
-1.4243,-1.4243,-1.4424,-1.26423,-1.49689,-0.019811
-1.42128,-1.42128,-1.44201,-1.25939,-1.48824,-0.0162725
-1.42345,-1.42345,-1.44408,-1.26429,-1.47846,-0.0121712
-1.43234,-1.43234,-1.4521,-1.27541,-1.4557,-0.00606033
-1.43408,-1.43408,-1.45528,-1.27856,-1.45984,-0.0030706
-1.43529,-1.43529,-1.45834,-1.28603,-1.47827,0.00232128
-1.43306,-1.43306,-1.45686,-1.29989,-1.47676,0.00423179
-1.42888,-1.42888,-1.45522,-1.31101,-1.51486,0.0169209
-1.42544,-1.42544,-1.45314,-1.31533,-1.52029,0.0225045
-1.42662,-1.42662,-1.45583,-1.33028,-1.42087,0.0407221
-1.43558,-1.43558,-1.46501,-1.31428,-1.37893,0.0498721
-1.44466,-1.44466,-1.47166,-1.2011,-1.18564,0.0628381
-1.45459,-1.45459,-1.47507,-1.0851,-1.07135,0.0621082
-1.46152,-1.46152,-1.4785,-0.822783,-0.779274,0.0547214
-1.46071,-1.46071,-1.47808,-0.597747,-0.433629,0.0430895
-1.46329,-1.46329,-1.48005,-0.496054,-0.305142,0.0407182
-1.46538,-1.46538,-1.48149,-0.394154,-0.214167,0.0387541
-1.46649,-1.46649,-1.4829,-0.294601,-0.0904464,0.034685
-1.47236,-1.47236,-1.48888,-0.300929,-0.0692666,0.0342271
-1.487,-1.487,-1.50429,-0.352876,-0.0651887,0.0419953
-1.48754,-1.48754,-1.50543,-0.362961,-0.0655957,0.0467131
-1.50127,-1.50127,-1.51559,-0.354327,-0.0478948,0.0489385
-1.50882,-1.50882,-1.52303,-0.327424,-0.06217,0.053009
-1.52088,-1.52088,-1.53711,-0.298843,-0.101352,0.0471165
-1.52597,-1.52597,-1.54181,-0.298266,-0.119152,0.0462386
-1.53483,-1.53483,-1.54912,-0.32701,-0.118667,0.0446102
-1.53147,-1.53147,-1.54841,-0.336414,-0.118333,0.0455091
-1.52955,-1.52955,-1.54933,-0.351146,-0.134553,0.0431845
-1.53116,-1.53116,-1.55097,-0.35532,-0.140251,0.0424636
-1.53451,-1.53451,-1.55399,-0.359582,-0.153469,0.0422407
-1.53963,-1.53963,-1.55696,-0.360102,-0.150645,0.0425526
-1.53844,-1.53844,-1.55769,-0.368526,-0.166432,0.0413618
-1.53941,-1.53941,-1.55815,-0.367474,-0.17077,0.041403
-1.54204,-1.54204,-1.55886,-0.367401,-0.165577,0.0410322
-1.54282,-1.54282,-1.55855,-0.36523,-0.155845,0.0406092
-1.54308,-1.54308,-1.55802,-0.363359,-0.15264,0.0406704
-1.54209,-1.54209,-1.55866,-0.363122,-0.170305,0.0404442
-1.54482,-1.54482,-1.55948,-0.36273,-0.166109,0.0407922
-1.54388,-1.54388,-1.55824,-0.363286,-0.160822,0.0399161
-1.54073,-1.54073,-1.55662,-0.359833,-0.161501,0.0395358
-1.53972,-1.53972,-1.55668,-0.361857,-0.173475,0.0392713
-1.53563,-1.53563,-1.55641,-0.39964,-0.209144,0.0402765
-1.53877,-1.53877,-1.55861,-0.443958,-0.242989,0.0396502
-1.54298,-1.54298,-1.56184,-0.571194,-0.383474,0.0446922
-1.53935,-1.53935,-1.56086,-0.702929,-0.458634,0.0475682
-1.53596,-1.53596,-1.55839,-0.802311,-0.589405,0.0530848
-1.52934,-1.52934,-1.55524,-0.898158,-1.02804,0.0562386
-1.5087,-1.5087,-1.54577,-1.14143,-1.26208,0.051515
-1.49602,-1.49602,-1.53551,-1.24655,-1.33371,0.0474854
-1.48713,-1.48713,-1.52636,-1.31483,-1.47896,0.0382688
-1.4902,-1.4902,-1.5287,-1.31464,-1.5349,0.0293114
-1.48853,-1.48853,-1.53155,-1.30963,-1.56888,0.0215971
-1.50043,-1.50043,-1.54038,-1.30948,-1.56033,0.0170783
-1.5167,-1.5167,-1.54947,-1.30844,-1.53301,0.00929655
-1.51705,-1.51705,-1.54885,-1.30614,-1.5227,0.00650519
-1.52888,-1.52888,-1.55325,-1.30704,-1.50092,-0.00132885
-1.52162,-1.52162,-1.54816,-1.30669,-1.49546,-0.00245362
-1.50205,-1.50205,-1.53516,-1.30757,-1.48947,-0.00136938
-1.49606,-1.49606,-1.53074,-1.30818,-1.48377,0.00018167
-1.50044,-1.50044,-1.53254,-1.31284,-1.46702,0.00283205
-1.49091,-1.49091,-1.52618,-1.30662,-1.47415,0.00492341
-1.49366,-1.49366,-1.52477,-1.30103,-1.47502,0.00517627
-1.4965,-1.4965,-1.52623,-1.30114,-1.48166,0.00517759
-1.49167,-1.49167,-1.52085,-1.30936,-1.49759,0.00548738
-1.49601,-1.49601,-1.52411,-1.31307,-1.50654,0.00619582
-1.49007,-1.49007,-1.52255,-1.31481,-1.52527,0.00806215
-1.47944,-1.47944,-1.51587,-1.31536,-1.55774,0.0145349
-1.45315,-1.45315,-1.4902,-1.32067,-1.51565,0.0195841
-1.44948,-1.44948,-1.48639,-1.30506,-1.49409,0.0227914
-1.45769,-1.46558,-1.49219,-1.29383,-1.41995,0.0235913
-1.47781,-1.47781,-1.50936,-1.1715,-1.26216,0.0245022
-1.50545,-1.50545,-1.53026,-0.933802,-1.04743,0.0236505
-1.5166,-1.5166,-1.53887,-0.783278,-0.925426,0.0227978
-1.5214,-1.5214,-1.54346,-0.490186,-0.660322,0.0216289
-1.52197,-1.52197,-1.54376,-0.418636,-0.516445,0.0248031
-1.52749,-1.5275,-1.54595,-0.294737,-0.295788,0.0240809
-1.53071,-1.53071,-1.54837,-0.292782,-0.230835,0.022611
-1.52898,-1.52898,-1.54844,-0.357756,-0.154068,0.0267268
-1.53803,-1.53803,-1.55547,-0.384493,-0.136386,0.0327165
-1.54039,-1.54039,-1.55919,-0.374153,-0.141528,0.0432944
-1.54081,-1.54081,-1.56057,-0.362579,-0.142656,0.0465806
-1.54467,-1.54467,-1.56379,-0.352537,-0.152818,0.0416085
-1.54282,-1.54282,-1.56386,-0.346009,-0.16283,0.0402157
-1.54743,-1.54743,-1.56618,-0.33771,-0.156729,0.0404262
-1.54812,-1.54812,-1.56676,-0.341155,-0.152817,0.0403533
-1.54246,-1.54246,-1.56388,-0.345842,-0.158097,0.0402624
-1.54433,-1.54433,-1.56499,-0.342448,-0.166529,0.0402149
-1.53567,-1.53567,-1.56329,-0.338638,-0.172974,0.0412913
-1.53205,-1.53205,-1.56128,-0.33521,-0.175415,0.0413215
-1.53232,-1.53232,-1.56196,-0.33036,-0.184425,0.041186
-1.53544,-1.53544,-1.56296,-0.340133,-0.173594,0.0411654
-1.53085,-1.53085,-1.56061,-0.330263,-0.174553,0.0410534
-1.52775,-1.52775,-1.55997,-0.330704,-0.178763,0.0411822
-1.52399,-1.52399,-1.55819,-0.326539,-0.18103,0.042716
-1.52496,-1.52496,-1.55872,-0.323453,-0.178132,0.0424207
-1.52776,-1.52776,-1.56003,-0.316165,-0.183121,0.042267
-1.52798,-1.52798,-1.5596,-0.321763,-0.177717,0.0420279
-1.53406,-1.53406,-1.5615,-0.313928,-0.173479,0.0419761
-1.53186,-1.53186,-1.56019,-0.312542,-0.17708,0.0422237
-1.52856,-1.52856,-1.5576,-0.326168,-0.164406,0.0411323
-1.52708,-1.52708,-1.55526,-0.32606,-0.159507,0.0408859
-1.5259,-1.5259,-1.55239,-0.335508,-0.138956,0.040558
-1.53365,-1.53365,-1.55734,-0.334505,-0.147606,0.0405688
-1.5473,-1.5473,-1.56521,-0.331057,-0.157252,0.0402112
-1.54448,-1.54448,-1.56462,-0.329415,-0.162138,0.0405081
-1.54451,-1.54451,-1.5651,-0.32995,-0.169348,0.0411751
-1.54606,-1.54606,-1.56767,-0.337467,-0.182501,0.0407229
-1.54266,-1.54266,-1.56664,-0.335436,-0.192002,0.0407316
-1.54483,-1.54483,-1.56686,-0.336815,-0.184633,0.0406868
-1.54659,-1.54659,-1.56809,-0.345401,-0.181618,0.0403461
-1.54353,-1.54353,-1.56743,-0.344749,-0.190904,0.0404236
-1.54574,-1.54574,-1.56849,-0.343506,-0.186484,0.0404587
-1.53837,-1.53837,-1.56525,-0.338424,-0.194289,0.0408679
-1.53732,-1.53732,-1.56554,-0.336355,-0.200792,0.040892
-1.54329,-1.54329,-1.56758,-0.34247,-0.196369,0.0406697
-1.54811,-1.54811,-1.56948,-0.336309,-0.196659,0.0407241
-1.54668,-1.54668,-1.56907,-0.335172,-0.191742,0.0408169
-1.54773,-1.54773,-1.56924,-0.33848,-0.186481,0.0407215
-1.54784,-1.54784,-1.5691,-0.341994,-0.188058,0.0398445
-1.54457,-1.54457,-1.56735,-0.336713,-0.180446,0.0405844
-1.54575,-1.54575,-1.56738,-0.335925,-0.181878,0.0408643
-1.53929,-1.53929,-1.56459,-0.327797,-0.188666,0.0414692
-1.54348,-1.54348,-1.56654,-0.3331,-0.184259,0.0412811
-1.54084,-1.54084,-1.56515,-0.333068,-0.191938,0.0416753
-1.53917,-1.53917,-1.5643,-0.335458,-0.189434,0.0415333
-1.53632,-1.53632,-1.5609,-0.340588,-0.170588,0.0406947
-1.54149,-1.54149,-1.56388,-0.341333,-0.164858,0.0403523
-1.54565,-1.54565,-1.56673,-0.351086,-0.165628,0.0402227
-1.54643,-1.54643,-1.56695,-0.352673,-0.161625,0.0403384
-1.54509,-1.54509,-1.56665,-0.352051,-0.163446,0.0403558
-1.53525,-1.53525,-1.56117,-0.346093,-0.161805,0.0403265
-1.5387,-1.5387,-1.56292,-0.350472,-0.153556,0.0402794
-1.54072,-1.54072,-1.56308,-0.357224,-0.155896,0.0401856
-1.54186,-1.54186,-1.56367,-0.361604,-0.153846,0.040074
-1.54282,-1.54282,-1.56463,-0.357734,-0.161286,0.0403222
-1.54387,-1.54387,-1.56599,-0.355565,-0.168161,0.040318
-1.54918,-1.54918,-1.56808,-0.360745,-0.16934,0.0409884
-1.54621,-1.54621,-1.56731,-0.374193,-0.169065,0.0409537
-1.54596,-1.54596,-1.56701,-0.380697,-0.164035,0.0416918
-1.54357,-1.54357,-1.56583,-0.375412,-0.166819,0.0419633
-1.54187,-1.54187,-1.56455,-0.372196,-0.167502,0.040383
-1.54585,-1.54585,-1.56669,-0.363813,-0.174079,0.0390728
-1.54531,-1.54531,-1.56625,-0.351467,-0.178338,0.040925
-1.53882,-1.53882,-1.56357,-0.357646,-0.17655,0.041665
-1.54407,-1.54407,-1.56561,-0.357328,-0.172384,0.0429202
-1.54522,-1.54522,-1.56675,-0.370849,-0.177197,0.0429183
-1.54522,-1.54522,-1.56675,-0.370849,-0.177197,0.0429183
-1.54522,-1.54522,-1.56675,-0.370849,-0.177197,0.0429183
-1.54522,-1.54522,-1.56675,-0.370849,-0.177197,0.0429183
-1.54522,-1.54522,-1.56675,-0.370849,-0.177197,0.0429183
-1.54522,-1.54522,-1.56675,-0.370849,-0.177197,0.0429183
