 head     neck    torso    right elbow    right_shoulder_ right hand    
-0.00372534,-0.00163395,0.000298439,-8.37085e-05,9.70725e-06,0.00422845
-0.00672313,-0.00253241,0.000281244,0.000393598,0.000604426,0.00835405
-0.00943508,-0.00315434,7.46029e-05,0.00137603,0.00147953,0.012576
-0.0123032,-0.00394731,3.22189e-05,0.00234946,0.0024531,0.0166057
-0.0153298,-0.00491813,0.00012039,0.00347447,0.00343809,0.0206061
-0.0188572,-0.00647992,0.00048483,0.00496886,0.00493248,0.0244713
-0.0223752,-0.00805235,0.000807133,0.00661691,0.00658053,0.0282835
-0.0258716,-0.00959471,0.00110899,0.00767143,0.00763505,0.0320205
-0.0293344,-0.0112044,0.00128513,0.00873655,0.00870016,0.0356754
-0.0330083,-0.0129874,0.00139191,0.0106152,0.0105788,0.0394409
-0.0367073,-0.0147964,0.00157345,0.0120473,0.0120109,0.0432011
-0.0404677,-0.0166643,0.00184081,0.0133897,0.0133165,0.0469449
-0.044324,-0.0186513,0.0021509,0.0147449,0.0146865,0.0506766
-0.0483088,-0.0207624,0.002593,0.0162494,0.0160932,0.0545229
-0.052314,-0.0228881,0.00305875,0.0182512,0.0180951,0.0584285
-0.0564461,-0.0251247,0.00359976,0.019848,0.0196919,0.0623636
-0.0606528,-0.0274236,0.00414502,0.0209907,0.0208345,0.0662154
-0.0648331,-0.0296859,0.00457368,0.0221202,0.0219925,0.070026
-0.0684575,-0.0313671,0.00466776,0.023309,0.0231813,0.0738655
-0.0714195,-0.0322951,0.00449819,0.0254419,0.0253142,0.0777945
-0.0747994,-0.0337128,0.0045632,0.0270302,0.0269026,0.0816796
-0.0786234,-0.0356218,0.00488027,0.0277097,0.027582,0.0854514
-0.0825907,-0.0376817,0.00530851,0.0283804,0.0282527,0.0892069
-0.086752,-0.0399711,0.00580877,0.0296623,0.0295346,0.0929619
-0.090787,-0.0422277,0.00616495,0.0328761,0.0327484,0.0966687
-0.0945798,-0.0441359,0.00635834,0.0350364,0.0349087,0.100427
-0.0983851,-0.0460699,0.00658382,0.0368222,0.0366946,0.104152
-0.102008,-0.0478124,0.00666493,0.0389354,0.0388077,0.107832
-0.105797,-0.0497293,0.00680213,0.0408657,0.040738,0.111433
-0.109666,-0.0517392,0.00660374,0.042781,0.0426533,0.115056
-0.113668,-0.0538852,0.00628998,0.0446337,0.0445061,0.118689
-0.117661,-0.0560139,0.00587423,0.046497,0.0463693,0.122329
-0.12205,-0.0584086,0.00560371,0.0481963,0.0480687,0.126069
-0.127114,-0.0614512,0.00582328,0.049708,0.0495165,0.129795
-0.132247,-0.0645861,0.00597323,0.0513826,0.0511091,0.133569
-0.137673,-0.0680417,0.00613486,0.0536433,0.0533698,0.137281
-0.143155,-0.0715709,0.00605709,0.055323,0.0550495,0.140978
-0.148736,-0.0752153,0.00573712,0.0575089,0.0573536,0.144732
-0.154315,-0.0788469,0.00525965,0.0599767,0.0599438,0.148465
-0.16035,-0.0829282,0.00507123,0.0605202,0.0604873,0.152178
-0.166225,-0.0868405,0.00480246,0.0611487,0.0611302,0.155899
-0.172301,-0.0909937,0.00456014,0.061922,0.0620018,0.159478
-0.177941,-0.0947502,0.00411072,0.0629866,0.0632368,0.163046
-0.183718,-0.0986246,0.00367639,0.0640388,0.0644657,0.166666
-0.189592,-0.102574,0.00331054,0.0651054,0.0657217,0.170295
-0.19563,-0.10668,0.0030107,0.0663526,0.0671245,0.17392
-0.201737,-0.110884,0.00258925,0.0677261,0.0686405,0.177528
-0.208136,-0.115354,0.00207604,0.06875,0.0697338,0.181176
-0.214546,-0.119852,0.00165767,0.0699159,0.0709967,0.184819
-0.221047,-0.124482,0.00123561,0.0706706,0.0717432,0.188444
-0.22756,-0.129142,0.000844287,0.0710792,0.0721097,0.192067
-0.234063,-0.133777,0.000489223,0.0714586,0.0724082,0.195702
-0.240313,-0.138171,5.47648e-05,0.0720529,0.0728707,0.199319
-0.246623,-0.142615,-0.000288632,0.072602,0.0732989,0.202983
-0.252638,-0.14681,-0.000712487,0.0738026,0.0744332,0.206437
-0.258561,-0.150935,-0.000953878,0.0760623,0.0766928,0.209962
-0.264559,-0.155105,-0.0011155,0.0781476,0.0787781,0.213481
-0.270806,-0.159526,-0.00107991,0.080185,0.0808155,0.216916
-0.27673,-0.163605,-0.0011106,0.0820668,0.0826973,0.220371
-0.282621,-0.16767,-0.0011196,0.0846275,0.085258,0.22386
-0.288627,-0.171841,-0.00101311,0.0876002,0.0882307,0.22751
-0.294596,-0.175998,-0.000875013,0.0903852,0.0910157,0.231095
-0.299644,-0.17932,-0.00126658,0.0922836,0.0927939,0.234723
-0.304609,-0.182507,-0.00161437,0.094943,0.0954217,0.238336
-0.30993,-0.186062,-0.00180638,0.097544,0.0980543,0.241886
-0.315744,-0.190102,-0.00180846,0.0997478,0.100258,0.245453
-0.322207,-0.194734,-0.00143576,0.100927,0.101437,0.248993
-0.328661,-0.199328,-0.00118256,0.102207,0.102717,0.252552
-0.334471,-0.203224,-0.00106913,0.104006,0.104517,0.256243
-0.340291,-0.20718,-0.000994478,0.106538,0.107049,0.259946
-0.345634,-0.210709,-0.00126587,0.109677,0.109977,0.263738
-0.35039,-0.213652,-0.00182607,0.112771,0.112824,0.267441
-0.355244,-0.216669,-0.00227626,0.115926,0.115774,0.27118
-0.359744,-0.219329,-0.00286026,0.119113,0.118686,0.275003
-0.364168,-0.221754,-0.00334577,0.122393,0.12183,0.278969
-0.368899,-0.224415,-0.00366231,0.125329,0.124603,0.283008
-0.373739,-0.227165,-0.00422029,0.128998,0.128272,0.28697
-0.378576,-0.229967,-0.00478989,0.132528,0.131962,0.290885
-0.383584,-0.232931,-0.00527072,0.135842,0.135447,0.294729
-0.388899,-0.236258,-0.0058377,0.138585,0.138317,0.298504
-0.394778,-0.240197,-0.00605645,0.140831,0.140693,0.302259
-0.400131,-0.243581,-0.00642168,0.143207,0.143232,0.30598
-0.405017,-0.24656,-0.0071792,0.145451,0.14571,0.309772
-0.410134,-0.249749,-0.00807654,0.148134,0.148685,0.313562
-0.415455,-0.253153,-0.0090083,0.151051,0.151889,0.317321
-0.421728,-0.257612,-0.00963664,0.154609,0.155713,0.321018
-0.426671,-0.26074,-0.0109905,0.159358,0.160486,0.324665
-0.432244,-0.264499,-0.0121257,0.163967,0.16502,0.32835
-0.438704,-0.269069,-0.0126946,0.16829,0.168989,0.332185
-0.445485,-0.273899,-0.0130022,0.172909,0.172992,0.336209
-0.452029,-0.278516,-0.0132498,0.177209,0.176882,0.340152
-0.458817,-0.283331,-0.0131169,0.181313,0.18067,0.344057
-0.465328,-0.287861,-0.0129546,0.185134,0.18426,0.347912
-0.471657,-0.292243,-0.0127138,0.183964,0.18309,0.351467
-0.478067,-0.296708,-0.012223,0.185592,0.184718,0.354918
-0.484398,-0.301125,-0.0117292,0.18567,0.184796,0.358275
-0.490068,-0.304963,-0.011719,0.185015,0.184141,0.361545
-0.495652,-0.308693,-0.0116069,0.184858,0.183984,0.364949
-0.501045,-0.312254,-0.0116411,0.184746,0.183874,0.368316
-0.506135,-0.315554,-0.0119086,0.184391,0.183376,0.371791
-0.507816,-0.317519,-0.0124753,0.184125,0.182828,0.371088
-0.510466,-0.320452,-0.0126595,0.183847,0.182433,0.37036
-0.51351,-0.323754,-0.0126081,0.18337,0.181994,0.369678
-0.516304,-0.326813,-0.012719,0.183025,0.181224,0.369214
-0.519115,-0.329862,-0.0127632,0.182409,0.180226,0.368749
-0.521373,-0.332307,-0.0132416,0.181498,0.17889,0.368458
-0.523774,-0.334822,-0.0139559,0.180147,0.177013,0.368036
-0.526164,-0.337337,-0.0145906,0.179646,0.176028,0.367657
-0.528554,-0.339802,-0.0149782,0.179685,0.175695,0.367423
-0.530835,-0.342176,-0.0153032,0.178861,0.174532,0.367219
-0.532517,-0.343862,-0.0158613,0.178584,0.173995,0.36685
-0.53463,-0.346101,-0.0162888,0.177599,0.173066,0.366341
-0.535557,-0.347238,-0.0173485,0.177237,0.172876,0.365719
-0.535831,-0.347727,-0.0187617,0.177142,0.173045,0.365054
-0.536558,-0.348708,-0.0199288,0.176458,0.172461,0.364112
-0.536888,-0.349279,-0.0212556,0.175925,0.171992,0.36318
-0.536927,-0.3495,-0.0225517,0.177585,0.173751,0.362458
-0.536905,-0.349672,-0.0237435,0.179076,0.175214,0.361988
-0.53895,-0.351706,-0.0243148,0.180273,0.175936,0.362135
-0.541985,-0.354847,-0.0252339,0.180438,0.175435,0.362408
-0.544639,-0.357537,-0.0263983,0.181081,0.175377,0.362813
-0.546907,-0.359802,-0.0278741,0.182484,0.176079,0.363402
-0.549018,-0.361902,-0.0294385,0.183815,0.176731,0.364028
-0.55131,-0.364144,-0.031319,0.18439,0.176691,0.364668
-0.553555,-0.366249,-0.0329191,0.182974,0.174698,0.365365
-0.55599,-0.368653,-0.0343091,0.182543,0.173728,0.366017
-0.558341,-0.370957,-0.0356928,0.18238,0.173103,0.366717
-0.560813,-0.373393,-0.0368403,0.181849,0.172147,0.367474
-0.562898,-0.375436,-0.0379128,0.181416,0.171356,0.368315
-0.564977,-0.377447,-0.0386988,0.180961,0.170575,0.36912
-0.567027,-0.379433,-0.0394938,0.180515,0.169857,0.369915
-0.569097,-0.381453,-0.0402118,0.180004,0.169123,0.370703
-0.570776,-0.38321,-0.0410779,0.179633,0.168549,0.371391
-0.571758,-0.384291,-0.0424278,0.179432,0.168227,0.372094
-0.572455,-0.385062,-0.0435387,0.179031,0.167757,0.372766
-0.572782,-0.385436,-0.0445283,0.178013,0.166615,0.37352
-0.573253,-0.385936,-0.045365,0.177564,0.166055,0.374292
-0.573467,-0.386157,-0.0459805,0.176597,0.164869,0.374959
-0.573683,-0.386402,-0.0465357,0.175319,0.163387,0.375616
-0.573597,-0.386352,-0.0474891,0.17596,0.163961,0.376314
-0.573744,-0.386543,-0.0483512,0.176505,0.164431,0.377017
-0.573566,-0.386368,-0.0490918,0.176904,0.164677,0.37787
-0.573918,-0.386681,-0.0496073,0.177002,0.164562,0.378748
-0.574204,-0.386949,-0.0501947,0.177109,0.164452,0.379584
-0.574235,-0.38698,-0.050781,0.177202,0.164323,0.380397
-0.573999,-0.38675,-0.0513553,0.1771,0.164039,0.381221
-0.573678,-0.386402,-0.0517812,0.176876,0.163649,0.382049
-0.57327,-0.385997,-0.052314,0.176994,0.163677,0.382824
-0.572719,-0.385441,-0.0528712,0.176963,0.163531,0.383609
-0.571951,-0.384616,-0.053325,0.177338,0.1639,0.384401
-0.571176,-0.383767,-0.0538007,0.178064,0.164655,0.385205
-0.570579,-0.383114,-0.0544532,0.178815,0.165475,0.385997
-0.570151,-0.382621,-0.0550417,0.179345,0.166128,0.386771
-0.569862,-0.382276,-0.0558942,0.179917,0.166813,0.3875
-0.569637,-0.381949,-0.0565235,0.179835,0.16679,0.388452
-0.569464,-0.381651,-0.0572652,0.178695,0.165645,0.389341
-0.569375,-0.381468,-0.0581422,0.177725,0.16467,0.390251
-0.56911,-0.381107,-0.0592417,0.176811,0.163751,0.391243
-0.56895,-0.380865,-0.0601491,0.176051,0.162988,0.392217
-0.568838,-0.380652,-0.0610447,0.174619,0.161552,0.393156
-0.568559,-0.380286,-0.0621035,0.172768,0.159699,0.393924
-0.568293,-0.379909,-0.0632472,0.171101,0.15803,0.394716
-0.568977,-0.380395,-0.0638844,0.170317,0.157364,0.395466
-0.569774,-0.381045,-0.0644989,0.168767,0.155844,0.396248
-0.570181,-0.381295,-0.0651931,0.167268,0.154312,0.397109
-0.570135,-0.381097,-0.0660719,0.166169,0.153212,0.397967
-0.569492,-0.380362,-0.0673535,0.1661,0.153141,0.39884
-0.568826,-0.379635,-0.0685112,0.165933,0.152974,0.399688
-0.568759,-0.379561,-0.0694708,0.165249,0.152289,0.400415
-0.568658,-0.379404,-0.0704644,0.163829,0.150869,0.401118
-0.569016,-0.379656,-0.0711205,0.161788,0.149036,0.40174
-0.570134,-0.380666,-0.0716311,0.159789,0.147285,0.402447
-0.571024,-0.38147,-0.0721575,0.15773,0.14543,0.403121
-0.572313,-0.382675,-0.072542,0.155634,0.143608,0.403715
-0.573667,-0.384103,-0.0730443,0.153456,0.141567,0.404154
-0.574911,-0.385497,-0.0738467,0.151623,0.139895,0.404504
-0.575777,-0.386535,-0.0741912,0.149061,0.137333,0.40494
-0.57659,-0.387464,-0.0745463,0.146634,0.134745,0.405425
-0.577284,-0.388279,-0.0750225,0.144416,0.132357,0.405979
-0.577684,-0.388749,-0.0754253,0.142772,0.130586,0.406599
-0.577552,-0.388633,-0.0761269,0.141618,0.129302,0.407259
-0.577943,-0.389067,-0.076678,0.140338,0.127858,0.407965
-0.578818,-0.389931,-0.0768871,0.139181,0.126468,0.408566
-0.579477,-0.390597,-0.0769406,0.137588,0.124582,0.409188
-0.579985,-0.391103,-0.0770001,0.135778,0.122485,0.40983
-0.57945,-0.390463,-0.0773107,0.13333,0.119772,0.41054
-0.580157,-0.391066,-0.0768188,0.129693,0.11611,0.411301
-0.580296,-0.391096,-0.0765612,0.1262,0.112693,0.412026
-0.579817,-0.390586,-0.0770592,0.12299,0.109836,0.412598
-0.578865,-0.389664,-0.07772,0.119489,0.106951,0.412987
-0.578067,-0.388873,-0.0784229,0.1163,0.104172,0.413431
-0.577007,-0.387864,-0.0795569,0.11331,0.101498,0.413913
-0.576294,-0.38721,-0.0806919,0.110602,0.0990205,0.414467
-0.57604,-0.386984,-0.0820979,0.112885,0.101304,0.415301
-0.575511,-0.386478,-0.08362,0.112371,0.10079,0.416253
-0.57514,-0.386092,-0.0851875,0.113408,0.101826,0.417303
-0.575508,-0.386368,-0.0863405,0.115183,0.103602,0.41843
-0.575837,-0.386625,-0.087482,0.116458,0.104876,0.419435
-0.576273,-0.386973,-0.0883595,0.117691,0.106108,0.420481
-0.577161,-0.38773,-0.0891629,0.119167,0.107726,0.421407
-0.577863,-0.388321,-0.0901746,0.120637,0.109385,0.422276
-0.578304,-0.38866,-0.091216,0.121556,0.110305,0.423275
-0.578669,-0.388936,-0.0923337,0.122173,0.11099,0.424126
-0.579107,-0.389262,-0.0934417,0.122664,0.111905,0.424937
-0.579123,-0.389176,-0.0945935,0.123277,0.113041,0.425765
-0.579328,-0.38924,-0.0956926,0.123819,0.114007,0.42657
-0.579401,-0.389221,-0.0964721,0.124641,0.115356,0.427565
-0.57965,-0.389381,-0.0973849,0.12521,0.11641,0.428589
-0.579929,-0.38952,-0.0984141,0.125229,0.116799,0.429554
-0.580079,-0.389545,-0.0993545,0.125295,0.117204,0.430386
-0.580851,-0.390286,-0.100243,0.125258,0.117427,0.431382
-0.580913,-0.390194,-0.101134,0.12602,0.11817,0.432552
-0.582156,-0.391177,-0.101521,0.126148,0.118111,0.433841
-0.583775,-0.392534,-0.101629,0.125849,0.117646,0.435039
-0.584981,-0.39344,-0.101974,0.125652,0.117349,0.436475
-0.586623,-0.39482,-0.102388,0.125709,0.117341,0.437864
-0.588497,-0.3965,-0.102831,0.124025,0.115558,0.439136
-0.590263,-0.398069,-0.103088,0.122526,0.11406,0.44021
-0.590581,-0.398418,-0.103681,0.121269,0.113276,0.440647
-0.590459,-0.398303,-0.103604,0.120105,0.112779,0.440839
-0.590434,-0.398282,-0.103647,0.119016,0.112393,0.440908
-0.590209,-0.398053,-0.103539,0.118081,0.112158,0.440909
-0.589794,-0.397637,-0.103146,0.117231,0.111987,0.440932
-0.589094,-0.39694,-0.102568,0.116535,0.111906,0.440952
-0.588695,-0.396538,-0.10222,0.115917,0.111865,0.440968
-0.588192,-0.396027,-0.101843,0.115378,0.111864,0.440992
-0.58808,-0.395913,-0.10173,0.113488,0.10974,0.44002
-0.587991,-0.395826,-0.101763,0.111184,0.107217,0.438812
-0.588217,-0.396051,-0.101931,0.108355,0.104394,0.436751
-0.588194,-0.396042,-0.101917,0.105442,0.101594,0.434216
-0.588113,-0.39597,-0.101776,0.10267,0.0991704,0.42971
-0.58783,-0.395694,-0.101548,0.100134,0.0969347,0.424884
-0.587417,-0.395287,-0.10117,0.0979748,0.0950875,0.419547
-0.587177,-0.395058,-0.100784,0.0959644,0.0933586,0.414017
-0.586945,-0.39484,-0.100436,0.0943393,0.0919542,0.408127
-0.586933,-0.394844,-0.10028,0.0927951,0.0905808,0.402105
-0.58671,-0.394634,-0.100142,0.0912422,0.0890347,0.395951
-0.586498,-0.394441,-0.0999833,0.089669,0.0874201,0.38984
-0.586174,-0.394127,-0.0995859,0.088277,0.0859371,0.383767
-0.585965,-0.393925,-0.0992135,0.0866584,0.0843205,0.377763
-0.585622,-0.393591,-0.0987517,0.085006,0.0827617,0.371932
-0.585602,-0.393577,-0.0985093,0.0832159,0.0810765,0.366207
-0.585501,-0.393484,-0.0983314,0.0811917,0.0792252,0.36074
-0.58531,-0.393303,-0.0980852,0.0791547,0.0773184,0.355391
-0.585424,-0.393439,-0.0980118,0.0768133,0.0750952,0.350563
-0.585611,-0.393649,-0.0979818,0.0744246,0.0728063,0.345993
-0.58582,-0.393874,-0.0980795,0.071722,0.0701583,0.342165
-0.585816,-0.393879,-0.0979691,0.0689671,0.0674259,0.338727
-0.58597,-0.394035,-0.0980331,0.065922,0.0644161,0.33604
-0.58628,-0.394359,-0.0981987,0.0629337,0.0614197,0.333767
-0.586351,-0.394435,-0.0980974,0.0604389,0.058589,0.332122
-0.586414,-0.394498,-0.097933,0.057829,0.055638,0.330815
-0.586701,-0.394782,-0.0978342,0.0552471,0.0527879,0.330088
-0.586551,-0.394622,-0.0974363,0.0526449,0.0500489,0.32958
-0.586485,-0.394553,-0.0971153,0.0499304,0.0472457,0.32926
-0.586397,-0.394458,-0.0968616,0.0471029,0.0443727,0.328979
-0.586077,-0.39414,-0.0964878,0.0440008,0.0412629,0.328671
-0.585618,-0.393682,-0.0960688,0.0407656,0.0380405,0.328355
-0.5853,-0.393368,-0.0957205,0.0374631,0.0347897,0.328021
-0.584938,-0.393005,-0.095388,0.0344248,0.0318047,0.327685
-0.584646,-0.392707,-0.0949877,0.0314904,0.0289175,0.327364
-0.584381,-0.392438,-0.0945505,0.0287219,0.0261715,0.327093
-0.584098,-0.392152,-0.0940882,0.0262368,0.0236725,0.326822
-0.583788,-0.391836,-0.0937023,0.023934,0.0213592,0.326541
-0.583545,-0.391589,-0.0933845,0.0218578,0.0192711,0.326239
-0.583342,-0.391382,-0.0931173,0.0198263,0.0172334,0.325918
-0.583059,-0.391101,-0.0928273,0.0179509,0.0153523,0.325631
-0.582779,-0.390816,-0.092528,0.0160634,0.0134612,0.325347
-0.582534,-0.39057,-0.0922565,0.0142847,0.0116898,0.32506
-0.582321,-0.390354,-0.0919593,0.012758,0.0101724,0.324786
-0.582122,-0.390153,-0.0916048,0.0113009,0.00875355,0.32446
-0.581767,-0.389796,-0.0911156,0.00986186,0.00728953,0.324044
-0.58156,-0.38959,-0.0907144,0.00844073,0.00581582,0.323272
-0.581375,-0.389406,-0.0904578,0.00716551,0.00446955,0.322007
-0.58124,-0.389272,-0.0901973,0.00602352,0.00328129,0.320501
-0.580916,-0.388943,-0.0897799,0.00513979,0.00235993,0.31869
-0.580582,-0.388592,-0.0895117,0.00485132,0.00206971,0.316124
-0.580273,-0.388279,-0.0891387,0.00490688,0.00214259,0.313146
-0.579817,-0.387821,-0.0886764,0.00541188,0.00271521,0.309312
-0.579477,-0.387485,-0.0882293,0.00613057,0.00347865,0.305056
-0.579081,-0.387097,-0.0877534,0.00708852,0.0044805,0.30043
-0.578732,-0.386757,-0.0872486,0.00844102,0.00582856,0.295126
-0.578371,-0.386401,-0.0866502,0.0100746,0.00749542,0.289398
-0.578005,-0.386042,-0.0860971,0.0117688,0.00923556,0.283474
-0.577563,-0.385603,-0.0854729,0.0135505,0.0110824,0.277371
-0.577234,-0.385282,-0.0849094,0.0153265,0.0129509,0.271198
-0.577135,-0.385194,-0.0845711,0.0169597,0.0147433,0.264993
-0.576857,-0.384935,-0.0841217,0.0186256,0.0165757,0.258783
-0.576254,-0.384347,-0.0835151,0.0201566,0.0182381,0.252583
-0.575797,-0.383904,-0.0829928,0.0216728,0.0198732,0.246374
-0.575416,-0.383531,-0.0824483,0.0232527,0.0215597,0.240188
-0.574701,-0.382816,-0.0817357,0.0249818,0.0232995,0.234
-0.573914,-0.382031,-0.0810514,0.0267106,0.025039,0.22779
-0.572996,-0.381114,-0.0801745,0.0285062,0.0268602,0.221623
-0.572349,-0.380469,-0.0794409,0.0303271,0.0287462,0.215449
-0.571813,-0.37995,-0.0787478,0.0320975,0.030563,0.209255
-0.571126,-0.379268,-0.0780057,0.0338235,0.0322493,0.203114
-0.570535,-0.378681,-0.0773744,0.0355494,0.0338866,0.197089
-0.569988,-0.378131,-0.0768335,0.0372713,0.0355139,0.191173
-0.569359,-0.3775,-0.0761849,0.038982,0.0370163,0.185373
-0.568649,-0.376788,-0.0753647,0.0404892,0.038347,0.179974
-0.567986,-0.37613,-0.0745992,0.0418766,0.0395766,0.17482
-0.567366,-0.375512,-0.0738696,0.0429435,0.0405558,0.170376
-0.566851,-0.375,-0.0732481,0.0437856,0.0413749,0.166347
-0.566623,-0.374772,-0.0727962,0.0441862,0.0419588,0.163152
-0.566321,-0.37447,-0.0722741,0.0443871,0.0424912,0.160362
-0.566146,-0.374301,-0.0718625,0.0442933,0.0428435,0.158352
-0.565783,-0.373946,-0.0713258,0.0443932,0.0432152,0.156711
-0.565394,-0.37356,-0.0707525,0.0449596,0.0435847,0.155691
-0.565068,-0.373239,-0.070269,0.0459121,0.0442178,0.154856
-0.564633,-0.372796,-0.0696803,0.0468687,0.0450541,0.154493
-0.56435,-0.372503,-0.0692725,0.0477622,0.0459403,0.154199
-0.563896,-0.372037,-0.0687682,0.0485607,0.0467521,0.153929
-0.563557,-0.371683,-0.0682951,0.0491801,0.0474324,0.153676
-0.563079,-0.371199,-0.0677937,0.0497664,0.0481398,0.153385
-0.562394,-0.370504,-0.0671453,0.0504245,0.0489368,0.15308
-0.561718,-0.369818,-0.0665279,0.0511414,0.049837,0.152769
-0.561257,-0.369345,-0.0660976,0.0518607,0.0507583,0.152438
-0.560724,-0.368808,-0.0655781,0.0528611,0.0519967,0.152109
-0.560297,-0.368377,-0.0651499,0.0540639,0.0534427,0.15181
-0.559787,-0.367868,-0.064636,0.0552834,0.0548864,0.151514
-0.559438,-0.367511,-0.0641665,0.0565433,0.0563829,0.151202
-0.559275,-0.367344,-0.0640306,0.0579589,0.0580246,0.150863
-0.559021,-0.367085,-0.0638596,0.059363,0.0596234,0.15052
-0.558654,-0.366719,-0.0635999,0.0608822,0.0613027,0.150195
-0.558465,-0.366531,-0.0633979,0.0623965,0.0629618,0.149855
-0.557755,-0.365814,-0.0628579,0.0653265,0.0667377,0.150507
-0.557063,-0.365109,-0.0622208,0.0690913,0.0713326,0.15139
-0.556174,-0.364204,-0.0615045,0.0737497,0.0764991,0.153134
-0.55559,-0.3636,-0.0609901,0.0785105,0.0816047,0.15536
-0.555078,-0.363068,-0.0605479,0.0826077,0.0858678,0.159375
-0.554551,-0.362519,-0.0600319,0.0863776,0.0897844,0.163566
-0.554329,-0.36228,-0.0598417,0.0897702,0.093109,0.167839
-0.553943,-0.361881,-0.0596681,0.0932939,0.0965777,0.172058
-0.553797,-0.361719,-0.0596801,0.0967288,0.0999657,0.175937
-0.553551,-0.361453,-0.059662,0.100129,0.103306,0.179561
-0.553255,-0.361144,-0.0595285,0.103859,0.107136,0.182482
-0.553131,-0.361008,-0.0593993,0.107763,0.11117,0.184995
-0.553062,-0.360922,-0.0593044,0.111969,0.115601,0.186747
-0.552682,-0.360526,-0.0589827,0.11664,0.12036,0.188066
-0.552336,-0.360167,-0.058736,0.12169,0.125311,0.188548
-0.551776,-0.359605,-0.0583931,0.126982,0.130489,0.18873
-0.551264,-0.359094,-0.0579662,0.132659,0.136024,0.188342
-0.550687,-0.358514,-0.0574987,0.138439,0.141741,0.187767
-0.549899,-0.357723,-0.0569804,0.144428,0.147752,0.186653
-0.549292,-0.357113,-0.0565902,0.150338,0.153739,0.185275
-0.548953,-0.356779,-0.0562278,0.156378,0.159874,0.18317
-0.548418,-0.356247,-0.0557677,0.162583,0.166167,0.180699
-0.547868,-0.355689,-0.0552994,0.169042,0.172554,0.17748
-0.547211,-0.355029,-0.0547988,0.17547,0.178965,0.173863
-0.546727,-0.354554,-0.0545315,0.18145,0.185287,0.169598
-0.546338,-0.354181,-0.0542473,0.187515,0.191728,0.164992
-0.545882,-0.353744,-0.0538878,0.19353,0.198067,0.159839
-0.545684,-0.353571,-0.0536686,0.19954,0.204281,0.154472
-0.545644,-0.353545,-0.0534863,0.205706,0.210589,0.148904
-0.545651,-0.35357,-0.0532602,0.212069,0.217134,0.143288
-0.545794,-0.353726,-0.0532081,0.218613,0.223851,0.137688
-0.545897,-0.353835,-0.0532121,0.225267,0.230552,0.132107
-0.54603,-0.353979,-0.0532147,0.232023,0.237274,0.126542
-0.546482,-0.354448,-0.0533785,0.238392,0.243631,0.12098
-0.546872,-0.354856,-0.0535775,0.244626,0.249863,0.115414
-0.547415,-0.355417,-0.0537581,0.250697,0.25598,0.109816
-0.547785,-0.355804,-0.0539959,0.256415,0.261697,0.104216
-0.548181,-0.35622,-0.0542107,0.261963,0.267311,0.0986091
-0.548825,-0.356887,-0.0545552,0.267206,0.272628,0.0929926
-0.549437,-0.357521,-0.0548467,0.272407,0.27788,0.0873907
-0.549886,-0.357988,-0.0550649,0.277489,0.283032,0.0817694
-0.549964,-0.358071,-0.055116,0.282716,0.288339,0.0761548
-0.550135,-0.358249,-0.0552151,0.287835,0.293518,0.0705332
-0.550248,-0.358368,-0.0553462,0.29259,0.298285,0.0649973
-0.550462,-0.358593,-0.0556089,0.297114,0.302757,0.0596481
-0.550493,-0.35863,-0.0557924,0.301646,0.307268,0.0545031
-0.55041,-0.358549,-0.0559164,0.306183,0.311787,0.0498793
-0.550462,-0.35861,-0.0560501,0.310301,0.315914,0.0461805
-0.550382,-0.358536,-0.0560638,0.314328,0.319929,0.0429833
-0.55023,-0.358392,-0.0560562,0.317992,0.323615,0.0408372
-0.550513,-0.358691,-0.0562863,0.320933,0.326548,0.040267
-0.55082,-0.359009,-0.0565445,0.3237,0.329249,0.0405678
-0.551546,-0.359748,-0.0570135,0.325977,0.331341,0.0421324
-0.552043,-0.360249,-0.0573409,0.328362,0.333492,0.0448138
-0.552492,-0.360703,-0.0576859,0.330734,0.335619,0.0484145
-0.552883,-0.361097,-0.058051,0.332705,0.337353,0.0528664
-0.553244,-0.361455,-0.0584384,0.3345,0.338883,0.0579647
-0.553512,-0.361713,-0.0587167,0.336103,0.340407,0.0635391
-0.553653,-0.361835,-0.0589455,0.337094,0.341363,0.0693543
-0.553746,-0.361905,-0.0591553,0.338053,0.342272,0.0752437
-0.553648,-0.361781,-0.0591716,0.339045,0.343184,0.0811587
-0.553622,-0.361722,-0.0592733,0.340013,0.344086,0.087076
-0.553612,-0.361689,-0.0593883,0.341199,0.345283,0.0929676
-0.553586,-0.361637,-0.0594729,0.342519,0.346629,0.0988584
-0.553573,-0.361602,-0.0595804,0.343837,0.347963,0.104774
-0.55395,-0.361963,-0.0598135,0.345058,0.349277,0.110706
-0.554086,-0.36209,-0.0599383,0.346451,0.35076,0.116626
-0.553887,-0.361879,-0.0599289,0.348136,0.35253,0.122517
-0.55382,-0.361804,-0.0600313,0.349852,0.354277,0.12841
-0.553671,-0.361641,-0.0600929,0.351618,0.356096,0.134322
-0.553653,-0.361608,-0.0602195,0.35348,0.358097,0.1402
-0.553557,-0.361506,-0.0602414,0.355321,0.360134,0.145933
-0.553346,-0.361285,-0.0601535,0.356979,0.362005,0.15158
-0.553013,-0.360943,-0.0600174,0.358723,0.364077,0.157117
-0.552914,-0.360839,-0.0600227,0.360853,0.366483,0.162271
-0.552798,-0.360713,-0.0600207,0.363282,0.369167,0.167183
-0.552419,-0.360327,-0.0598709,0.366121,0.37219,0.171395
-0.551933,-0.359838,-0.0595757,0.369243,0.375424,0.175214
-0.551539,-0.359443,-0.0593461,0.372798,0.378871,0.17822
-0.551019,-0.358919,-0.0590207,0.376527,0.38235,0.180796
-0.550463,-0.358352,-0.0587004,0.380649,0.386103,0.182586
-0.549709,-0.357581,-0.0582933,0.384712,0.389984,0.18401
-0.549217,-0.357075,-0.0580554,0.388549,0.394119,0.184805
-0.548747,-0.35659,-0.0578315,0.391972,0.397968,0.185388
-0.548398,-0.356242,-0.057663,0.395203,0.401413,0.185517
-0.548115,-0.355973,-0.0575199,0.398302,0.40465,0.18553
-0.548171,-0.356037,-0.0575409,0.40158,0.407826,0.185524
-0.548136,-0.356012,-0.0575257,0.405035,0.411053,0.185615
-0.548143,-0.356024,-0.0575687,0.396975,0.402872,0.184832
-0.548411,-0.35629,-0.0577841,0.38754,0.393299,0.183677
-0.548948,-0.356832,-0.0581016,0.383365,0.38894,0.181881
-0.549731,-0.357617,-0.05859,0.379823,0.384233,0.179601
-0.550398,-0.358294,-0.0591244,0.376542,0.378703,0.17637
-0.551052,-0.358956,-0.0595898,0.373155,0.372835,0.172697
-0.551809,-0.359713,-0.0599802,0.370278,0.366553,0.168285
-0.552443,-0.360349,-0.0603429,0.367332,0.360341,0.163582
-0.553522,-0.361432,-0.0609713,0.364162,0.353985,0.158352
-0.554497,-0.362414,-0.0615105,0.360932,0.347885,0.152932
-0.555368,-0.363289,-0.0619125,0.357439,0.341528,0.147221
-0.556211,-0.364144,-0.0623143,0.353937,0.335194,0.141444
-0.557091,-0.36503,-0.0626975,0.350393,0.32892,0.135567
-0.558099,-0.366041,-0.0631471,0.346387,0.322173,0.129652
-0.559456,-0.367408,-0.0638479,0.342085,0.315247,0.123672
-0.56058,-0.368547,-0.0643962,0.337737,0.308346,0.117681
-0.561734,-0.369712,-0.0649542,0.333977,0.301988,0.111853
-0.563051,-0.371049,-0.0656268,0.330627,0.295712,0.106131
-0.564277,-0.372285,-0.0660765,0.327315,0.289672,0.10081
-0.565363,-0.373382,-0.066517,0.323755,0.283383,0.0956892
-0.566628,-0.37466,-0.0670556,0.319936,0.276931,0.0912355
-0.567914,-0.375955,-0.0675765,0.316111,0.270467,0.0871489
-0.569107,-0.377155,-0.068034,0.3119,0.263706,0.0839057
-0.570344,-0.378402,-0.0685246,0.307579,0.256817,0.0811084
-0.571435,-0.379501,-0.068974,0.302907,0.249325,0.0791612
-0.572535,-0.380611,-0.0694828,0.297946,0.241698,0.0776315
-0.573515,-0.381593,-0.0699455,0.292861,0.234132,0.0770846
-0.574714,-0.382787,-0.0705819,0.287867,0.226669,0.0770187
-0.575664,-0.38372,-0.0712522,0.282952,0.219509,0.0776332
-0.576738,-0.384783,-0.0720867,0.278552,0.21289,0.0792014
-0.578104,-0.386133,-0.0730285,0.274755,0.206498,0.0813997
-0.579126,-0.387133,-0.0738231,0.271393,0.200216,0.084825
-0.57981,-0.387801,-0.0744941,0.267023,0.193534,0.0893127
-0.580516,-0.3885,-0.0751477,0.261861,0.186629,0.0941321
-0.581061,-0.389043,-0.0755583,0.255827,0.179805,0.0993732
-0.581861,-0.389833,-0.0761158,0.249235,0.172821,0.104708
-0.582465,-0.390423,-0.0766238,0.242053,0.165682,0.110189
-0.5828,-0.390743,-0.0769958,0.234816,0.158469,0.115723
-0.582986,-0.39091,-0.0772704,0.227604,0.151131,0.121299
-0.583208,-0.391116,-0.0775596,0.220562,0.143868,0.126849
-0.583334,-0.391229,-0.0778001,0.213649,0.136604,0.132379
-0.583446,-0.391325,-0.0780777,0.206714,0.129217,0.137917
-0.583269,-0.391132,-0.0780875,0.200012,0.121975,0.143506
-0.583317,-0.391171,-0.0781592,0.193351,0.114923,0.149112
-0.583308,-0.391143,-0.0781969,0.186523,0.107871,0.154703
-0.5831,-0.39092,-0.0781625,0.179655,0.100808,0.160298
-0.583008,-0.390811,-0.0781718,0.173072,0.0940451,0.165876
-0.582741,-0.390526,-0.0781855,0.166595,0.0873413,0.171473
-0.582418,-0.390194,-0.0779902,0.1603,0.0809177,0.177069
-0.58193,-0.389697,-0.077732,0.154081,0.0744871,0.182658
-0.58116,-0.388907,-0.0773092,0.147991,0.0681648,0.188262
-0.580244,-0.38797,-0.0768811,0.141478,0.0613966,0.193875
-0.57954,-0.387247,-0.0765243,0.134898,0.0545971,0.199496
-0.579243,-0.386941,-0.0763147,0.128223,0.0477076,0.205109
-0.578895,-0.386578,-0.0761214,0.121488,0.0407833,0.210729
-0.578635,-0.386303,-0.0758849,0.115158,0.0343011,0.216258
-0.578427,-0.386078,-0.0756591,0.109033,0.0280239,0.22164
-0.578269,-0.385913,-0.075439,0.103068,0.0219624,0.226882
-0.578395,-0.386038,-0.075396,0.0970187,0.0158684,0.231944
-0.578132,-0.38577,-0.0750488,0.0910078,0.00985315,0.236595
-0.57791,-0.385546,-0.0748001,0.0848034,0.00364413,0.241015
-0.577725,-0.385348,-0.0745593,0.0780708,-0.00298418,0.244641
-0.577393,-0.385009,-0.0742048,0.0713147,-0.00951826,0.247331
-0.577178,-0.384785,-0.0739902,0.0648492,-0.0162017,0.249166
-0.576827,-0.384419,-0.0737468,0.0588736,-0.0227053,0.250305
-0.577027,-0.384602,-0.0738453,0.0533364,-0.0292198,0.250021
-0.577604,-0.385166,-0.074115,0.0483433,-0.0362726,0.248185
-0.578462,-0.386012,-0.0746101,0.0435591,-0.0433749,0.245619
-0.579438,-0.386991,-0.0752101,0.0387411,-0.0507914,0.242343
-0.580793,-0.388352,-0.0761065,0.0340755,-0.0582722,0.237905
-0.582377,-0.38996,-0.0770925,0.029838,-0.065403,0.233048
-0.584044,-0.391648,-0.0780271,0.0255387,-0.0726199,0.227515
-0.585727,-0.393349,-0.0788603,0.0212051,-0.0798037,0.221539
-0.587218,-0.394857,-0.0795355,0.0168166,-0.0868972,0.215387
-0.588632,-0.396285,-0.0801563,0.0123695,-0.0940256,0.209153
-0.590028,-0.397703,-0.0808769,0.00761527,-0.101231,0.202796
-0.591494,-0.399184,-0.0816843,0.00289094,-0.108249,0.196377
-0.593049,-0.400763,-0.0825465,-0.00202196,-0.115293,0.189918
-0.594876,-0.402608,-0.083508,-0.0070877,-0.122493,0.183466
-0.596729,-0.404484,-0.0845133,-0.0125222,-0.130104,0.177008
-0.59819,-0.405962,-0.0852279,-0.0178861,-0.1378,0.170516
-0.599571,-0.407362,-0.0859109,-0.0230359,-0.145678,0.164015
-0.600829,-0.408636,-0.0864982,-0.0284234,-0.153408,0.157498
-0.602094,-0.409911,-0.087131,-0.0337423,-0.161197,0.150989
-0.603834,-0.411669,-0.0880647,-0.0388148,-0.168875,0.144451
-0.605694,-0.413544,-0.0889961,-0.0438593,-0.176783,0.137924
-0.607255,-0.415113,-0.089739,-0.0492585,-0.184736,0.131393
-0.60856,-0.416432,-0.0903074,-0.0549129,-0.193016,0.124912
-0.610217,-0.418099,-0.0910838,-0.0605562,-0.201526,0.118507
-0.611901,-0.419795,-0.09189,-0.0661085,-0.210206,0.112187
-0.613486,-0.421394,-0.0926285,-0.0716389,-0.219065,0.105984
-0.614985,-0.422903,-0.0933036,-0.076868,-0.228405,0.100127
-0.616104,-0.42403,-0.0936946,-0.0821188,-0.23851,0.0948453
-0.617442,-0.425368,-0.0941611,-0.0874707,-0.249605,0.0898897
-0.618568,-0.426494,-0.0945098,-0.0931783,-0.261521,0.0853066
-0.619641,-0.427578,-0.095025,-0.0974515,-0.265901,0.0816495
-0.620672,-0.428612,-0.0955557,-0.100378,-0.268689,0.0784987
-0.621471,-0.429406,-0.0959548,-0.0999769,-0.269268,0.0764875
-0.621792,-0.429734,-0.096081,-0.0984171,-0.268744,0.0749885
-0.622029,-0.429967,-0.0961344,-0.0954802,-0.266766,0.0741896
-0.622233,-0.430174,-0.0960741,-0.0808358,-0.252959,0.074544
-0.622218,-0.430163,-0.095826,-0.0650063,-0.237014,0.0756411
-0.621856,-0.429803,-0.0953736,-0.054356,-0.226277,0.0774716
-0.621395,-0.429355,-0.0948908,-0.0444374,-0.215412,0.0798868
-0.620945,-0.428901,-0.0943213,-0.0351018,-0.204111,0.0832181
-0.620387,-0.428331,-0.0937153,-0.0258503,-0.192689,0.0870163
-0.619596,-0.427536,-0.0930656,-0.0172148,-0.180957,0.0915982
-0.618807,-0.426744,-0.0924634,-0.00865985,-0.169471,0.0964969
-0.617605,-0.425535,-0.0915622,-9.68152e-05,-0.158036,0.101901
-0.616537,-0.424459,-0.0907505,0.00861746,-0.146697,0.107482
-0.615596,-0.423508,-0.0900758,0.0174379,-0.135185,0.113332
-0.614654,-0.422553,-0.0894423,0.0260475,-0.123874,0.119255
-0.6139,-0.421795,-0.0889982,0.0346957,-0.112616,0.125252
-0.613051,-0.420952,-0.0884945,0.0434018,-0.101304,0.131264
-0.61199,-0.419887,-0.0878225,0.0519987,-0.0901796,0.137322
-0.610855,-0.418748,-0.0871499,0.0606136,-0.0790785,0.143408
-0.609792,-0.417674,-0.0865897,0.0689051,-0.0683543,0.149543
-0.608794,-0.416654,-0.0861192,0.0766528,-0.057805,0.155686
-0.607776,-0.415619,-0.0857471,0.0841974,-0.0474683,0.161851
-0.60688,-0.414707,-0.0854259,0.0914933,-0.0373859,0.168047
-0.605604,-0.413412,-0.0848602,0.0987564,-0.0274125,0.174253
-0.604223,-0.412018,-0.0842587,0.105878,-0.0175348,0.180463
-0.60295,-0.410735,-0.0836714,0.11294,-0.00779705,0.186642
-0.60154,-0.409306,-0.0830002,0.120084,0.00205572,0.19278
-0.600184,-0.407936,-0.0823705,0.127,0.0118724,0.198804
-0.599128,-0.406866,-0.0819762,0.133804,0.0214704,0.20475
-0.598391,-0.406123,-0.0818002,0.140232,0.0306016,0.210344
-0.5974,-0.405125,-0.0814593,0.146452,0.0395122,0.21564
-0.596635,-0.404369,-0.0811456,0.15237,0.0478569,0.220544
-0.595901,-0.403638,-0.0807274,0.157633,0.0554832,0.22455
-0.594957,-0.402692,-0.0801823,0.162428,0.0629349,0.227969
-0.59419,-0.401935,-0.0796697,0.166794,0.0702295,0.230136
-0.593511,-0.40126,-0.0791224,0.172406,0.0780565,0.231283
-0.593017,-0.400765,-0.0787007,0.178879,0.0860579,0.232141
-0.5929,-0.40065,-0.0785542,0.185382,0.0940853,0.232002
-0.592592,-0.400347,-0.0782247,0.192343,0.101711,0.231482
-0.592751,-0.400505,-0.0780827,0.199726,0.108735,0.230511
-0.592835,-0.400586,-0.0779836,0.206284,0.114529,0.228713
-0.593247,-0.40099,-0.078083,0.212121,0.11958,0.226396
-0.593753,-0.401493,-0.0782839,0.216222,0.122675,0.223053
-0.594351,-0.402068,-0.0786387,0.219142,0.125224,0.219211
-0.595006,-0.40273,-0.0789883,0.221425,0.125669,0.214528
-0.595902,-0.403629,-0.079474,0.223394,0.124948,0.209372
-0.596594,-0.404321,-0.0797574,0.224281,0.123329,0.203462
-0.597553,-0.405283,-0.0801829,0.224977,0.121212,0.197294
-0.598225,-0.405971,-0.0803105,0.224994,0.118358,0.190699
-0.598948,-0.406708,-0.0804366,0.224312,0.115071,0.183964
-0.599522,-0.4073,-0.0804104,0.222823,0.111421,0.176986
-0.600296,-0.408087,-0.0805119,0.220973,0.107376,0.169926
-0.601248,-0.409047,-0.080705,0.218741,0.103089,0.162785
-0.602118,-0.409929,-0.080895,0.216339,0.0988194,0.155609
-0.60328,-0.411099,-0.0812541,0.21448,0.0950971,0.148425
-0.604463,-0.412301,-0.0816072,0.212742,0.0912803,0.141248
-0.605866,-0.413721,-0.0820683,0.211305,0.0874636,0.134109
-0.607057,-0.414926,-0.0823818,0.210111,0.0839452,0.127035
-0.608195,-0.416082,-0.0827052,0.208742,0.0802476,0.120006
-0.609176,-0.417075,-0.0828733,0.207475,0.076666,0.113031
-0.610106,-0.418008,-0.0829947,0.206277,0.072872,0.106241
-0.610681,-0.418587,-0.0829178,0.205335,0.0690123,0.0995709
-0.61165,-0.419567,-0.0832517,0.205433,0.0655747,0.0932308
-0.612322,-0.420245,-0.083353,0.206556,0.0630382,0.0874388
-0.613001,-0.420939,-0.0834217,0.208744,0.0613854,0.0820572
-0.613889,-0.421837,-0.0835858,0.211469,0.0605529,0.077195
-0.614596,-0.422546,-0.0835933,0.214329,0.0610591,0.0735383
-0.614975,-0.422932,-0.0834228,0.217182,0.0622033,0.0706427
-0.614776,-0.422746,-0.0829576,0.220313,0.0644686,0.0695874
-0.614336,-0.422313,-0.082571,0.223323,0.0675848,0.0705743
-0.613489,-0.421472,-0.0819633,0.225865,0.0709388,0.0725285
-0.612333,-0.420301,-0.0812564,0.22841,0.0748848,0.0753811
-0.610853,-0.418809,-0.0801615,0.230142,0.0788547,0.0795249
-0.609238,-0.417175,-0.0790009,0.231571,0.0830415,0.0841973
-0.607587,-0.415511,-0.077904,0.232495,0.0869005,0.0897156
-0.605994,-0.413905,-0.077009,0.233241,0.090443,0.095715
-0.60454,-0.412438,-0.0762416,0.233591,0.0933972,0.101909
-0.603168,-0.411053,-0.0754695,0.233705,0.0960529,0.108201
-0.601811,-0.409681,-0.0746748,0.233415,0.0980712,0.114601
-0.600445,-0.408309,-0.0738662,0.232534,0.0993502,0.121046
-0.598912,-0.406772,-0.0730145,0.231558,0.100394,0.12754
-0.59728,-0.405136,-0.0720946,0.230486,0.101353,0.13405
-0.595965,-0.403811,-0.0713839,0.229384,0.10233,0.140562
-0.594726,-0.402562,-0.0708098,0.22796,0.103152,0.147079
-0.593489,-0.401311,-0.0702588,0.226219,0.10403,0.153556
-0.592342,-0.400155,-0.0697211,0.224747,0.104791,0.16003
-0.591298,-0.399099,-0.0692366,0.22307,0.105443,0.166455
-0.589866,-0.397657,-0.0685434,0.221404,0.106184,0.172871
-0.588415,-0.396195,-0.0678812,0.219598,0.106994,0.17926
-0.587047,-0.394815,-0.0672516,0.217863,0.107643,0.185638
-0.586141,-0.39389,-0.0669646,0.216134,0.108361,0.191969
-0.585117,-0.392857,-0.0666358,0.214269,0.109245,0.198227
-0.584105,-0.391834,-0.0663893,0.212184,0.110202,0.204396
-0.583048,-0.390765,-0.0660899,0.210032,0.111304,0.210464
-0.582113,-0.389818,-0.0658098,0.207637,0.112943,0.216243
-0.581267,-0.388966,-0.0655999,0.205351,0.115422,0.221459
-0.580473,-0.388174,-0.0654393,0.202919,0.118646,0.226379
-0.57979,-0.387499,-0.065315,0.200593,0.12244,0.230912
-0.578916,-0.38662,-0.0648743,0.196679,0.118532,0.234546
-0.577957,-0.385652,-0.0643075,0.19167,0.113309,0.237671
-0.577171,-0.384856,-0.0638193,0.183511,0.106018,0.239673
-0.576622,-0.384292,-0.0634341,0.174067,0.0976969,0.241152
-0.57614,-0.383806,-0.0629907,0.163381,0.0880299,0.24182
-0.575538,-0.383202,-0.062499,0.152433,0.0778136,0.242202
-0.574376,-0.382042,-0.0614403,0.141621,0.0668505,0.242222
-0.572758,-0.380425,-0.0599387,0.130608,0.0557545,0.24212
-0.570671,-0.378332,-0.0579372,0.119638,0.0449597,0.241848
-0.568218,-0.37588,-0.0554484,0.107359,0.0327264,0.241473
-0.565311,-0.372991,-0.0522441,0.0949088,0.0203435,0.241045
-0.56175,-0.36945,-0.0485558,0.0812449,0.00676394,0.240552
-0.557863,-0.365586,-0.0447255,0.0674509,-0.0069321,0.240027
-0.553786,-0.361536,-0.0407903,0.0533945,-0.0209001,0.239485
-0.549593,-0.357364,-0.0367578,0.03865,-0.0355939,0.238837
-0.545419,-0.353203,-0.0328017,0.0235894,-0.050642,0.238115
-0.541612,-0.349408,-0.0292786,0.00791895,-0.0663265,0.237214
-0.538126,-0.345937,-0.0260862,-0.00796277,-0.0822387,0.236264
-0.535246,-0.34307,-0.0235048,-0.0243895,-0.0987153,0.235163
-0.532582,-0.340436,-0.0211374,-0.0406101,-0.114998,0.23399
-0.530159,-0.338058,-0.0189278,-0.0565373,-0.130988,0.232598
-0.527607,-0.335561,-0.0166321,-0.0721603,-0.146688,0.231009
-0.52513,-0.333139,-0.0142591,-0.08774,-0.162367,0.229124
-0.522492,-0.330557,-0.0116763,-0.10222,-0.176952,0.227434
-0.519676,-0.327781,-0.00877809,-0.114385,-0.189217,0.226238
-0.516976,-0.325099,-0.0058661,-0.122544,-0.197477,0.225414
-0.51408,-0.322184,-0.00277587,-0.130559,-0.206344,0.225158
-0.511037,-0.319101,0.000433311,-0.13846,-0.215321,0.225148
-0.50816,-0.316202,0.00365057,-0.146023,-0.22415,0.22553
-0.505275,-0.313295,0.00695391,-0.153395,-0.232804,0.226067
-0.502026,-0.309985,0.0103997,-0.160766,-0.241446,0.226973
-0.497833,-0.305763,0.0141828,-0.168185,-0.250098,0.228033
-0.493322,-0.301228,0.0178732,-0.176111,-0.259145,0.229345
-0.488723,-0.296601,0.0215741,-0.184099,-0.268204,0.23072
-0.484024,-0.291867,0.0252725,-0.192241,-0.277293,0.232154
-0.479304,-0.287115,0.0290018,-0.200506,-0.286442,0.23359
-0.474591,-0.282365,0.0327076,-0.208778,-0.295474,0.235072
-0.469861,-0.2776,0.0363854,-0.217165,-0.30444,0.236516
-0.465121,-0.272826,0.0400644,-0.225951,-0.313629,0.237736
-0.460151,-0.267825,0.0438698,-0.233867,-0.322708,0.23956
-0.455194,-0.262835,0.047609,-0.241738,-0.33121,0.241724
-0.450031,-0.257643,0.0514449,-0.249506,-0.339021,0.24422
-0.444957,-0.252538,0.0552484,-0.256399,-0.345496,0.247522
-0.439626,-0.247184,0.0591572,-0.262591,-0.351092,0.251316
-0.434146,-0.241673,0.0631963,-0.267223,-0.354776,0.256168
-0.428662,-0.236183,0.0673131,-0.270857,-0.357933,0.261544
-0.423151,-0.230636,0.0714152,-0.273948,-0.359026,0.267764
-0.417621,-0.22507,0.0754937,-0.276875,-0.359031,0.274404
-0.412175,-0.219593,0.079468,-0.278771,-0.358204,0.281777
-0.406572,-0.21396,0.0834951,-0.280348,-0.356865,0.289424
-0.401162,-0.208506,0.087296,-0.281109,-0.354686,0.297496
-0.395631,-0.202932,0.091154,-0.281435,-0.352339,0.305727
-0.390264,-0.197517,0.0948609,-0.281066,-0.349712,0.314203
-0.384918,-0.192123,0.0985431,-0.280449,-0.346812,0.322766
-0.37953,-0.186691,0.102241,-0.279543,-0.343741,0.331415
-0.37422,-0.18134,0.105891,-0.278518,-0.340718,0.340101
-0.36872,-0.175801,0.109697,-0.277625,-0.337785,0.348776
-0.363178,-0.170209,0.113503,-0.27683,-0.334785,0.357433
-0.357411,-0.164399,0.117382,-0.276384,-0.331844,0.366058
-0.35182,-0.158768,0.121146,-0.276126,-0.329163,0.374609
-0.346242,-0.15315,0.124956,-0.275989,-0.326584,0.383119
-0.340677,-0.147547,0.128706,-0.275981,-0.324111,0.39158
-0.335281,-0.142114,0.132344,-0.27623,-0.321634,0.399886
-0.330047,-0.136841,0.135894,-0.276678,-0.319061,0.408083
-0.324605,-0.131353,0.139696,-0.277928,-0.316717,0.415926
-0.319518,-0.12622,0.143262,-0.280062,-0.315137,0.423203
-0.314448,-0.121111,0.146755,-0.28263,-0.31396,0.430132
-0.309158,-0.115782,0.150399,-0.285591,-0.313582,0.43665
-0.303938,-0.110526,0.153973,-0.289145,-0.31452,0.442356
-0.29886,-0.10541,0.157493,-0.293132,-0.316161,0.447591
-0.293906,-0.100418,0.160946,-0.298162,-0.319164,0.451717
-0.288888,-0.0953614,0.164589,-0.303834,-0.322689,0.454783
