 head     neck    torso    right elbow    right_shoulder_ right hand    
-0.372534,-0.163395,0.0298439,-0.270023,0.171878,-0.0458086
-0.299779,-0.0898454,-0.00171949,-0.29619,0.179149,-0.0395872
-0.271195,-0.0621936,-0.0206641,-0.346258,0.178136,-0.0557228
-0.286809,-0.0792968,-0.00423841,-0.293305,0.210171,-0.0347051
-0.302666,-0.0970816,0.00881714,-0.335348,0.239077,-0.0338785
-0.352738,-0.156179,0.036444,-0.414321,0.27288,-0.0311624
-0.351798,-0.157244,0.0322303,-0.437646,0.265821,-0.0316619
-0.349643,-0.154235,0.0301852,-0.475633,0.261691,-0.0301837
-0.34628,-0.160971,0.017614,-0.478812,0.253111,-0.0312713
-0.36739,-0.178299,0.0106782,-0.472786,0.26752,-0.0362579
-0.369896,-0.180904,0.0181542,-0.452477,0.256211,-0.0303764
-0.376046,-0.186782,0.0267363,-0.416473,0.170876,-0.0338438
-0.385627,-0.198705,0.0310091,-0.376713,0.19263,-0.0310096
-0.39848,-0.211111,0.04421,-0.372448,0.202499,-0.0398194
-0.400524,-0.212564,0.0465746,-0.434775,0.225728,-0.0384165
-0.413211,-0.223663,0.0541009,-0.442335,0.262009,-0.0413338
-0.420662,-0.229892,0.0545257,-0.408299,0.270974,-0.039417
-0.418031,-0.226227,0.042866,-0.365987,0.241668,-0.0352063
-0.362443,-0.16812,0.00940806,-0.376166,0.259156,-0.0355225
-0.296199,-0.0928018,-0.0169564,-0.469619,0.423673,-0.0377905
-0.337995,-0.141768,0.00650109,-0.425897,0.352456,-0.0342067
-0.382401,-0.1909,0.0317064,-0.398145,0.316321,-0.0280702
-0.396722,-0.20599,0.0428244,-0.387453,0.322339,-0.0278083
-0.416137,-0.22894,0.0500257,-0.430871,0.345902,-0.0273042
-0.403491,-0.225667,0.0356186,-0.419838,0.257753,-0.0318799
-0.379284,-0.190814,0.0193387,-0.407387,0.306811,-0.0287856
-0.380531,-0.193398,0.022548,-0.427149,0.301749,-0.0287311
-0.362269,-0.174252,0.0081106,-0.442781,0.311635,-0.0319552
-0.378888,-0.191693,0.0137201,-0.43434,0.323335,-0.0301209
-0.386923,-0.200988,-0.0198385,-0.456358,0.325113,-0.0299603
-0.40022,-0.214597,-0.031376,-0.428999,0.312383,-0.0299279
-0.399278,-0.212877,-0.0415754,-0.424071,0.296207,-0.0307473
-0.438911,-0.239463,-0.0270517,-0.390584,0.303646,-0.031316
-0.506398,-0.304267,0.0219569,-0.35116,0.278636,-0.0307811
-0.513286,-0.313486,0.0149947,-0.337786,0.264199,-0.0320668
-0.542604,-0.345563,0.0161631,-0.388581,0.267639,-0.0331177
-0.548184,-0.352913,-0.00777705,-0.37393,0.272947,-0.0323541
-0.558111,-0.364447,-0.031997,-0.342504,0.263031,-0.0346639
-0.557879,-0.363155,-0.0477461,-0.339945,0.26669,-0.0412156
-0.603514,-0.408132,-0.0188426,-0.329075,0.30136,-0.0400026
-0.587569,-0.391231,-0.0268766,-0.317612,0.273509,-0.0427363
-0.607518,-0.415316,-0.0242322,-0.301309,0.240603,-0.0428791
-0.564017,-0.375649,-0.0449421,-0.313091,0.220315,-0.0384669
-0.577723,-0.387438,-0.0434334,-0.325043,0.213476,-0.033409
-0.58742,-0.39492,-0.0365851,-0.314428,0.21368,-0.0296299
-0.603754,-0.410669,-0.0299837,-0.308683,0.210871,-0.0298791
-0.610684,-0.420381,-0.0421452,-0.298486,0.20323,-0.029116
-0.639922,-0.446994,-0.0513209,-0.280585,0.1976,-0.0286426
-0.641038,-0.449761,-0.0418363,-0.276601,0.198557,-0.0275407
-0.650102,-0.462972,-0.042206,-0.281033,0.156615,-0.0289787
-0.65132,-0.466087,-0.0391328,-0.272018,0.122385,-0.0277269
-0.650293,-0.463452,-0.0355062,-0.279168,0.122425,-0.0302834
-0.625009,-0.439366,-0.0434459,-0.250583,0.0907623,-0.0381925
-0.63093,-0.44446,-0.0343397,-0.249039,0.113899,-0.0336393
-0.601563,-0.419509,-0.0423855,-0.297203,0.256352,-0.028579
-0.592313,-0.412509,-0.024139,-0.423979,0.4356,-0.0313204
-0.59975,-0.416951,-0.0161622,-0.412722,0.41928,-0.0319058
-0.624662,-0.442123,0.00355933,-0.477541,0.427159,-0.0361222
-0.592416,-0.407896,-0.003069,-0.405395,0.387411,-0.0336759
-0.589153,-0.40652,-0.000899933,-0.367083,0.300181,-0.0343611
-0.600559,-0.417115,0.0106489,-0.390524,0.282698,-0.0346275
-0.596893,-0.415663,0.0138094,-0.39533,0.296083,-0.0333118
-0.504821,-0.332212,-0.0391566,-0.368857,0.108909,-0.0315652
-0.496521,-0.318658,-0.0347789,-0.370971,0.227319,-0.0327581
-0.532108,-0.355512,-0.0192014,-0.377988,0.247175,-0.0311198
-0.581378,-0.404012,-0.000207429,-0.400455,0.250692,-0.0326123
-0.646318,-0.46322,0.0372694,-0.413393,0.311691,-0.0317075
-0.645346,-0.459393,0.0253202,-0.409518,0.340859,-0.0337596
-0.581016,-0.389576,0.0113427,-0.417636,0.326074,-0.0349324
-0.581966,-0.39557,0.00746542,-0.406627,0.274624,-0.0350906
-0.534367,-0.352904,-0.027139,-0.414302,0.165743,-0.0397581
-0.475581,-0.294303,-0.0560202,-0.427169,0.131924,-0.0389274
-0.485395,-0.301736,-0.0450192,-0.415402,0.168014,-0.0378757
-0.449946,-0.265968,-0.0583994,-0.398598,0.126827,-0.040211
-0.442412,-0.242577,-0.048551,-0.414754,0.163792,-0.037085
-0.473145,-0.26605,-0.031654,-0.397495,0.180459,-0.0367063
-0.483963,-0.274965,-0.0557986,-0.480425,0.186861,-0.041269
-0.483735,-0.280192,-0.0569599,-0.398546,0.178826,-0.0305996
-0.500773,-0.296447,-0.0480823,-0.356405,0.205965,-0.0343772
-0.53151,-0.33267,-0.0566982,-0.343286,0.185613,-0.0330577
-0.587917,-0.393894,-0.0218747,-0.331748,0.157953,-0.0273733
-0.535318,-0.338462,-0.0365232,-0.329179,0.146044,-0.027341
-0.488608,-0.297907,-0.0757529,-0.299719,0.0601188,-0.0261771
-0.511679,-0.318863,-0.0897335,-0.244536,0.0567589,-0.0207089
-0.532143,-0.340446,-0.0931765,-0.210829,0.0532354,-0.0184324
-0.627276,-0.445845,-0.0628336,-0.167752,0.12012,-0.0172813
-0.494274,-0.312823,-0.135381,-0.0634604,0.107665,-0.016131
-0.557275,-0.375862,-0.113523,-0.028937,0.170674,-0.0168472
-0.646048,-0.457046,-0.0568928,0.136671,0.175833,-0.0226307
-0.678056,-0.482978,-0.0307605,0.30842,0.228673,-0.0257104
-0.654411,-0.461687,-0.0247576,0.205122,0.438273,-0.041232
-0.678783,-0.4815,0.0132884,0.102317,0.595612,-0.0438881
-0.651104,-0.453017,0.0162265,0.0524988,0.635067,-0.0441206
-0.632909,-0.438183,0.0240872,-0.351592,0.639631,-0.0652866
-0.641034,-0.446561,0.049078,-0.810003,0.558841,-0.0781793
-0.633118,-0.441643,0.0493781,-0.745597,0.605457,-0.062816
-0.566927,-0.383768,0.00102461,-0.397602,0.444587,-0.0453332
-0.558414,-0.373057,0.0112033,-0.388139,0.362474,-0.0377102
-0.539308,-0.356089,-0.00342057,-0.349203,0.219232,-0.0333614
-0.509053,-0.330003,-0.0267502,-0.433423,0.13064,-0.038056
-0.540617,-0.359903,-0.026822,-0.491596,0.14315,-0.0356863
-0.564787,-0.383104,-0.0201428,-0.547667,0.166089,-0.0343064
-0.575524,-0.3924,-0.0155222,-0.51804,0.0923398,-0.0340864
-0.566255,-0.385265,-0.0153296,-0.517842,0.0678335,-0.0446291
-0.583756,-0.401937,0.0044039,-0.517092,0.101146,-0.0478502
-0.578557,-0.400678,-0.0113952,-0.49235,0.0831938,-0.0483148
-0.591867,-0.408779,-0.0392064,-0.459583,0.167248,-0.0523191
-0.588624,-0.40568,-0.0332867,-0.413509,0.160576,-0.051993
-0.585322,-0.407451,-0.0211412,-0.415099,0.137183,-0.0498799
-0.595495,-0.415721,-0.0218274,-0.390694,0.162226,-0.0490402
-0.538055,-0.349552,-0.0376462,-0.406944,0.21592,-0.0456827
-0.587373,-0.410658,-0.0160207,-0.30303,0.170937,-0.0351436
-0.478377,-0.312375,-0.0749566,-0.301695,0.160588,-0.032515
-0.4258,-0.260074,-0.0971085,-0.288675,0.136087,-0.0314119
-0.473221,-0.310597,-0.0701349,-0.277901,0.126181,-0.0316624
-0.446269,-0.280759,-0.0785864,-0.278749,0.0886029,-0.0328666
-0.424497,-0.251991,-0.0750819,-0.391012,0.240163,-0.0321863
-0.415851,-0.243468,-0.0763113,-0.455137,0.206395,-0.0385692
-0.567,-0.371498,-0.0477257,-0.281104,0.114188,-0.0406187
-0.599683,-0.406968,-0.108869,-0.179591,0.0558881,-0.0629682
-0.603366,-0.410703,-0.109936,-0.135638,0.0361498,-0.0708005
-0.609206,-0.417453,-0.115877,-0.0688631,0.00221746,-0.0821459
-0.607788,-0.41597,-0.113617,-0.0414332,-0.0102735,-0.0858015
-0.645341,-0.453097,-0.13802,0.00290139,-0.0298383,-0.0916191
-0.627992,-0.436191,-0.124395,0.0223308,-0.0365057,-0.0947601
-0.622854,-0.431216,-0.119655,0.0396417,-0.0417454,-0.0959464
-0.61558,-0.423825,-0.115827,0.0693268,-0.0489675,-0.0994211
-0.609503,-0.417795,-0.106636,0.082593,-0.0508316,-0.101446
-0.587404,-0.396007,-0.0935327,0.10382,-0.054659,-0.10343
-0.594826,-0.402103,-0.0984417,0.110975,-0.0577664,-0.104359
-0.605142,-0.413234,-0.110873,0.126054,-0.0598751,-0.106656
-0.606342,-0.414867,-0.113373,0.137977,-0.0614453,-0.107674
-0.606766,-0.415095,-0.113663,0.143202,-0.0618928,-0.107983
-0.604611,-0.412395,-0.113031,0.147763,-0.0623668,-0.108636
-0.582994,-0.390573,-0.0960981,0.157616,-0.0610464,-0.109174
-0.575263,-0.383004,-0.0827907,0.16592,-0.0595572,-0.109426
-0.595353,-0.402908,-0.0914567,0.169,-0.0593391,-0.109779
-0.579518,-0.386575,-0.093545,0.16655,-0.0643293,-0.109919
-0.57948,-0.387594,-0.103257,0.167712,-0.067513,-0.109297
-0.594887,-0.403159,-0.114188,0.173348,-0.0653769,-0.110492
-0.602238,-0.410291,-0.113089,0.175854,-0.0643581,-0.110277
-0.589775,-0.397899,-0.098289,0.178114,-0.0634529,-0.110827
-0.599219,-0.406941,-0.0964943,0.181736,-0.0621007,-0.111163
-0.606277,-0.414204,-0.102175,0.18361,-0.0611864,-0.111204
-0.590556,-0.398046,-0.095212,0.183909,-0.0625382,-0.112165
-0.580159,-0.387594,-0.0874088,0.185921,-0.0618543,-0.111458
-0.578607,-0.385616,-0.0847355,0.185157,-0.0631831,-0.11221
-0.599069,-0.406515,-0.104605,0.184243,-0.0645972,-0.111705
-0.585907,-0.39413,-0.0975558,0.185819,-0.0638914,-0.111478
-0.573366,-0.380448,-0.0875854,0.184907,-0.0651735,-0.111222
-0.573761,-0.381255,-0.0867048,0.186711,-0.0640037,-0.111951
-0.590665,-0.398078,-0.100752,0.18687,-0.0641115,-0.111697
-0.582139,-0.390118,-0.1023,0.183711,-0.0677296,-0.111394
-0.602023,-0.41,-0.119587,0.184119,-0.0675155,-0.111154
-0.579122,-0.386742,-0.105315,0.185817,-0.0661545,-0.111072
-0.574958,-0.382728,-0.0983122,0.186784,-0.0653313,-0.111288
-0.590853,-0.398697,-0.103865,0.188474,-0.0638849,-0.110987
-0.598231,-0.405957,-0.106391,0.188315,-0.0641473,-0.111803
-0.576382,-0.383711,-0.0937995,0.188725,-0.0639156,-0.111755
-0.577911,-0.385188,-0.0904643,0.188696,-0.0640202,-0.112438
-0.572654,-0.380518,-0.0952302,0.1878,-0.0650457,-0.111958
-0.570292,-0.378049,-0.100561,0.183912,-0.0690387,-0.111493
-0.573257,-0.380743,-0.102879,0.183998,-0.0689973,-0.111263
-0.576231,-0.383727,-0.096231,0.185687,-0.0673487,-0.110692
-0.572848,-0.380457,-0.08862,0.187476,-0.0656278,-0.11004
-0.576779,-0.384264,-0.0880806,0.18883,-0.0643038,-0.110366
-0.582015,-0.389633,-0.090895,0.187682,-0.0655017,-0.110794
-0.578699,-0.386776,-0.0904538,0.187057,-0.0661477,-0.111238
-0.574354,-0.382106,-0.0846148,0.188216,-0.0650253,-0.111492
-0.571876,-0.379894,-0.0918906,0.187151,-0.0661056,-0.11112
-0.570156,-0.378072,-0.0927476,0.187904,-0.0653792,-0.109573
-0.587356,-0.395286,-0.107083,0.187455,-0.0658399,-0.109514
-0.574402,-0.382166,-0.0976644,0.187808,-0.0655066,-0.109581
-0.578869,-0.386462,-0.0968496,0.188225,-0.0650976,-0.10895
-0.577753,-0.38543,-0.0987719,0.187013,-0.0663241,-0.110208
-0.597592,-0.405449,-0.111897,0.185511,-0.0678316,-0.110217
-0.570541,-0.378746,-0.0902515,0.186304,-0.0670489,-0.110692
-0.564997,-0.373044,-0.0924663,0.186631,-0.0667267,-0.110241
-0.570184,-0.377987,-0.0957101,0.186346,-0.0670187,-0.109616
-0.57157,-0.379647,-0.0969724,0.186066,-0.0673027,-0.109848
-0.574703,-0.382322,-0.0920369,0.188098,-0.0652758,-0.109269
-0.5744,-0.381883,-0.0916347,0.189227,-0.0641491,-0.109535
-0.576126,-0.384322,-0.0966622,0.185969,-0.0674117,-0.108738
-0.577594,-0.385371,-0.0950813,0.187664,-0.0657184,-0.108962
-0.582928,-0.391131,-0.0991304,0.18674,-0.0666443,-0.110645
-0.573765,-0.381792,-0.0938868,0.18725,-0.0661357,-0.111003
-0.564986,-0.373141,-0.0861895,0.187398,-0.0659903,-0.111151
-0.571146,-0.378903,-0.0877656,0.187582,-0.0658073,-0.111678
-0.598137,-0.406043,-0.106691,0.18732,-0.0660707,-0.111226
-0.582919,-0.39077,-0.0968421,0.187934,-0.0654577,-0.111847
-0.574602,-0.382532,-0.0950477,0.185279,-0.0681138,-0.111107
-0.572713,-0.380637,-0.100112,0.185297,-0.0680954,-0.111269
-0.579885,-0.387619,-0.0972721,0.18748,-0.065914,-0.111295
-0.607497,-0.415534,-0.116516,0.185449,-0.0679456,-0.111319
-0.588052,-0.39601,-0.10313,0.18696,-0.0664349,-0.111473
-0.596088,-0.403,-0.107377,0.187248,-0.0661472,-0.111361
-0.603662,-0.411408,-0.114269,0.186275,-0.0671205,-0.112105
-0.591348,-0.398782,-0.102952,0.187536,-0.0658591,-0.111674
-0.582961,-0.39089,-0.0911697,0.187884,-0.0655112,-0.112183
-0.597782,-0.405685,-0.107092,0.186762,-0.0666333,-0.112005
-0.610796,-0.419037,-0.127994,0.186023,-0.0673732,-0.112054
-0.608941,-0.417003,-0.124275,0.18622,-0.0671759,-0.111888
-0.612005,-0.419962,-0.12729,0.185698,-0.0676983,-0.112214
-0.610054,-0.417905,-0.126136,0.184252,-0.0691448,-0.111853
-0.585413,-0.39324,-0.110772,0.182925,-0.0704717,-0.112268
-0.599046,-0.407083,-0.121308,0.184493,-0.068904,-0.112498
-0.599155,-0.406923,-0.117153,0.18516,-0.0682371,-0.111935
-0.613527,-0.421634,-0.124566,0.184825,-0.0685719,-0.112267
-0.613218,-0.421344,-0.124068,0.185163,-0.0682336,-0.112212
-0.610494,-0.418249,-0.115863,0.186013,-0.0673836,-0.112035
-0.615234,-0.423699,-0.126459,0.185302,-0.0680952,-0.111789
-0.593525,-0.401434,-0.105129,0.187074,-0.0663231,-0.111959
-0.602722,-0.410645,-0.113671,0.186471,-0.0669255,-0.11217
-0.587712,-0.395753,-0.107945,0.18455,-0.0688467,-0.111065
-0.59381,-0.401265,-0.104615,0.186493,-0.0669039,-0.111979
-0.610502,-0.418714,-0.119936,0.185783,-0.0676143,-0.112044
-0.611859,-0.420042,-0.119398,0.186752,-0.0666453,-0.111939
-0.592482,-0.400371,-0.102021,0.188184,-0.0652134,-0.112211
-0.598716,-0.406374,-0.107051,0.188866,-0.0645307,-0.112731
-0.587503,-0.395465,-0.101127,0.186018,-0.0673785,-0.1134
-0.600942,-0.408567,-0.114317,0.182448,-0.0709488,-0.114361
-0.586681,-0.394628,-0.10499,0.18283,-0.0705669,-0.114669
-0.566263,-0.374348,-0.0743133,0.187087,-0.0663102,-0.115221
-0.575317,-0.383418,-0.0803116,0.188091,-0.0653062,-0.116021
-0.588084,-0.395995,-0.0895082,0.188498,-0.0648988,-0.117994
-0.57263,-0.380115,-0.0819507,0.190024,-0.0633724,-0.118954
-0.604339,-0.412429,-0.104565,-0.153874,0.0351932,0.0292581
-0.600591,-0.409105,-0.109933,-0.163803,0.0672908,0.116302
-0.609969,-0.418514,-0.110312,-0.113834,0.111223,0.247072
-0.592604,-0.401124,-0.0970956,-0.0752777,0.13292,0.287237
-0.596968,-0.406036,-0.0967601,0.091489,0.200398,0.374924
-0.578042,-0.387278,-0.090536,0.119708,0.23156,0.381396
-0.565496,-0.374419,-0.0759291,0.216092,0.26171,0.390872
-0.580656,-0.389446,-0.0743951,0.244629,0.28303,0.386634
-0.559743,-0.368815,-0.0612597,0.287363,0.312346,0.379391
-0.574079,-0.383419,-0.0672344,0.28324,0.324699,0.377423
-0.573083,-0.381933,-0.07763,0.271167,0.357543,0.368406
-0.558319,-0.367233,-0.0776977,0.289592,0.371971,0.369439
-0.547027,-0.356183,-0.0635158,0.320694,0.351002,0.380033
-0.574031,-0.382937,-0.0769488,0.295056,0.329978,0.382178
-0.567908,-0.376931,-0.0669085,0.279048,0.335794,0.382106
-0.587733,-0.396444,-0.0740527,0.284011,0.312474,0.390221
-0.589198,-0.397641,-0.0787038,0.313719,0.264019,0.397461
-0.58716,-0.396159,-0.0775542,0.298461,0.260352,0.390846
-0.601885,-0.411601,-0.0878659,0.199952,0.199259,0.383242
-0.598919,-0.408591,-0.0844141,0.180722,0.170014,0.377367
-0.599536,-0.408201,-0.0945091,0.0782804,0.0861391,0.357687
-0.598661,-0.406986,-0.0935641,0.0161265,0.0457213,0.339457
-0.601316,-0.40977,-0.103949,-0.130339,-0.0327424,0.28028
-0.60436,-0.412775,-0.104153,-0.196288,-0.0482738,0.247272
-0.580784,-0.388831,-0.0765672,-0.30992,-0.0504739,0.160264
-0.596984,-0.404414,-0.08432,-0.312289,-0.0950508,0.12289
-0.610854,-0.418572,-0.0924152,-0.22323,-0.173521,0.0460257
-0.587088,-0.393998,-0.0797993,-0.205223,-0.173404,0.0156002
-0.572494,-0.379789,-0.0732127,-0.208114,-0.19042,-0.0324264
-0.566129,-0.373231,-0.0729448,-0.208791,-0.198642,-0.04493
-0.558841,-0.366879,-0.0664802,-0.223613,-0.195401,-0.0485852
-0.552352,-0.360231,-0.0644959,-0.215888,-0.194588,-0.046463
-0.544551,-0.352248,-0.0589693,-0.216535,-0.190962,-0.0393032
-0.541722,-0.348904,-0.0572127,-0.220042,-0.16865,-0.0367351
-0.543471,-0.350764,-0.0551956,-0.205742,-0.167225,-0.0392039
-0.543824,-0.351145,-0.0568491,-0.188892,-0.165749,-0.043298
-0.544966,-0.352075,-0.0566479,-0.188647,-0.154428,-0.0482821
-0.545238,-0.35217,-0.0576406,-0.188361,-0.147679,-0.0485205
-0.548508,-0.3557,-0.056842,-0.187166,-0.135075,-0.0476107
-0.556438,-0.363571,-0.0613519,-0.190565,-0.127592,-0.047615
-0.55378,-0.361585,-0.0618928,-0.182177,-0.122955,-0.0470536
-0.550717,-0.358217,-0.0605255,-0.167783,-0.114788,-0.0465809
-0.549789,-0.357533,-0.0574639,-0.153728,-0.10598,-0.0441309
-0.550643,-0.358337,-0.0621709,-0.142914,-0.0881448,-0.0428546
-0.550246,-0.357966,-0.0572974,-0.153328,-0.0556847,-0.0229102
-0.551789,-0.359542,-0.0581713,-0.127789,-0.0270005,0.00289218
-0.553705,-0.361542,-0.0575451,-0.153997,0.0236115,0.0650016
-0.560447,-0.368055,-0.0711843,-0.182689,0.0825722,0.135179
-0.564178,-0.372025,-0.0727176,-0.141741,0.10062,0.177908
-0.565188,-0.372615,-0.0701623,-0.102203,0.141441,0.215718
-0.537141,-0.34363,-0.0634383,0.00217305,0.197689,0.285592
-0.534192,-0.341734,-0.0551639,0.059804,0.221935,0.313822
-0.524543,-0.332155,-0.0494743,0.166095,0.263288,0.353224
-0.537555,-0.346056,-0.0522683,0.166995,0.286924,0.36005
-0.535143,-0.343529,-0.0444455,0.252023,0.287571,0.376622
-0.539461,-0.34792,-0.0411551,0.300769,0.275585,0.395577
-0.540062,-0.348667,-0.0368202,0.342103,0.280469,0.401684
-0.540988,-0.349518,-0.0397767,0.35859,0.283858,0.399749
-0.538703,-0.347273,-0.0367096,0.362039,0.299552,0.397925
-0.540874,-0.349597,-0.037533,0.370138,0.307282,0.39057
-0.555043,-0.364361,-0.0523546,0.34581,0.307348,0.380753
-0.543379,-0.353072,-0.042827,0.346476,0.309858,0.378626
-0.537804,-0.347159,-0.0460292,0.334956,0.319055,0.3779
-0.537265,-0.346514,-0.0446142,0.340788,0.320571,0.376968
-0.536534,-0.345262,-0.0406025,0.349118,0.312289,0.376471
-0.501164,-0.309095,-0.0288453,0.357941,0.310137,0.37603
-0.501164,-0.309095,-0.0288453,0.357941,0.310137,0.37603
-0.515728,-0.323897,-0.0288254,0.348329,0.289615,0.380287
-0.523364,-0.331442,-0.029767,0.33255,0.278785,0.380661
-0.54249,-0.351109,-0.0380693,0.33733,0.276846,0.378662
-0.534977,-0.343251,-0.0400618,0.373373,0.271372,0.379828
-0.532253,-0.340024,-0.0398253,0.365992,0.240397,0.381434
-0.52817,-0.335925,-0.0370711,0.328711,0.232856,0.386892
-0.534962,-0.342623,-0.0422382,0.310127,0.217872,0.38448
-0.539727,-0.347803,-0.0459766,0.24648,0.18672,0.38591
-0.542684,-0.351211,-0.0477235,0.193573,0.164543,0.379583
-0.550007,-0.358113,-0.0543254,0.0988858,0.109688,0.37173
-0.558547,-0.366764,-0.0639919,0.0223019,0.0817759,0.363667
-0.562578,-0.370438,-0.0655764,-0.162432,0.0199243,0.324993
-0.568841,-0.376889,-0.0690956,-0.265235,0.0066908,0.292176
-0.581673,-0.390007,-0.075994,-0.451414,-0.0336958,0.215368
-0.577211,-0.386111,-0.0708986,-0.462158,-0.0566794,0.175102
-0.574357,-0.382782,-0.0667419,-0.386883,-0.146664,0.0915732
-0.577868,-0.386173,-0.0675122,-0.33978,-0.147301,0.0540012
-0.571719,-0.37934,-0.0675873,-0.257631,-0.161429,-0.00276636
-0.56529,-0.372141,-0.0643437,-0.23676,-0.165626,-0.0209404
-0.557324,-0.364018,-0.0632458,-0.22832,-0.168449,-0.0459553
-0.553752,-0.360399,-0.0606339,-0.240952,-0.169135,-0.0490852
-0.54599,-0.35282,-0.0544799,-0.250438,-0.160514,-0.0461846
-0.542066,-0.349279,-0.0550895,-0.261816,-0.146315,-0.0438521
-0.544261,-0.35145,-0.0576603,-0.271713,-0.137488,-0.0390239
-0.546341,-0.353034,-0.0589883,-0.285827,-0.133225,-0.0376472
-0.545388,-0.352659,-0.0551053,-0.295267,-0.127074,-0.0340654
-0.544825,-0.352402,-0.05831,-0.304125,-0.125858,-0.0342881
-0.549976,-0.357609,-0.0629263,-0.303117,-0.13447,-0.0377254
-0.551801,-0.359014,-0.0580316,-0.308616,-0.125014,-0.0383819
-0.549968,-0.357602,-0.0607248,-0.302283,-0.123547,-0.0409008
-0.549846,-0.357477,-0.0632184,-0.304053,-0.128074,-0.0441068
-0.551401,-0.359387,-0.0635301,-0.291099,-0.122852,-0.0467063
-0.553727,-0.361356,-0.0617515,-0.291766,-0.117344,-0.0479345
-0.533379,-0.340743,-0.0505683,-0.295113,-0.118653,-0.0476765
-0.531355,-0.338618,-0.0462219,-0.292756,-0.0985737,-0.0444297
-0.52104,-0.328029,-0.0386825,-0.26706,-0.0734838,-0.0411231
-0.534234,-0.340728,-0.0456512,-0.244726,-0.0781369,-0.0335805
-0.545822,-0.352802,-0.0525479,-0.220686,-0.0833987,0.0106664
-0.525319,-0.332361,-0.0389302,-0.199461,-0.0735301,0.0407485
-0.543276,-0.350547,-0.0569099,-0.190844,-0.0285373,0.110227
-0.542088,-0.349494,-0.0570399,-0.175104,-0.000176793,0.151894
-0.545157,-0.35262,-0.0624614,-0.111518,0.0510349,0.225055
-0.549486,-0.356832,-0.0654236,-0.0638009,0.0716148,0.258878
-0.543466,-0.351092,-0.064276,0.0117831,0.146572,0.310095
-0.545906,-0.353567,-0.0647776,0.0558668,0.176978,0.332913
-0.540096,-0.347598,-0.0540225,0.179355,0.220211,0.373468
-0.536031,-0.343374,-0.0447841,0.213795,0.225834,0.387484
-0.533278,-0.341008,-0.0422328,0.268611,0.234188,0.394817
-0.531742,-0.340235,-0.0397652,0.276452,0.241698,0.398044
-0.538018,-0.346501,-0.0360169,0.293203,0.233369,0.398366
-0.529422,-0.338224,-0.0308063,0.283649,0.232182,0.399243
-0.523126,-0.332468,-0.0360373,0.303192,0.231851,0.39823
-0.538209,-0.347558,-0.0453934,0.304381,0.231962,0.397145
-0.565615,-0.374797,-0.0582694,0.336133,0.220868,0.397304
-0.545231,-0.353858,-0.0475521,0.332714,0.229861,0.396795
-0.546273,-0.353895,-0.0571191,0.321746,0.225763,0.395363
-0.538684,-0.346812,-0.0540944,0.327281,0.223492,0.395331
-0.532375,-0.341306,-0.0498378,0.330286,0.218112,0.396775
-0.558053,-0.367161,-0.0559011,0.324654,0.212989,0.397211
-0.565241,-0.374871,-0.0564566,0.321017,0.220142,0.396391
-0.567373,-0.376644,-0.0578799,0.302749,0.227361,0.39536
-0.568434,-0.377214,-0.0549892,0.29325,0.226137,0.395363
-0.566818,-0.375746,-0.0503262,0.301273,0.218962,0.396005
-0.573183,-0.382445,-0.0612806,0.307519,0.211652,0.395104
-0.562664,-0.371137,-0.0648932,0.298925,0.21091,0.393794
-0.55779,-0.366724,-0.0592236,0.29854,0.213142,0.393516
-0.586933,-0.395764,-0.0735984,0.29977,0.198401,0.393539
-0.582524,-0.391532,-0.0750949,0.300525,0.204314,0.393509
-0.598068,-0.407304,-0.0749067,0.302476,0.216968,0.393632
-0.581996,-0.390735,-0.0804237,0.291238,0.234349,0.393913
-0.584783,-0.393749,-0.0791267,0.275742,0.23971,0.393363
-0.612945,-0.422391,-0.0912881,0.268513,0.22797,0.38711
-0.617598,-0.427054,-0.0904997,0.266135,0.225413,0.388475
-0.59871,-0.40823,-0.0837211,0.272671,0.230876,0.390138
-0.558494,-0.366502,-0.0656341,0.286551,0.240345,0.392197
-0.566925,-0.375323,-0.0673737,0.278592,0.240818,0.387237
-0.561948,-0.370254,-0.0752803,0.270907,0.223475,0.391008
-0.571617,-0.380439,-0.0835666,0.242755,0.223657,0.391457
-0.554887,-0.363281,-0.076519,0.236605,0.210265,0.393826
-0.545421,-0.353412,-0.0699422,0.211597,0.182879,0.394616
-0.565626,-0.374145,-0.0845575,0.159908,0.096087,0.3896
-0.556207,-0.364658,-0.074087,0.122038,0.0701186,0.37842
-0.549971,-0.358213,-0.0694053,0.0175039,-0.00075036,0.358807
-0.565516,-0.373541,-0.0864415,-0.0703402,-0.071281,0.308079
-0.564819,-0.373521,-0.0809879,-0.100656,-0.0985494,0.283252
-0.597146,-0.406075,-0.0963755,-0.136432,-0.136386,0.252313
-0.587276,-0.396148,-0.0850049,-0.173833,-0.151895,0.18608
-0.580076,-0.388918,-0.0789515,-0.181591,-0.148423,0.114903
-0.578557,-0.387317,-0.0776659,-0.173321,-0.160456,0.0782301
-0.576144,-0.384535,-0.0755581,-0.146399,-0.148607,0.0430578
-0.567743,-0.375298,-0.0676085,-0.132668,-0.160337,-0.0068877
-0.552847,-0.359477,-0.0595874,-0.159071,-0.190503,-0.0413332
-0.550123,-0.356614,-0.0585091,-0.169651,-0.185516,-0.04806
-0.545278,-0.351907,-0.0539844,-0.18229,-0.178086,-0.0502868
-0.540748,-0.347152,-0.0529997,-0.179458,-0.171029,-0.0480503
-0.53688,-0.343912,-0.0575322,-0.174903,-0.149956,-0.0419248
-0.534676,-0.341291,-0.0530736,-0.172202,-0.135706,-0.0414694
-0.535149,-0.341773,-0.051346,-0.163296,-0.129732,-0.0434281
-0.538877,-0.345162,-0.052162,-0.170536,-0.133469,-0.0480873
-0.514836,-0.321781,-0.0413248,-0.173273,-0.117862,-0.049783
-0.495758,-0.302815,-0.0278881,-0.168977,-0.0905166,-0.0481564
-0.516682,-0.323961,-0.0400063,-0.153535,-0.0951574,-0.0473483
-0.527554,-0.3348,-0.0442304,-0.152992,-0.0985198,-0.0472716
-0.533225,-0.339929,-0.0527196,-0.15041,-0.101467,-0.0458155
-0.522641,-0.329891,-0.0420113,-0.163835,-0.0862727,-0.0471222
-0.507058,-0.313755,-0.0282806,-0.163215,-0.0958828,-0.0449759
-0.501646,-0.308481,-0.0286317,-0.162,-0.089619,-0.0446201
-0.52986,-0.337421,-0.0465053,-0.155374,-0.0887615,-0.0461325
-0.531115,-0.338519,-0.047525,-0.150961,-0.0822793,-0.0458424
-0.512121,-0.319602,-0.039344,-0.150834,-0.0700394,-0.0450743
-0.509911,-0.317794,-0.0344751,-0.146552,-0.0659773,-0.0451477
-0.523154,-0.331006,-0.0426101,-0.14159,-0.0747558,-0.0459589
-0.516871,-0.324401,-0.0365596,-0.144997,-0.0683748,-0.045554
-0.526107,-0.33331,-0.043969,-0.145221,-0.070905,-0.0463183
-0.501769,-0.309056,-0.0301823,-0.15353,-0.058317,-0.0453777
-0.525154,-0.332196,-0.0429579,-0.162199,-0.0621334,-0.0436416
-0.530859,-0.337649,-0.0451224,-0.168391,-0.0701454,-0.042375
-0.536814,-0.344547,-0.0507306,-0.165926,-0.152261,-0.0386371
-0.53699,-0.345194,-0.0500382,-0.210869,-0.22306,-0.0324471
-0.562933,-0.370511,-0.0653446,-0.20497,-0.386379,-0.0466191
-0.550205,-0.357838,-0.0591148,-0.180079,-0.451375,-0.0450766
-0.546742,-0.35401,-0.0587746,-1.11048,-0.34608,-0.00630517
-0.568829,-0.375903,-0.0766308,-1.1673,-0.428859,0.00666736
-0.598005,-0.405632,-0.0894107,-1.30119,-0.880905,0.0114965
-0.624593,-0.431533,-0.107825,-1.28918,-1.16697,0.0109558
-0.61212,-0.420393,-0.108546,-1.33501,-1.43484,0.0050261
-0.610257,-0.418562,-0.104855,-1.34734,-1.50852,-3.05939e-06
-0.625648,-0.43331,-0.101963,-1.35396,-1.56709,-0.0155934
-0.615176,-0.422606,-0.0943014,-1.34884,-1.57168,-0.0205576
-0.657923,-0.465914,-0.123567,-1.34988,-1.54233,-0.0302076
-0.647336,-0.455655,-0.117142,-1.34778,-1.53507,-0.0360963
-0.638527,-0.446907,-0.103725,-1.34656,-1.49987,-0.0402827
-0.637967,-0.446826,-0.10193,-1.34399,-1.48693,-0.0417471
-0.621354,-0.429358,-0.0888878,-1.33816,-1.46994,-0.0450511
-0.6322,-0.439705,-0.0911842,-1.33935,-1.46666,-0.0439221
-0.656746,-0.464796,-0.108766,-1.3394,-1.46134,-0.0470923
-0.646655,-0.45462,-0.100478,-1.33955,-1.46049,-0.0471589
-0.661176,-0.469338,-0.10835,-1.33973,-1.46518,-0.0492456
-0.657008,-0.465992,-0.106192,-1.34363,-1.44511,-0.0530504
-0.665904,-0.474141,-0.101875,-1.34431,-1.43621,-0.0549484
-0.650741,-0.459238,-0.101086,-1.34047,-1.44043,-0.0563056
-0.6716,-0.480413,-0.116328,-1.33807,-1.44496,-0.0575334
-0.678063,-0.486344,-0.11751,-1.3405,-1.44036,-0.0576789
-0.662814,-0.47108,-0.110029,-1.34259,-1.43453,-0.0568204
-0.669611,-0.478274,-0.113832,-1.34212,-1.43305,-0.0560086
-0.649183,-0.457539,-0.0989695,-1.34233,-1.44135,-0.0539887
-0.646031,-0.454331,-0.0956588,-1.34465,-1.44923,-0.0527569
-0.631283,-0.439242,-0.088511,-1.35209,-1.51079,-0.0534677
-0.651628,-0.459599,-0.103397,-1.35578,-1.55426,-0.0540963
-0.633001,-0.439757,-0.103055,-1.35949,-1.59326,-0.056415
-0.636882,-0.444592,-0.114251,-1.37447,-1.53209,-0.0621092
-0.659656,-0.467463,-0.130222,-1.37075,-1.43713,-0.0641433
-0.640396,-0.447532,-0.124854,-1.23214,-1.24402,-0.0617097
-0.63403,-0.441588,-0.125367,-0.888159,-1.04396,-0.054103
-0.615886,-0.423826,-0.112905,-0.715378,-0.920033,-0.0505696
-0.600757,-0.408126,-0.0981839,-0.49112,-0.629431,-0.0446631
-0.61868,-0.425841,-0.109849,-0.433933,-0.49392,-0.0398645
-0.592797,-0.40031,-0.100635,-0.278056,-0.297683,-0.0360597
-0.591481,-0.399177,-0.093096,-0.221636,-0.223036,-0.0398584
-0.58392,-0.391576,-0.0839184,-0.21045,-0.0999996,-0.0526687
-0.589565,-0.39726,-0.0867987,-0.231999,-0.0422743,-0.0558715
-0.581012,-0.388451,-0.0790463,-0.267798,0.0222619,-0.0596649
-0.577991,-0.385369,-0.0780785,-0.269508,0.0292357,-0.0602231
-0.555509,-0.363129,-0.0622605,-0.260062,0.0168183,-0.069106
-0.567495,-0.375037,-0.0720667,-0.261842,-0.0118543,-0.0681533
-0.55681,-0.363951,-0.0629935,-0.262769,-0.0145603,-0.0552031
-0.566221,-0.373471,-0.0701606,-0.256039,-0.0311513,-0.0510903
-0.573278,-0.380617,-0.0760245,-0.258605,-0.0315349,-0.0496148
-0.571367,-0.378794,-0.0762772,-0.263951,-0.0252634,-0.0514268
-0.549675,-0.357572,-0.0608975,-0.269853,-0.0140919,-0.0502792
-0.535953,-0.344031,-0.0533035,-0.263488,-0.00370776,-0.0519084
-0.536029,-0.343376,-0.0490049,-0.271788,0.010523,-0.0508897
-0.525935,-0.33339,-0.0476938,-0.279214,-0.01115,-0.0522025
-0.528283,-0.335845,-0.0480428,-0.268207,-0.0143152,-0.049537
-0.528884,-0.335906,-0.0446678,-0.266065,-0.00957778,-0.0491828
-0.532056,-0.339092,-0.0480423,-0.260939,-0.0200767,-0.0487852
-0.536007,-0.342748,-0.0516382,-0.259212,-0.00991879,-0.0497561
-0.550814,-0.357866,-0.0609848,-0.263918,-0.0150691,-0.0508599
-0.539097,-0.346849,-0.0545048,-0.261079,-0.00765613,-0.0510422
-0.557996,-0.365887,-0.0656418,-0.250758,-0.0205823,-0.0499554
-0.5393,-0.347314,-0.0498376,-0.247953,-0.0543964,-0.0436424
-0.533989,-0.342266,-0.0492232,-0.250195,-0.108143,-0.0400742
-0.531525,-0.338411,-0.0453268,-0.33782,-0.255947,-0.0260634
-0.532249,-0.339678,-0.0509872,-0.445884,-0.341316,-0.019197
-0.543357,-0.351145,-0.0595259,-0.598815,-0.708267,-0.00857933
-0.562045,-0.369444,-0.0720405,-0.720603,-0.889965,-0.00579994
-0.60732,-0.414412,-0.0948479,-1.00057,-1.17145,-0.000252232
-0.637753,-0.44537,-0.105922,-1.25428,-1.35692,-0.00296406
-0.664314,-0.471917,-0.127183,-1.32243,-1.43478,-0.00836284
-0.67374,-0.482462,-0.135552,-1.35288,-1.50112,-0.0137232
-0.703274,-0.511397,-0.157251,-1.35721,-1.58146,-0.0289866
-0.711226,-0.520192,-0.158183,-1.35238,-1.57955,-0.033513
-0.716821,-0.525462,-0.151972,-1.34986,-1.52224,-0.0470859
-0.713628,-0.521981,-0.137305,-1.33704,-1.46864,-0.0589526
-0.689853,-0.497985,-0.120524,-1.32087,-1.44672,-0.0668768
-0.678272,-0.486725,-0.119612,-1.31521,-1.44856,-0.070999
-0.67427,-0.483028,-0.125132,-1.30814,-1.44057,-0.0724155
-0.681756,-0.489892,-0.132087,-1.30211,-1.44628,-0.0777661
-0.694329,-0.50312,-0.138374,-1.30175,-1.43133,-0.0761806
-0.697599,-0.506284,-0.137476,-1.29858,-1.43045,-0.0752873
-0.680973,-0.490416,-0.128416,-1.29834,-1.42181,-0.0748148
-0.662831,-0.471738,-0.111468,-1.29057,-1.41801,-0.0780889
-0.665687,-0.474729,-0.112532,-1.28998,-1.41189,-0.078627
-0.659047,-0.467415,-0.111448,-1.28973,-1.42574,-0.0770141
-0.649081,-0.457336,-0.105295,-1.29268,-1.4196,-0.0766341
-0.681068,-0.4896,-0.121648,-1.29716,-1.41024,-0.0772934
-0.687625,-0.495901,-0.121776,-1.29786,-1.40769,-0.076663
-0.68599,-0.494344,-0.120787,-1.30138,-1.40123,-0.074785
-0.661616,-0.470453,-0.104372,-1.30165,-1.40903,-0.0687032
-0.67783,-0.486262,-0.116978,-1.30707,-1.43084,-0.0626562
-0.678277,-0.487428,-0.1151,-1.31509,-1.43166,-0.0612939
-0.681622,-0.490943,-0.116456,-1.32498,-1.43517,-0.0549252
-0.666819,-0.475239,-0.104076,-1.34393,-1.46318,-0.0446709
-0.637965,-0.446042,-0.0830652,-1.35901,-1.49534,-0.0281819
-0.635661,-0.442805,-0.0768283,-1.36334,-1.48697,-0.0152361
-0.637677,-0.444836,-0.0778286,-1.37013,-1.47034,-0.00574853
-0.638241,-0.446014,-0.0966446,-1.37401,-1.35315,0.0138683
-0.639903,-0.448028,-0.1038,-1.35002,-1.27504,0.0199227
-0.616813,-0.424535,-0.0899475,-1.15731,-1.10878,0.022201
-0.595049,-0.403282,-0.0779658,-1.0048,-0.98845,0.0177967
-0.573934,-0.381155,-0.064461,-0.643937,-0.72327,0.00736209
-0.567144,-0.374735,-0.0527431,-0.473737,-0.588199,0.000381359
-0.567291,-0.374764,-0.0518227,-0.256028,-0.284998,-0.00811927
-0.56185,-0.369636,-0.0441674,-0.142156,-0.192204,-0.0138454
-0.578448,-0.386808,-0.0595421,0.00729283,-0.0869687,-0.0276005
-0.567193,-0.374997,-0.0516006,0.0362287,0.0182886,-0.0358355
-0.554416,-0.361492,-0.0442518,0.0482881,0.049333,-0.0359345
-0.546534,-0.353832,-0.0369973,0.0556557,0.0614077,-0.0352059
-0.53627,-0.343432,-0.0340773,0.0535322,0.064328,-0.034143
-0.537733,-0.344948,-0.0334441,0.0443778,0.0598993,-0.0342014
-0.540599,-0.348089,-0.0359747,0.00957331,0.061729,-0.0344852
-0.54443,-0.351821,-0.0362545,-0.0167527,0.0580227,-0.0360542
-0.543742,-0.351336,-0.0385779,-0.0485788,0.0281017,-0.0315816
-0.545973,-0.353593,-0.0444803,-0.067189,0.0184141,-0.0283296
-0.547241,-0.355318,-0.0408153,-0.0856446,0.00723973,-0.024513
-0.550664,-0.358334,-0.0415661,-0.0944443,0.00331187,-0.0249379
-0.533108,-0.34069,-0.033219,-0.0947636,0.00285832,-0.025423
-0.554927,-0.362013,-0.0523312,-0.107241,-0.0217181,-0.0310884
-0.557172,-0.363959,-0.0591429,-0.139256,-0.0140955,-0.0346663
-0.564114,-0.370587,-0.0646611,-0.162762,-0.00540601,-0.0362337
-0.561185,-0.368079,-0.068968,-0.171273,-0.0218645,-0.0368937
-0.543969,-0.350935,-0.0597577,-0.164929,-0.00862206,-0.0360404
-0.539952,-0.346915,-0.0573576,-0.172821,-0.0174455,-0.0365983
-0.535491,-0.342781,-0.0512978,-0.175296,-0.0187472,-0.0334438
-0.528627,-0.335393,-0.0467118,-0.15998,-0.0214224,-0.0286238
-0.513653,-0.320543,-0.0360051,-0.155001,-0.0205767,-0.0261072
-0.540365,-0.347278,-0.056229,-0.164313,-0.0403057,-0.0237593
-0.55763,-0.365016,-0.0709106,-0.162511,-0.0565684,-0.0213647
-0.552467,-0.359793,-0.0693036,-0.162914,-0.0592626,-0.0208147
-0.556566,-0.364085,-0.0716795,-0.171122,-0.0697112,-0.0207086
-0.563488,-0.371533,-0.0724339,-0.178815,-0.0770113,-0.0204905
-0.565183,-0.372907,-0.0757185,-0.177977,-0.0916148,-0.0203648
-0.563763,-0.371836,-0.0735927,-0.162653,-0.19456,-0.0149851
-0.566072,-0.374027,-0.0706353,-0.118688,-0.259342,-0.0325155
-0.566556,-0.374332,-0.0707379,-0.0493449,-0.410835,-0.0606461
-0.589041,-0.39668,-0.08353,-0.617308,-0.613227,-0.01457
-0.587813,-0.395488,-0.0769009,-0.713401,-0.844031,-0.00724751
-0.608774,-0.416133,-0.0864301,-0.820942,-1.03684,-0.00602152
-0.599873,-0.40729,-0.0831839,-1.05677,-1.29605,-0.00647964
-0.625095,-0.431979,-0.0938604,-1.17836,-1.38233,-0.0101547
-0.640139,-0.447532,-0.106895,-1.31371,-1.52665,-0.0234874
-0.640834,-0.445912,-0.114523,-1.35071,-1.55403,-0.0333958
-0.643538,-0.451613,-0.113037,-1.34385,-1.59672,-0.052586
-0.645019,-0.453041,-0.110836,-1.34362,-1.56469,-0.0616734
-0.636694,-0.444184,-0.100406,-1.3206,-1.50902,-0.0810092
-0.652721,-0.460173,-0.10554,-1.30191,-1.4777,-0.0895859
-0.633462,-0.442293,-0.0829195,-1.24774,-1.4131,-0.0988371
-0.645545,-0.454271,-0.0886318,-1.21484,-1.402,-0.101422
-0.628743,-0.438009,-0.0736622,-1.16004,-1.38517,-0.10312
-0.627088,-0.436245,-0.0710468,-1.13928,-1.36892,-0.100304
-0.631216,-0.440054,-0.072611,-1.12065,-1.35857,-0.0965796
-0.623011,-0.431585,-0.06801,-1.10822,-1.36558,-0.0961238
-0.642076,-0.450432,-0.0835987,-1.11305,-1.36898,-0.0955238
-0.646638,-0.45604,-0.0833575,-1.12,-1.36189,-0.0955677
-0.669145,-0.477891,-0.0907706,-1.11983,-1.362,-0.100192
-0.651137,-0.459596,-0.0793944,-1.1387,-1.37755,-0.100798
-0.649843,-0.45832,-0.083986,-1.14728,-1.38581,-0.0987539
-0.648967,-0.457168,-0.0777919,-1.15807,-1.39426,-0.0962169
-0.632072,-0.440133,-0.0666403,-1.2047,-1.38968,-0.0870354
-0.615435,-0.423847,-0.0579499,-1.22626,-1.39384,-0.0810936
-0.636253,-0.445249,-0.0832301,-1.27938,-1.42647,-0.0734827
-0.601195,-0.410141,-0.0593564,-1.33255,-1.48883,-0.0632052
-0.599418,-0.407782,-0.0521997,-1.34395,-1.5193,-0.0596508
-0.621011,-0.429442,-0.0673921,-1.34957,-1.55452,-0.0564404
-0.614121,-0.422063,-0.0602827,-1.36164,-1.52512,-0.0454197
-0.59987,-0.408061,-0.0549832,-1.36779,-1.44968,-0.0394432
-0.587459,-0.395767,-0.0483311,-1.31574,-1.25454,-0.0282967
-0.593791,-0.40212,-0.0672601,-1.05723,-1.07889,-0.0245209
-0.579578,-0.387803,-0.0664097,-0.903959,-0.955603,-0.0223315
-0.558094,-0.365365,-0.0648617,-0.716971,-0.830996,-0.0218347
-0.555344,-0.362229,-0.0477596,-0.443629,-0.522595,-0.0202514
-0.549661,-0.356735,-0.0421223,-0.360451,-0.35679,-0.0177053
-0.551762,-0.359107,-0.0422859,-0.155265,-0.169229,-0.0204019
-0.554328,-0.361406,-0.0478074,-0.0741291,-0.100052,-0.0256231
-0.544446,-0.351196,-0.0437864,0.0330024,0.00946507,-0.0293947
-0.541082,-0.348263,-0.0424016,0.0744547,0.055619,-0.0293249
-0.538581,-0.345807,-0.0456632,0.100203,0.105318,-0.0307237
-0.545147,-0.352682,-0.0512191,0.113574,0.0963577,-0.031681
-0.541006,-0.349413,-0.0532062,0.0888967,0.0894187,-0.0331943
-0.534406,-0.34273,-0.0454864,0.0612095,0.0824837,-0.0343711
-0.549451,-0.357947,-0.0573433,-0.0421748,0.0583681,-0.0351955
-0.538951,-0.346766,-0.0540653,-0.105831,0.0376773,-0.0353922
-0.542022,-0.349639,-0.0574302,-0.216344,0.0135133,-0.0356353
-0.544358,-0.351822,-0.05768,-0.260934,0.00468779,-0.0344611
-0.544632,-0.351805,-0.0568402,-0.357429,-0.0187977,-0.0303927
-0.537904,-0.345397,-0.0523308,-0.382793,-0.0287744,-0.0305836
-0.542461,-0.349688,-0.0555567,-0.421029,-0.0452594,-0.0301276
-0.549217,-0.356299,-0.0578219,-0.423866,-0.0498072,-0.0285555
-0.570996,-0.377986,-0.0756805,-0.40129,-0.0666709,-0.0292644
-0.575454,-0.382948,-0.0840892,-0.379799,-0.0685174,-0.0291766
-0.577079,-0.385103,-0.0904547,-0.306919,-0.0655527,-0.0345139
-0.575927,-0.384084,-0.0865171,-0.276065,-0.0636604,-0.0364005
-0.573341,-0.38051,-0.0760608,-0.215367,-0.0461223,-0.0381597
-0.55336,-0.36083,-0.0620821,-0.193862,-0.0197745,-0.038655
-0.556212,-0.363638,-0.0607643,-0.150388,-0.00678643,-0.0366768
-0.569441,-0.377278,-0.0653982,-0.13437,0.00351161,-0.0354709
-0.550796,-0.358206,-0.0525778,-0.135875,0.00546307,-0.034134
-0.544004,-0.351165,-0.0471142,-0.13753,0.0025309,-0.0339109
-0.538245,-0.344974,-0.0411283,-0.166553,-0.00496538,-0.0327291
-0.540123,-0.34684,-0.0394499,-0.202378,-0.0130936,-0.0321679
-0.52571,-0.332598,-0.0201218,-0.266059,-0.0414152,-0.0322499
-0.50694,-0.314287,-0.00357439,-0.318945,-0.067473,-0.0278598
-0.451083,-0.258807,0.0540466,-0.437223,-0.0974521,-0.0141139
-0.400064,-0.2079,0.105998,-0.507983,-0.107651,-0.00939865
-0.369766,-0.177469,0.140602,-0.615595,-0.103079,-0.00592178
-0.321858,-0.129834,0.197281,-0.773007,-0.0622974,-0.00152357
-0.263776,-0.0726505,0.276185,-0.886115,0.0253924,0.00197164
-0.190474,0.000274966,0.331824,-1.02072,0.0946561,0.0172748
-0.147559,0.0430303,0.34896,-1.07018,0.0925948,0.0281776
-0.13004,0.0600514,0.360073,-1.09208,0.0912512,0.0456071
-0.12122,0.0690659,0.367275,-1.09734,0.0849286,0.0899783
-0.127084,0.0643118,0.359357,-1.06834,0.0702366,0.116286
-0.163047,0.0281381,0.313732,-0.984415,0.0311147,0.17399
-0.197333,-0.0064317,0.274762,-0.936796,0.0103799,0.206561
-0.259285,-0.0686551,0.217326,-0.839842,-0.0370812,0.269725
-0.284224,-0.0949336,0.195168,-0.817035,-0.0738535,0.304262
-0.290825,-0.102939,0.187746,-0.784659,-0.0673001,0.358522
-0.29976,-0.112284,0.177233,-0.782031,-0.0486965,0.378723
-0.309461,-0.121705,0.178155,-0.746024,0.0322507,0.415728
-0.30032,-0.112426,0.193625,-0.693581,0.0445629,0.425468
-0.279597,-0.09044,0.220849,-0.56998,-0.109405,0.462477
-0.273894,-0.0827528,0.231441,-0.559967,-0.0526658,0.48392
-0.250416,-0.0554683,0.251666,-0.391706,-0.0229786,0.462941
-0.231125,-0.0344971,0.269622,-0.319326,-0.0147921,0.449973
-0.240948,-0.0454392,0.275016,-0.20635,-0.00991433,0.368598
-0.225131,-0.0298477,0.294329,-0.149161,-0.00539876,0.342024
-0.215468,-0.0162431,0.28835,-0.0358927,0.0208806,0.325261
-0.138318,0.0571556,0.307403,0.0116059,0.0310768,0.33035
-0.101365,0.0937109,0.299728,0.0961058,0.0508616,0.352226
-0.096669,0.098614,0.298413,0.12287,0.053677,0.353163
-0.0936211,0.101868,0.297403,0.162792,0.0551812,0.349813
-0.0932262,0.102302,0.297216,0.178555,0.0552042,0.347462
-0.0924145,0.103143,0.296985,0.204589,0.0549572,0.343082
-0.0930788,0.102484,0.297147,0.215297,0.0547109,0.340755
-0.0925258,0.103041,0.297161,-0.00398822,0.103975,0.356439
-0.0921124,0.103455,0.297012,0.0290003,0.094001,0.352607
-0.0920818,0.103486,0.297014,0.0844352,0.0795491,0.346021
-0.0924565,0.103111,0.297165,0.107655,0.0743497,0.343114
-0.0924284,0.10314,0.297165,0.147032,0.0669631,0.338817
-0.0920843,0.103484,0.297015,0.163708,0.064402,0.337334
-0.092071,0.103497,0.297015,0.191807,0.0606231,0.334472
-0.0924511,0.103117,0.297165,0.203601,0.0592171,0.333038
-0.0924395,0.103128,0.297165,0.223744,0.0572838,0.331095
-0.0920656,0.103502,0.297021,0.232339,0.0566561,0.330541
-0.0920657,0.103502,0.297021,0.246829,0.0556663,0.329199
-0.0924329,0.103135,0.297172,0.252904,0.0552524,0.328378
-0.092433,0.103135,0.297172,0.263362,0.0547458,0.327438
-0.092433,0.103135,0.297172,0.271788,0.0544216,0.326692
-0.0920657,0.103502,0.297021,0.275434,0.0543681,0.326639
-0.092433,0.103135,0.297172,0.278584,0.0542141,0.326097
-0.092433,0.103135,0.297172,0.284068,0.054081,0.325622
-0.0920657,0.103502,0.297021,0.286465,0.0540954,0.325682
-0.0920657,0.103502,0.297021,0.290446,0.0540273,0.325341
-0.092433,0.103135,0.297172,0.292076,0.0539414,0.324935
-0.0924329,0.103135,0.297172,0.294969,0.0539065,0.324689
-0.0920657,0.103502,0.297021,0.296264,0.0539558,0.324846
-0.0920657,0.103502,0.297021,0.298369,0.0539379,0.324668
-0.0924329,0.103135,0.297172,0.299202,0.05387,0.324332
-0.0924329,0.103135,0.297172,0.300734,0.0538609,0.324203
-0.0920657,0.103502,0.297021,0.301448,0.0539193,0.324409
-0.0920657,0.103502,0.297021,0.302563,0.0539145,0.324315
-0.0924329,0.103135,0.297172,0.302976,0.0538513,0.324014
-0.0924329,0.103135,0.297172,0.303788,0.0538488,0.323945
-0.0920657,0.103502,0.297021,0.304196,0.0539096,0.324177
-0.0920657,0.103502,0.297021,0.304196,0.0539096,0.324177
-0.0920657,0.103502,0.297021,0.304196,0.0539096,0.324177
-0.0920657,0.103502,0.297021,0.304196,0.0539096,0.324177
-0.0920657,0.103502,0.297021,0.304196,0.0539096,0.324177
