 head     neck    torso    right elbow    right_shoulder_ right hand    
-0.00151332,-0.00151332,-0.00148251,0.00494046,0.00844571,0.00360944
-0.000865601,-0.000865601,-0.000885048,0.0068791,0.0170723,0.00706716
-9.88063e-05,-9.88062e-05,-0.000156665,0.00793169,0.0255289,0.01046
-0.000386016,-0.000386016,-0.000459383,0.00790481,0.033622,0.0138315
-0.00101652,-0.00101652,-0.00109324,0.0102383,0.0414989,0.0171135
-0.0020146,-0.0020146,-0.0021719,0.00414452,0.050209,0.020323
-0.0033503,-0.0033503,-0.00359369,-0.00217304,0.0582997,0.0235022
-0.00493537,-0.00493537,-0.00529983,-0.00856225,0.0661973,0.0267695
-0.00682345,-0.00682346,-0.00741672,-0.0143393,0.0734442,0.0300825
-0.00870855,-0.00870855,-0.00953243,-0.0189928,0.0792107,0.0332703
-0.0115659,-0.0115659,-0.0126863,-0.0233543,0.0845355,0.0362686
-0.0151091,-0.0151091,-0.016566,-0.0277896,0.089556,0.0391991
-0.0187524,-0.0187524,-0.0206577,-0.0327794,0.0942458,0.0419325
-0.0223345,-0.0223345,-0.024193,-0.0381504,0.0975211,0.0446247
-0.0258111,-0.0258111,-0.0275836,-0.0435288,0.101299,0.0470036
-0.0296292,-0.0296292,-0.031435,-0.047977,0.104137,0.0493037
-0.033208,-0.033208,-0.0351168,-0.0516956,0.10756,0.0514131
-0.0363692,-0.0363692,-0.0382237,-0.0549949,0.11104,0.053398
-0.0397855,-0.0397855,-0.041435,-0.0576089,0.115367,0.0552892
-0.0433528,-0.0433528,-0.0448431,-0.06005,0.119205,0.0570562
-0.0465798,-0.0465798,-0.0479914,-0.0626768,0.122845,0.0587882
-0.049588,-0.049588,-0.0509655,-0.0661483,0.126267,0.0604721
-0.0525097,-0.0525097,-0.0538612,-0.0698969,0.129865,0.0621005
-0.0555532,-0.0555532,-0.056836,-0.0734058,0.13322,0.0637474
-0.058508,-0.058508,-0.0597342,-0.0773565,0.136636,0.0654291
-0.0618418,-0.0618418,-0.0630279,-0.0806211,0.139856,0.0673891
-0.0651977,-0.0651977,-0.0663412,-0.0845256,0.143044,0.0694003
-0.0700033,-0.0700033,-0.0711449,-0.0888532,0.146008,0.0715144
-0.0749658,-0.0749658,-0.0761907,-0.0936311,0.148956,0.073625
-0.0798522,-0.0798522,-0.0811968,-0.0986844,0.151998,0.0757369
-0.0851082,-0.0851082,-0.0865841,-0.104026,0.155058,0.0778311
-0.0901356,-0.0901356,-0.0917141,-0.10877,0.157615,0.0796432
-0.0948733,-0.0948733,-0.0965304,-0.113217,0.160053,0.0814655
-0.0994593,-0.0994593,-0.101175,-0.116494,0.162063,0.0832699
-0.103413,-0.103413,-0.105122,-0.11891,0.163874,0.0849775
-0.107132,-0.107132,-0.108808,-0.120625,0.165556,0.0866839
-0.110425,-0.110425,-0.112062,-0.122476,0.16725,0.0883649
-0.113802,-0.113802,-0.115397,-0.124166,0.169818,0.0900734
-0.117104,-0.117104,-0.118656,-0.125028,0.172555,0.091919
-0.120458,-0.120458,-0.121971,-0.125799,0.176313,0.0937765
-0.12366,-0.12366,-0.125149,-0.127157,0.179851,0.0956364
-0.126931,-0.126931,-0.128464,-0.129381,0.183575,0.0975149
-0.130216,-0.130216,-0.131799,-0.131665,0.187281,0.0993478
-0.133725,-0.133725,-0.135447,-0.134738,0.190978,0.101144
-0.137288,-0.137288,-0.139169,-0.13805,0.19439,0.10291
-0.141505,-0.141505,-0.143548,-0.141569,0.196854,0.104569
-0.145684,-0.145684,-0.147878,-0.145283,0.199376,0.106232
-0.150179,-0.150179,-0.152469,-0.149331,0.201795,0.10781
-0.154541,-0.154541,-0.156929,-0.152763,0.204324,0.109434
-0.158874,-0.158874,-0.161385,-0.15644,0.206486,0.111001
-0.1629,-0.1629,-0.165502,-0.160625,0.208824,0.112566
-0.166553,-0.166553,-0.16928,-0.164439,0.211454,0.114074
-0.170105,-0.170105,-0.172992,-0.168845,0.214058,0.115514
-0.174788,-0.174788,-0.177844,-0.172338,0.217917,0.116804
-0.178574,-0.178574,-0.181787,-0.175757,0.222202,0.117958
-0.181725,-0.181725,-0.185087,-0.179093,0.226793,0.118755
-0.186486,-0.186486,-0.189825,-0.181616,0.230176,0.119312
-0.1916,-0.1916,-0.194969,-0.18376,0.233399,0.119625
-0.196323,-0.196323,-0.199744,-0.188806,0.235169,0.11943
-0.200359,-0.200359,-0.20377,-0.194139,0.236257,0.118967
-0.204248,-0.204248,-0.207614,-0.199488,0.237638,0.118437
-0.208234,-0.208234,-0.211527,-0.205079,0.239978,0.117867
-0.212337,-0.212337,-0.215559,-0.210843,0.242785,0.117261
-0.216276,-0.216276,-0.219507,-0.215831,0.245757,0.116549
-0.220247,-0.220247,-0.223597,-0.220541,0.248749,0.115745
-0.224299,-0.224299,-0.22764,-0.224529,0.251819,0.114856
-0.228312,-0.228312,-0.23159,-0.228395,0.254705,0.113866
-0.231698,-0.231698,-0.234925,-0.232015,0.256877,0.112774
-0.234645,-0.234645,-0.237877,-0.235543,0.258704,0.11169
-0.237303,-0.237303,-0.240478,-0.238758,0.260436,0.110561
-0.240082,-0.240082,-0.24317,-0.241883,0.261736,0.109424
-0.24334,-0.24334,-0.246316,-0.24571,0.263699,0.108299
-0.246194,-0.246194,-0.249125,-0.24966,0.265985,0.107227
-0.248699,-0.248699,-0.251577,-0.254116,0.268787,0.106137
-0.251113,-0.251113,-0.253942,-0.25933,0.271277,0.105005
-0.253816,-0.253816,-0.256668,-0.26328,0.274076,0.104117
-0.256685,-0.256685,-0.259578,-0.266756,0.276817,0.103269
-0.259436,-0.259436,-0.262368,-0.270614,0.279748,0.102396
-0.262269,-0.262269,-0.265213,-0.274798,0.282713,0.101515
-0.265435,-0.265435,-0.26836,-0.279105,0.285232,0.100476
-0.268813,-0.268813,-0.271707,-0.283476,0.287714,0.0994178
-0.27229,-0.27229,-0.275143,-0.287061,0.289736,0.0983672
-0.27602,-0.27602,-0.278847,-0.290515,0.291249,0.0972522
-0.280078,-0.280078,-0.282873,-0.294234,0.293011,0.0961104
-0.284014,-0.284014,-0.286765,-0.299677,0.294881,0.0945824
-0.287706,-0.287706,-0.290379,-0.304334,0.296898,0.0933648
-0.29123,-0.29123,-0.29382,-0.308398,0.299149,0.0922928
-0.294736,-0.294736,-0.297269,-0.311466,0.300926,0.0912398
-0.298037,-0.298037,-0.300538,-0.315312,0.302444,0.0901288
-0.301378,-0.301378,-0.303893,-0.319916,0.303973,0.0888066
-0.304613,-0.304613,-0.307219,-0.32431,0.305236,0.087471
-0.307563,-0.307563,-0.310254,-0.326795,0.306729,0.086488
-0.310655,-0.310655,-0.313412,-0.331159,0.308733,0.0852775
-0.31424,-0.31424,-0.317,-0.335251,0.311072,0.0841433
-0.317635,-0.317635,-0.320484,-0.338334,0.313614,0.0832701
-0.32147,-0.32147,-0.324376,-0.341665,0.31618,0.0824496
-0.325328,-0.325328,-0.328303,-0.345563,0.318697,0.081631
-0.330171,-0.330171,-0.333281,-0.349456,0.321142,0.080784
-0.33472,-0.33472,-0.337875,-0.353198,0.323314,0.0799142
-0.340089,-0.340089,-0.343342,-0.357603,0.325516,0.0789878
-0.344343,-0.344343,-0.347587,-0.366591,0.318692,0.074366
-0.350285,-0.350285,-0.353366,-0.372322,0.311538,0.0697393
-0.356505,-0.356505,-0.359431,-0.37739,0.304302,0.065021
-0.361783,-0.361783,-0.364623,-0.381062,0.297462,0.0602178
-0.367111,-0.367111,-0.369802,-0.386636,0.290516,0.0552378
-0.371774,-0.371774,-0.374312,-0.383373,0.282756,0.0502539
-0.375487,-0.375487,-0.377867,-0.381359,0.277348,0.0452512
-0.378286,-0.378286,-0.380473,-0.379571,0.271772,0.0401524
-0.380778,-0.380778,-0.382702,-0.378252,0.266579,0.0350358
-0.383495,-0.383495,-0.385171,-0.38035,0.262628,0.0300448
-0.385411,-0.385411,-0.386796,-0.380715,0.259258,0.0252661
-0.386679,-0.386679,-0.387786,-0.380856,0.256407,0.0205513
-0.387761,-0.387761,-0.388494,-0.380463,0.253845,0.0160091
-0.38855,-0.38855,-0.389442,-0.379766,0.252475,0.0114988
-0.389385,-0.389385,-0.390461,-0.378771,0.25054,0.00727905
-0.38996,-0.38996,-0.391065,-0.378721,0.249566,0.00310089
-0.390816,-0.390816,-0.391834,-0.378411,0.248731,-0.000857844
-0.392377,-0.392377,-0.393386,-0.376398,0.24719,-0.00468581
-0.393777,-0.393777,-0.394891,-0.375085,0.244837,-0.00841464
-0.394983,-0.394983,-0.396106,-0.375223,0.244412,-0.0120055
-0.396369,-0.396369,-0.397419,-0.377269,0.24579,-0.0155249
-0.398082,-0.398082,-0.399003,-0.377475,0.246689,-0.0190056
-0.399843,-0.399843,-0.400618,-0.379406,0.246368,-0.0223778
-0.401135,-0.401135,-0.401855,-0.382183,0.244848,-0.0262846
-0.402522,-0.402522,-0.403185,-0.384476,0.243101,-0.0302214
-0.40367,-0.40367,-0.404344,-0.386669,0.242011,-0.0342482
-0.404841,-0.404841,-0.405511,-0.388784,0.24086,-0.0384942
-0.40449,-0.40449,-0.405335,-0.390184,0.239762,-0.0426741
-0.403898,-0.403898,-0.404775,-0.389388,0.238957,-0.046522
-0.40341,-0.40341,-0.404292,-0.388392,0.238129,-0.0503696
-0.402636,-0.402636,-0.4035,-0.385295,0.237461,-0.0542559
-0.401427,-0.401427,-0.402319,-0.384566,0.236342,-0.0577618
-0.400789,-0.400789,-0.401712,-0.384077,0.235536,-0.061185
-0.400635,-0.400635,-0.401489,-0.385306,0.235453,-0.0648145
-0.40106,-0.40106,-0.401938,-0.387336,0.235725,-0.0682447
-0.401705,-0.401705,-0.402582,-0.389528,0.235772,-0.0715868
-0.402693,-0.402693,-0.403556,-0.392216,0.236197,-0.0749117
-0.404124,-0.404124,-0.404959,-0.394669,0.236943,-0.0781825
-0.405386,-0.405386,-0.406198,-0.39751,0.237127,-0.0815974
-0.406228,-0.406228,-0.407013,-0.399523,0.234246,-0.0850255
-0.407387,-0.407387,-0.408139,-0.402025,0.231882,-0.0886294
-0.408289,-0.408289,-0.408973,-0.4034,0.229762,-0.092154
-0.40851,-0.40851,-0.409139,-0.405323,0.227908,-0.0957001
-0.408968,-0.408968,-0.409467,-0.406277,0.225878,-0.0992291
-0.408774,-0.408774,-0.409202,-0.407316,0.224299,-0.102579
-0.408297,-0.408297,-0.40861,-0.408656,0.223857,-0.105885
-0.407767,-0.407767,-0.407986,-0.409916,0.223307,-0.109297
-0.407078,-0.407078,-0.407255,-0.411145,0.223156,-0.112589
-0.406537,-0.406537,-0.406679,-0.413323,0.222967,-0.11594
-0.406115,-0.406115,-0.406191,-0.415457,0.223578,-0.119235
-0.406033,-0.406033,-0.406077,-0.417307,0.224269,-0.122508
-0.406248,-0.406248,-0.40618,-0.419625,0.224079,-0.125766
-0.40662,-0.40662,-0.406388,-0.42139,0.224034,-0.128951
-0.406128,-0.406128,-0.405681,-0.423802,0.222171,-0.131981
-0.407072,-0.407072,-0.406403,-0.42514,0.218767,-0.13484
-0.408579,-0.408579,-0.407744,-0.427002,0.215881,-0.137347
-0.408668,-0.408668,-0.40784,-0.42952,0.214066,-0.139593
-0.408591,-0.408591,-0.407724,-0.432921,0.21265,-0.141586
-0.408652,-0.408652,-0.407776,-0.433453,0.212834,-0.143063
-0.409282,-0.409282,-0.408496,-0.433253,0.213339,-0.144261
-0.410086,-0.410086,-0.409457,-0.433082,0.213795,-0.145387
-0.410748,-0.410748,-0.410398,-0.432932,0.213886,-0.146458
-0.411397,-0.411397,-0.411298,-0.432667,0.213471,-0.147486
-0.41202,-0.41202,-0.412075,-0.433194,0.212565,-0.148401
-0.412684,-0.412684,-0.412806,-0.433926,0.211747,-0.149221
-0.413286,-0.413286,-0.413632,-0.435363,0.210981,-0.149954
-0.413715,-0.413715,-0.414293,-0.436799,0.210579,-0.150607
-0.41494,-0.41494,-0.415716,-0.438159,0.210991,-0.151159
-0.416861,-0.416861,-0.41773,-0.439798,0.211628,-0.151744
-0.419318,-0.419318,-0.420251,-0.441653,0.212239,-0.152276
-0.421584,-0.421584,-0.422512,-0.44317,0.21286,-0.152804
-0.423272,-0.423272,-0.424206,-0.444055,0.212835,-0.153342
-0.425101,-0.425101,-0.425996,-0.444831,0.212044,-0.153934
-0.427326,-0.427326,-0.428222,-0.445314,0.210927,-0.154495
-0.429363,-0.429363,-0.430301,-0.445108,0.210018,-0.155007
-0.431601,-0.431601,-0.432538,-0.446108,0.208801,-0.155758
-0.433594,-0.433594,-0.434496,-0.447458,0.207745,-0.156548
-0.435684,-0.435684,-0.436525,-0.448406,0.206529,-0.157322
-0.437777,-0.437777,-0.438574,-0.449059,0.205339,-0.158092
-0.43958,-0.43958,-0.440362,-0.449511,0.204601,-0.158706
-0.441281,-0.441281,-0.442113,-0.450002,0.203934,-0.1593
-0.442827,-0.442827,-0.44378,-0.451416,0.203821,-0.159895
-0.444093,-0.444093,-0.44517,-0.453172,0.204343,-0.160423
-0.445164,-0.445164,-0.446346,-0.454563,0.204781,-0.160962
-0.446231,-0.446231,-0.447529,-0.454212,0.20512,-0.161097
-0.447475,-0.447475,-0.448975,-0.454582,0.205255,-0.161559
-0.448848,-0.448848,-0.450555,-0.455551,0.205155,-0.162148
-0.450028,-0.450028,-0.451998,-0.457508,0.205409,-0.16274
-0.450961,-0.450961,-0.453339,-0.45874,0.20559,-0.163266
-0.451904,-0.451904,-0.454594,-0.459168,0.205711,-0.163583
-0.452859,-0.452859,-0.455719,-0.459849,0.205857,-0.163911
-0.454241,-0.454241,-0.457133,-0.462152,0.205602,-0.164594
-0.455107,-0.455107,-0.458162,-0.462646,0.204678,-0.165029
-0.455805,-0.455805,-0.459022,-0.463296,0.203466,-0.165555
-0.45679,-0.45679,-0.460036,-0.465026,0.20202,-0.166366
-0.458122,-0.458122,-0.461318,-0.466548,0.200583,-0.16725
-0.459463,-0.459463,-0.462485,-0.467871,0.199317,-0.168097
-0.460087,-0.460087,-0.462849,-0.468977,0.198229,-0.168921
-0.460641,-0.460641,-0.46321,-0.470557,0.197451,-0.16972
-0.460304,-0.460304,-0.462653,-0.471305,0.196669,-0.170486
-0.459573,-0.459573,-0.461865,-0.472431,0.196431,-0.17117
-0.459708,-0.459708,-0.462041,-0.473827,0.196263,-0.171683
-0.460096,-0.460096,-0.46242,-0.474756,0.196525,-0.17205
-0.45746,-0.45746,-0.459846,-0.47429,0.196181,-0.172317
-0.454361,-0.454361,-0.456885,-0.473735,0.195884,-0.172394
-0.451213,-0.451213,-0.453804,-0.472644,0.195184,-0.172483
-0.448697,-0.448697,-0.451364,-0.469696,0.192599,-0.172564
-0.446836,-0.446836,-0.449575,-0.466104,0.190254,-0.172665
-0.444776,-0.444776,-0.447544,-0.46204,0.188027,-0.172818
-0.442271,-0.442271,-0.445053,-0.455411,0.186002,-0.172977
-0.439614,-0.439614,-0.442391,-0.451862,0.183402,-0.173104
-0.436907,-0.436907,-0.439623,-0.448153,0.180605,-0.173245
-0.434468,-0.434468,-0.437103,-0.443913,0.177858,-0.173389
-0.432473,-0.432473,-0.435,-0.439429,0.175285,-0.173536
-0.430722,-0.430722,-0.433138,-0.434812,0.172822,-0.173677
-0.428876,-0.428876,-0.431208,-0.429828,0.170383,-0.173784
-0.426859,-0.426859,-0.429158,-0.425687,0.167235,-0.173917
-0.424418,-0.424418,-0.426772,-0.423445,0.164737,-0.174054
-0.421911,-0.421911,-0.424355,-0.421092,0.162202,-0.174199
-0.419555,-0.419555,-0.422135,-0.417386,0.158216,-0.17437
-0.417587,-0.417587,-0.420299,-0.411492,0.152572,-0.17459
-0.415536,-0.415536,-0.418391,-0.406513,0.14764,-0.174808
-0.413555,-0.413555,-0.416579,-0.399446,0.143731,-0.175088
-0.412059,-0.412059,-0.4152,-0.391723,0.141268,-0.174858
-0.410545,-0.410545,-0.413782,-0.383968,0.138964,-0.174628
-0.408792,-0.408792,-0.412039,-0.376916,0.136217,-0.174583
-0.406969,-0.406969,-0.410253,-0.369279,0.13356,-0.174366
-0.405032,-0.405032,-0.408145,-0.361884,0.131077,-0.17432
-0.403138,-0.403138,-0.406137,-0.356205,0.128328,-0.174604
-0.40147,-0.40147,-0.404337,-0.350425,0.125513,-0.174898
-0.399952,-0.399952,-0.402686,-0.346448,0.1225,-0.17515
-0.399138,-0.399138,-0.401736,-0.340666,0.120451,-0.175503
-0.398102,-0.398102,-0.400582,-0.334919,0.118219,-0.175949
-0.396673,-0.396673,-0.399153,-0.328623,0.115675,-0.176167
-0.395319,-0.395319,-0.397776,-0.322367,0.112988,-0.176486
-0.394003,-0.394003,-0.396476,-0.316643,0.110653,-0.17689
-0.39264,-0.39264,-0.395152,-0.310277,0.107928,-0.17727
-0.390604,-0.390604,-0.393167,-0.304285,0.104024,-0.177721
-0.388861,-0.388861,-0.391467,-0.298734,0.100503,-0.17815
-0.387528,-0.387528,-0.390167,-0.294121,0.0990051,-0.178564
-0.386105,-0.386105,-0.388767,-0.288451,0.0971834,-0.178795
-0.384901,-0.384901,-0.387564,-0.283022,0.0949491,-0.179119
-0.384566,-0.384566,-0.38722,-0.276987,0.0924603,-0.17937
-0.383686,-0.383686,-0.386299,-0.271122,0.0901655,-0.179588
-0.383253,-0.383253,-0.38575,-0.264959,0.0876735,-0.179927
-0.382555,-0.382555,-0.38498,-0.258326,0.0849548,-0.180216
-0.38184,-0.38184,-0.384189,-0.251562,0.0822986,-0.180383
-0.380945,-0.380945,-0.383221,-0.244507,0.079335,-0.180586
-0.379627,-0.379627,-0.381816,-0.23713,0.0762852,-0.180757
-0.378226,-0.378226,-0.380336,-0.229562,0.0727907,-0.180931
-0.376485,-0.376485,-0.378519,-0.221756,0.0690552,-0.181117
-0.374795,-0.374795,-0.376801,-0.213849,0.0659116,-0.181264
-0.373003,-0.373003,-0.375002,-0.205862,0.0626879,-0.181425
-0.371045,-0.371045,-0.373082,-0.198107,0.0600617,-0.1816
-0.368932,-0.368932,-0.371012,-0.191499,0.0585501,-0.181839
-0.367153,-0.367153,-0.36923,-0.18447,0.0561952,-0.182092
-0.364827,-0.364827,-0.366904,-0.177553,0.0540221,-0.182362
-0.362267,-0.362267,-0.364344,-0.170146,0.0515937,-0.182654
-0.35971,-0.35971,-0.361735,-0.16268,0.0490452,-0.182948
-0.35734,-0.35734,-0.35927,-0.155687,0.0468303,-0.183263
-0.355024,-0.355024,-0.356826,-0.148663,0.0443573,-0.183592
-0.352854,-0.352854,-0.354435,-0.141404,0.0412606,-0.183943
-0.350821,-0.350821,-0.352218,-0.134124,0.038167,-0.184322
-0.348958,-0.348958,-0.350184,-0.126847,0.0353793,-0.184707
-0.346792,-0.346792,-0.347825,-0.119646,0.0324811,-0.185094
-0.344455,-0.344455,-0.345263,-0.112401,0.0295134,-0.185488
-0.342427,-0.342427,-0.343067,-0.105283,0.0263637,-0.185865
-0.340195,-0.340195,-0.340684,-0.0984819,0.0231151,-0.186243
-0.33759,-0.33759,-0.337988,-0.0914703,0.0200134,-0.1866
-0.334784,-0.334784,-0.335189,-0.0845601,0.0170255,-0.186966
-0.332067,-0.332067,-0.332569,-0.0780513,0.0144882,-0.187326
-0.329601,-0.329601,-0.330226,-0.0714641,0.0119419,-0.187691
-0.327627,-0.327627,-0.328345,-0.0648513,0.0098495,-0.18805
-0.325927,-0.325927,-0.326707,-0.0580321,0.00756158,-0.188414
-0.325383,-0.325383,-0.326175,-0.0563789,0.00117011,-0.189108
-0.325078,-0.325078,-0.325834,-0.0572504,-0.00742337,-0.189775
-0.325925,-0.325925,-0.326632,-0.0617405,-0.0198302,-0.190298
-0.326907,-0.326906,-0.327593,-0.0695075,-0.0360675,-0.190496
-0.327821,-0.327821,-0.328472,-0.0775521,-0.0533165,-0.19086
-0.328736,-0.328736,-0.329351,-0.0856974,-0.0707053,-0.191293
-0.329865,-0.329865,-0.330382,-0.0937602,-0.0878427,-0.191883
-0.331314,-0.331314,-0.331668,-0.101665,-0.104864,-0.192538
-0.332964,-0.332964,-0.333148,-0.109356,-0.121611,-0.19335
-0.334703,-0.334703,-0.334746,-0.117085,-0.138464,-0.194176
-0.337192,-0.337192,-0.337091,-0.124756,-0.155098,-0.195162
-0.339926,-0.339926,-0.339634,-0.132431,-0.171618,-0.196173
-0.343363,-0.343363,-0.342878,-0.13983,-0.188345,-0.197251
-0.34762,-0.34762,-0.346874,-0.147377,-0.204822,-0.198344
-0.352902,-0.352902,-0.351737,-0.155054,-0.220712,-0.199418
-0.358282,-0.358282,-0.356759,-0.162816,-0.236537,-0.200466
-0.363771,-0.363771,-0.361946,-0.170516,-0.252184,-0.201474
-0.369194,-0.369194,-0.367219,-0.178565,-0.267607,-0.202477
-0.375061,-0.375061,-0.37285,-0.186571,-0.282908,-0.203491
-0.380564,-0.380564,-0.378187,-0.194719,-0.298253,-0.204466
-0.386031,-0.386031,-0.383525,-0.202783,-0.313592,-0.205423
-0.390595,-0.390595,-0.388071,-0.21074,-0.329126,-0.206368
-0.395101,-0.395101,-0.392681,-0.218329,-0.344865,-0.207343
-0.399186,-0.399186,-0.396901,-0.226126,-0.360695,-0.208324
-0.403836,-0.403836,-0.401725,-0.233632,-0.376565,-0.209311
-0.408743,-0.408743,-0.406767,-0.241355,-0.392295,-0.210274
-0.412773,-0.412773,-0.410894,-0.249079,-0.40753,-0.211248
-0.416243,-0.416243,-0.414434,-0.256771,-0.422411,-0.212233
-0.419213,-0.419213,-0.417529,-0.264609,-0.437215,-0.213193
-0.424913,-0.424913,-0.423238,-0.274196,-0.451378,-0.214143
-0.431192,-0.431192,-0.429365,-0.284398,-0.465804,-0.214988
-0.438166,-0.438166,-0.436258,-0.295544,-0.480021,-0.215741
-0.445167,-0.445167,-0.443231,-0.307036,-0.49412,-0.21646
-0.452197,-0.452197,-0.450254,-0.318888,-0.507902,-0.217162
-0.459772,-0.459772,-0.457714,-0.331352,-0.521759,-0.217849
-0.467499,-0.467499,-0.465378,-0.344136,-0.535607,-0.218531
-0.475267,-0.475267,-0.473111,-0.355798,-0.549014,-0.219267
-0.482818,-0.482818,-0.480641,-0.367808,-0.562456,-0.219977
-0.490211,-0.490211,-0.48805,-0.380244,-0.576106,-0.220659
-0.497561,-0.497561,-0.4954,-0.392858,-0.589657,-0.221337
-0.504893,-0.504893,-0.502773,-0.405909,-0.60339,-0.222009
-0.512457,-0.512457,-0.510395,-0.419368,-0.617059,-0.222678
-0.520224,-0.520224,-0.518207,-0.432951,-0.630722,-0.223339
-0.528151,-0.528151,-0.526169,-0.446758,-0.644288,-0.224014
-0.535868,-0.535868,-0.533905,-0.460671,-0.657812,-0.224678
-0.543579,-0.543579,-0.541651,-0.474586,-0.671404,-0.225324
-0.551148,-0.551148,-0.54925,-0.488543,-0.685008,-0.225949
-0.558661,-0.558661,-0.556783,-0.502585,-0.698642,-0.226571
-0.566229,-0.566229,-0.564371,-0.516771,-0.712192,-0.227175
-0.573504,-0.573504,-0.571657,-0.530988,-0.725713,-0.22777
-0.581195,-0.581195,-0.579426,-0.545292,-0.739495,-0.228378
-0.589296,-0.589296,-0.587608,-0.559698,-0.75326,-0.228988
-0.597819,-0.597818,-0.596203,-0.574135,-0.766949,-0.229601
-0.606586,-0.606586,-0.60504,-0.588557,-0.780739,-0.230212
-0.61535,-0.61535,-0.613843,-0.603006,-0.794346,-0.230825
-0.623801,-0.623801,-0.622317,-0.617458,-0.807876,-0.231436
-0.631947,-0.631947,-0.630502,-0.631978,-0.821326,-0.232023
-0.63986,-0.639859,-0.638446,-0.646484,-0.834902,-0.2326
-0.64753,-0.64753,-0.646157,-0.661077,-0.848517,-0.233175
-0.65532,-0.65532,-0.653991,-0.675684,-0.862111,-0.233753
-0.663289,-0.663289,-0.661991,-0.690328,-0.875658,-0.234326
-0.67137,-0.67137,-0.670113,-0.704927,-0.889244,-0.234905
-0.679632,-0.679632,-0.678406,-0.71951,-0.902816,-0.235502
-0.687996,-0.687996,-0.686825,-0.734078,-0.916537,-0.236108
-0.696141,-0.69614,-0.695026,-0.748727,-0.930062,-0.236706
-0.704289,-0.704289,-0.703266,-0.763339,-0.943563,-0.237333
-0.7124,-0.7124,-0.71143,-0.777884,-0.956794,-0.237972
-0.720218,-0.720218,-0.719276,-0.792594,-0.96966,-0.238652
-0.726146,-0.726146,-0.725219,-0.807456,-0.982158,-0.239308
-0.732101,-0.732101,-0.731008,-0.822261,-0.994642,-0.23997
-0.737838,-0.737838,-0.736503,-0.836941,-1.00786,-0.240698
-0.743636,-0.743636,-0.742162,-0.851489,-1.0213,-0.241399
-0.750243,-0.750243,-0.748719,-0.86591,-1.03454,-0.242092
-0.757051,-0.757051,-0.755549,-0.880254,-1.04802,-0.24279
-0.764411,-0.764411,-0.763008,-0.894579,-1.06148,-0.243515
-0.771575,-0.771575,-0.770231,-0.908904,-1.07503,-0.244241
-0.778468,-0.778468,-0.777145,-0.923253,-1.08835,-0.244971
-0.785363,-0.785363,-0.784054,-0.937572,-1.10146,-0.245699
-0.792504,-0.792504,-0.791113,-0.951908,-1.11494,-0.246431
-0.799718,-0.799718,-0.7983,-0.966246,-1.12877,-0.247156
-0.80689,-0.80689,-0.805485,-0.980605,-1.14256,-0.247858
-0.813501,-0.813501,-0.812109,-0.995007,-1.15605,-0.248509
-0.819847,-0.819847,-0.818468,-1.00949,-1.16921,-0.249145
-0.826196,-0.826196,-0.824826,-1.0239,-1.1823,-0.249774
-0.833172,-0.833172,-0.831694,-1.03837,-1.1958,-0.250412
-0.840287,-0.840287,-0.838765,-1.05282,-1.2094,-0.251038
-0.847224,-0.847224,-0.845708,-1.06723,-1.22284,-0.251679
-0.853995,-0.853995,-0.852489,-1.08155,-1.23619,-0.252331
-0.860324,-0.860324,-0.858821,-1.09588,-1.24894,-0.25294
-0.866508,-0.866508,-0.86501,-1.11018,-1.2616,-0.253556
-0.872912,-0.872912,-0.871421,-1.12453,-1.27429,-0.254177
-0.879492,-0.879492,-0.878006,-1.13892,-1.28706,-0.254797
-0.886108,-0.886108,-0.88462,-1.15328,-1.29975,-0.255398
-0.892845,-0.892845,-0.891356,-1.16765,-1.31241,-0.256009
-0.899822,-0.899822,-0.89813,-1.18208,-1.32492,-0.256616
-0.906923,-0.906923,-0.905103,-1.1965,-1.33835,-0.257244
-0.914212,-0.914212,-0.912374,-1.21094,-1.35224,-0.257881
-0.921365,-0.921365,-0.919519,-1.22539,-1.36615,-0.258497
-0.928582,-0.928582,-0.926721,-1.23983,-1.37987,-0.259131
-0.935502,-0.935502,-0.933621,-1.25428,-1.39345,-0.259788
-0.941523,-0.941523,-0.939638,-1.26344,-1.40298,-0.260142
-0.946804,-0.946804,-0.944945,-1.27015,-1.41046,-0.260518
-0.950969,-0.950969,-0.949186,-1.27334,-1.4144,-0.261017
-0.954947,-0.954947,-0.953239,-1.27326,-1.41457,-0.261844
-0.95895,-0.95895,-0.957339,-1.27286,-1.41375,-0.262491
-0.962982,-0.962982,-0.961476,-1.27244,-1.41273,-0.263055
-0.966778,-0.966778,-0.965388,-1.27197,-1.41201,-0.263473
-0.970486,-0.970486,-0.969222,-1.27151,-1.41158,-0.263838
-0.974055,-0.974055,-0.97291,-1.27108,-1.41158,-0.264015
-0.97734,-0.97734,-0.976302,-1.2708,-1.41154,-0.264143
-0.979841,-0.979841,-0.978897,-1.2707,-1.41174,-0.264157
-0.982188,-0.982188,-0.981347,-1.27072,-1.41201,-0.264126
-0.983835,-0.983835,-0.983065,-1.27103,-1.41204,-0.264048
-0.984746,-0.984746,-0.984027,-1.27121,-1.41224,-0.263966
-0.985008,-0.985008,-0.984346,-1.27112,-1.41293,-0.263883
-0.98517,-0.98517,-0.984558,-1.27091,-1.41374,-0.263817
-0.985216,-0.985216,-0.984668,-1.27076,-1.41451,-0.263694
-0.985164,-0.985164,-0.984671,-1.27052,-1.41537,-0.263574
-0.984903,-0.984903,-0.984444,-1.27017,-1.41627,-0.263509
-0.984719,-0.984719,-0.984299,-1.26977,-1.41718,-0.26348
-0.984552,-0.984552,-0.984176,-1.26946,-1.41802,-0.263388
-0.984596,-0.984596,-0.984245,-1.26925,-1.41866,-0.263277
-0.984653,-0.984653,-0.984339,-1.26905,-1.41923,-0.263156
-0.984802,-0.984802,-0.984512,-1.26893,-1.41974,-0.263012
-0.984525,-0.984525,-0.984238,-1.2688,-1.42023,-0.262876
-0.983966,-0.983966,-0.983686,-1.26859,-1.42091,-0.262742
-0.984403,-0.984403,-0.984153,-1.26825,-1.42217,-0.262593
-0.984998,-0.984998,-0.984784,-1.2679,-1.42372,-0.262453
-0.985768,-0.985768,-0.985576,-1.26771,-1.42547,-0.262332
-0.986744,-0.986744,-0.98657,-1.26744,-1.4273,-0.262247
-0.987172,-0.987172,-0.98718,-1.26715,-1.42855,-0.262206
-0.98728,-0.98728,-0.987395,-1.26684,-1.42969,-0.262177
-0.987283,-0.987283,-0.987458,-1.26657,-1.43077,-0.262157
-0.987209,-0.987209,-0.987426,-1.26627,-1.43205,-0.262145
-0.98678,-0.98678,-0.987145,-1.26586,-1.43315,-0.262173
-0.986319,-0.986319,-0.986785,-1.26542,-1.43418,-0.262197
-0.985785,-0.985785,-0.98631,-1.26517,-1.43509,-0.262212
-0.985409,-0.985409,-0.985982,-1.26491,-1.43588,-0.262268
-0.985121,-0.985121,-0.985723,-1.26478,-1.4363,-0.262432
-0.984908,-0.984908,-0.985538,-1.26463,-1.43667,-0.262654
-0.984739,-0.984739,-0.985359,-1.26438,-1.43676,-0.262985
-0.984482,-0.984482,-0.985082,-1.26399,-1.43694,-0.263378
-0.984289,-0.984289,-0.984876,-1.26348,-1.43706,-0.263909
-0.984259,-0.984259,-0.984835,-1.26296,-1.43723,-0.26445
-0.984897,-0.984897,-0.985505,-1.2624,-1.43735,-0.26506
-0.985601,-0.985601,-0.98622,-1.26187,-1.43737,-0.265701
-0.98634,-0.98634,-0.986959,-1.26136,-1.43731,-0.266368
-0.987097,-0.987097,-0.987727,-1.26083,-1.43724,-0.267056
-0.987838,-0.987838,-0.988471,-1.2601,-1.43727,-0.267806
-0.988706,-0.988706,-0.989367,-1.25931,-1.43732,-0.268594
-0.989101,-0.989101,-0.989726,-1.25863,-1.43703,-0.269355
-0.989193,-0.989193,-0.989783,-1.25793,-1.43676,-0.270118
-0.988946,-0.988946,-0.989509,-1.25719,-1.43652,-0.270919
-0.98866,-0.98866,-0.989171,-1.25638,-1.43619,-0.271769
-0.988488,-0.988488,-0.988996,-1.25557,-1.43603,-0.272644
-0.988557,-0.988557,-0.989098,-1.25482,-1.43588,-0.273515
-0.989128,-0.989128,-0.98969,-1.25391,-1.43582,-0.274445
-0.989872,-0.989872,-0.990443,-1.25292,-1.43564,-0.275427
-0.991167,-0.991167,-0.991711,-1.25181,-1.43531,-0.276477
-0.992471,-0.992471,-0.992995,-1.25074,-1.43492,-0.277534
-0.993531,-0.993531,-0.994048,-1.24938,-1.43457,-0.278721
-0.994428,-0.994428,-0.99494,-1.24796,-1.43417,-0.279952
-0.99489,-0.99489,-0.99541,-1.24641,-1.43367,-0.28127
-0.995281,-0.995281,-0.995781,-1.24484,-1.433,-0.282623
-0.996435,-0.996435,-0.996916,-1.24301,-1.43253,-0.284069
-0.997533,-0.997533,-0.997972,-1.2411,-1.43208,-0.285529
-0.998,-0.998,-0.998422,-1.23903,-1.43179,-0.287049
-0.998569,-0.998569,-0.998985,-1.2368,-1.43185,-0.288548
-1.00084,-1.00084,-1.00124,-1.23447,-1.43219,-0.290091
-1.00351,-1.00351,-1.0041,-1.2322,-1.43258,-0.291646
-1.0072,-1.0072,-1.00806,-1.23009,-1.4322,-0.293168
-1.01095,-1.01095,-1.01199,-1.2281,-1.43154,-0.294709
-1.01396,-1.01396,-1.01509,-1.22628,-1.43108,-0.296267
-1.01685,-1.01685,-1.01798,-1.22454,-1.43037,-0.297821
-1.01954,-1.01954,-1.0206,-1.22276,-1.42971,-0.299378
-1.02241,-1.02241,-1.02345,-1.22097,-1.42893,-0.300932
-1.02613,-1.02613,-1.02719,-1.2192,-1.42841,-0.302484
-1.02978,-1.02978,-1.03086,-1.2175,-1.42809,-0.304033
-1.03318,-1.03318,-1.03437,-1.21583,-1.42744,-0.305565
-1.03642,-1.03642,-1.03767,-1.2142,-1.42647,-0.307096
-1.03922,-1.03922,-1.04049,-1.21252,-1.42556,-0.30862
-1.04236,-1.04236,-1.04365,-1.21087,-1.42491,-0.310165
-1.04602,-1.04602,-1.04733,-1.20927,-1.42461,-0.311701
-1.04973,-1.04973,-1.05107,-1.20775,-1.42436,-0.313228
-1.05304,-1.05304,-1.05452,-1.20613,-1.42373,-0.314774
-1.05603,-1.05603,-1.0576,-1.20448,-1.42298,-0.316328
-1.05886,-1.05886,-1.06047,-1.20283,-1.42239,-0.31787
-1.06186,-1.06186,-1.06349,-1.20123,-1.42187,-0.319395
-1.06511,-1.06511,-1.06677,-1.19965,-1.4219,-0.320936
-1.06854,-1.06854,-1.07022,-1.19812,-1.42195,-0.322467
-1.07189,-1.07189,-1.07358,-1.19652,-1.42198,-0.323992
-1.07531,-1.07531,-1.07701,-1.19483,-1.42199,-0.325544
-1.07845,-1.07845,-1.08018,-1.19324,-1.42209,-0.327086
-1.08161,-1.08161,-1.08337,-1.19169,-1.42222,-0.328603
-1.08452,-1.08452,-1.08648,-1.19014,-1.42256,-0.330091
-1.08717,-1.08717,-1.08926,-1.18868,-1.42205,-0.331519
-1.08956,-1.08956,-1.09169,-1.18735,-1.42119,-0.332879
-1.09194,-1.09194,-1.09409,-1.18619,-1.42045,-0.334142
-1.09394,-1.09394,-1.09614,-1.18526,-1.42007,-0.335246
-1.09576,-1.09576,-1.098,-1.18455,-1.41982,-0.336225
-1.09727,-1.09727,-1.09954,-1.18424,-1.41962,-0.336984
-1.09865,-1.09865,-1.10095,-1.18402,-1.41941,-0.337654
-1.09972,-1.09972,-1.10202,-1.18387,-1.41933,-0.338194
-1.10057,-1.10057,-1.10287,-1.18377,-1.41931,-0.338653
-1.10094,-1.10094,-1.10323,-1.18385,-1.41942,-0.338999
-1.10102,-1.10102,-1.10329,-1.18394,-1.41965,-0.339312
-1.10092,-1.10092,-1.10319,-1.18405,-1.41993,-0.33958
-1.10026,-1.10026,-1.1025,-1.18441,-1.42008,-0.339737
-1.09917,-1.09917,-1.10136,-1.18476,-1.42036,-0.339793
-1.09806,-1.09806,-1.10021,-1.18501,-1.42083,-0.339801
-1.09684,-1.09684,-1.09896,-1.18514,-1.42132,-0.339735
-1.09548,-1.09548,-1.09758,-1.18525,-1.42185,-0.339604
-1.09416,-1.09416,-1.09624,-1.18529,-1.42246,-0.339443
-1.0929,-1.0929,-1.09499,-1.18534,-1.42305,-0.33925
-1.09173,-1.09173,-1.0938,-1.18551,-1.42339,-0.339058
-1.09035,-1.09035,-1.0924,-1.18578,-1.42359,-0.338839
-1.08866,-1.08866,-1.09067,-1.18598,-1.42379,-0.338664
-1.08688,-1.08688,-1.08887,-1.1862,-1.42402,-0.338471
-1.08501,-1.08501,-1.08697,-1.18648,-1.42427,-0.338202
-1.08291,-1.08291,-1.08483,-1.18679,-1.42452,-0.337908
-1.08059,-1.08059,-1.08248,-1.18704,-1.42476,-0.337661
-1.07812,-1.07812,-1.07999,-1.18729,-1.42498,-0.337392
-1.07581,-1.07581,-1.07764,-1.18754,-1.42522,-0.337093
-1.07349,-1.07349,-1.07529,-1.18774,-1.42543,-0.336804
-1.07134,-1.07134,-1.07313,-1.18792,-1.42548,-0.33649
-1.06934,-1.06934,-1.07111,-1.18813,-1.42551,-0.336166
-1.06716,-1.06716,-1.0689,-1.18843,-1.42541,-0.335838
-1.06503,-1.06503,-1.06673,-1.18873,-1.42532,-0.335506
-1.06278,-1.06278,-1.06445,-1.18899,-1.42528,-0.335165
-1.0606,-1.0606,-1.06223,-1.18927,-1.42522,-0.334789
-1.05852,-1.05852,-1.0601,-1.18952,-1.42516,-0.334399
-1.05636,-1.05636,-1.05792,-1.1898,-1.42504,-0.334006
-1.05423,-1.05423,-1.05574,-1.19006,-1.42494,-0.333594
-1.05221,-1.05221,-1.05369,-1.19035,-1.42483,-0.33316
-1.05018,-1.05018,-1.05163,-1.19076,-1.42465,-0.332685
-1.04824,-1.04824,-1.04964,-1.19116,-1.42454,-0.33221
-1.04635,-1.04635,-1.04771,-1.19145,-1.42457,-0.331754
-1.04454,-1.04454,-1.04587,-1.1917,-1.42467,-0.331277
-1.04264,-1.04264,-1.04392,-1.19186,-1.42511,-0.330667
-1.04058,-1.04058,-1.04184,-1.19206,-1.42565,-0.32998
-1.03837,-1.03837,-1.0396,-1.19239,-1.42631,-0.329179
-1.0361,-1.0361,-1.03732,-1.19277,-1.42711,-0.328309
-1.03376,-1.03376,-1.03496,-1.19331,-1.42803,-0.327279
-1.03106,-1.03106,-1.03224,-1.19383,-1.42905,-0.326235
-1.02794,-1.02794,-1.02907,-1.19439,-1.43016,-0.325124
-1.02475,-1.02475,-1.02583,-1.19503,-1.43116,-0.323957
-1.02167,-1.02167,-1.02273,-1.19569,-1.43209,-0.32275
-1.01864,-1.01864,-1.01968,-1.19639,-1.43303,-0.321545
-1.01573,-1.01573,-1.01674,-1.19722,-1.43403,-0.320255
-1.01284,-1.01284,-1.01382,-1.19807,-1.43512,-0.318918
-1.00991,-1.00991,-1.01086,-1.19878,-1.43632,-0.317594
-1.0069,-1.0069,-1.00779,-1.19947,-1.43755,-0.316265
-1.00384,-1.00384,-1.00469,-1.20024,-1.43883,-0.314906
-1.00061,-1.00061,-1.00142,-1.20117,-1.43996,-0.31352
-0.99743,-0.99743,-0.998192,-1.20215,-1.44111,-0.312102
-0.994045,-0.994045,-0.994741,-1.20309,-1.44233,-0.310692
-0.990198,-0.990198,-0.990847,-1.20414,-1.44355,-0.309223
-0.986414,-0.986414,-0.987016,-1.20525,-1.44484,-0.307736
-0.982275,-0.982275,-0.982862,-1.20645,-1.44621,-0.306176
-0.978044,-0.978044,-0.978605,-1.20759,-1.44765,-0.304602
-0.973834,-0.973834,-0.974364,-1.20899,-1.44916,-0.3029
-0.969629,-0.969629,-0.970117,-1.21045,-1.45074,-0.301152
-0.965868,-0.965868,-0.966306,-1.21208,-1.4524,-0.299304
-0.962195,-0.962195,-0.962593,-1.21376,-1.45411,-0.297427
-0.957908,-0.957908,-0.958262,-1.21559,-1.45582,-0.295485
-0.953688,-0.953688,-0.954005,-1.21755,-1.45748,-0.293516
-0.950122,-0.950122,-0.950415,-1.21969,-1.45926,-0.291481
-0.946657,-0.946657,-0.946924,-1.22184,-1.46108,-0.289433
-0.9432,-0.9432,-0.943456,-1.22395,-1.46297,-0.287361
-0.939374,-0.939374,-0.939616,-1.22608,-1.46483,-0.285293
-0.934807,-0.934807,-0.93504,-1.22814,-1.46669,-0.283222
-0.93016,-0.93016,-0.930366,-1.2302,-1.46853,-0.281139
-0.925559,-0.925559,-0.925727,-1.2322,-1.4704,-0.279075
-0.92087,-0.92087,-0.921004,-1.23418,-1.47229,-0.277008
-0.916131,-0.916131,-0.916241,-1.23632,-1.47406,-0.274805
-0.911276,-0.911276,-0.911351,-1.23849,-1.47585,-0.272477
-0.906138,-0.906138,-0.906156,-1.24061,-1.47768,-0.270045
-0.900988,-0.900988,-0.900963,-1.24283,-1.47955,-0.267333
-0.89599,-0.89599,-0.895947,-1.2454,-1.48031,-0.26379
-0.891119,-0.891119,-0.891048,-1.24767,-1.48025,-0.259703
-0.886588,-0.886588,-0.886527,-1.24935,-1.47919,-0.255121
-0.88204,-0.88204,-0.882029,-1.24772,-1.47591,-0.249434
-0.877079,-0.877079,-0.877094,-1.24197,-1.46976,-0.242922
-0.871967,-0.871967,-0.872002,-1.2345,-1.46203,-0.236117
-0.866725,-0.866725,-0.866767,-1.22523,-1.45278,-0.229108
-0.861022,-0.861022,-0.861069,-1.21327,-1.44102,-0.221873
-0.855198,-0.855198,-0.855255,-1.20024,-1.42833,-0.214576
-0.848412,-0.848412,-0.848472,-1.18629,-1.41424,-0.207271
-0.841177,-0.841177,-0.84124,-1.17194,-1.39987,-0.200012
-0.833566,-0.833566,-0.833648,-1.15749,-1.38491,-0.192826
-0.825558,-0.825558,-0.82568,-1.14292,-1.36985,-0.185678
-0.816732,-0.816732,-0.816866,-1.12802,-1.35478,-0.178518
-0.80788,-0.80788,-0.808007,-1.11282,-1.33965,-0.171378
-0.798656,-0.798656,-0.798762,-1.09761,-1.32474,-0.164268
-0.78943,-0.78943,-0.789528,-1.0822,-1.30994,-0.157164
-0.780178,-0.780178,-0.780263,-1.06666,-1.29527,-0.150019
-0.771005,-0.771005,-0.771064,-1.05108,-1.28064,-0.142962
-0.761882,-0.761882,-0.761917,-1.0356,-1.26626,-0.136017
-0.752906,-0.752906,-0.752896,-1.01993,-1.25182,-0.12923
-0.744258,-0.744258,-0.744231,-1.00404,-1.23762,-0.122565
-0.736291,-0.736291,-0.736218,-0.987909,-1.22316,-0.116113
-0.728554,-0.728554,-0.728432,-0.97173,-1.2086,-0.109769
-0.721228,-0.721228,-0.721076,-0.95541,-1.19377,-0.103579
-0.714404,-0.714404,-0.714213,-0.938861,-1.17873,-0.0974582
-0.708175,-0.708175,-0.707959,-0.922193,-1.16363,-0.0914641
-0.702035,-0.702035,-0.701793,-0.905507,-1.1487,-0.0855219
-0.695894,-0.695894,-0.695629,-0.888791,-1.13384,-0.0796175
-0.690265,-0.690265,-0.689991,-0.871771,-1.11912,-0.0738198
-0.685123,-0.685123,-0.684839,-0.854741,-1.1042,-0.068154
-0.680081,-0.680081,-0.679804,-0.837779,-1.08932,-0.0625331
-0.674321,-0.674321,-0.674067,-0.820795,-1.07482,-0.0569618
-0.668249,-0.668249,-0.668002,-0.803704,-1.0605,-0.0514503
-0.661857,-0.661857,-0.661643,-0.786592,-1.04642,-0.0459654
-0.655198,-0.655198,-0.654992,-0.769487,-1.0325,-0.0405202
-0.648032,-0.648032,-0.647857,-0.752377,-1.01885,-0.035104
-0.64089,-0.64089,-0.640764,-0.735175,-1.00531,-0.0297121
-0.634018,-0.634018,-0.633924,-0.718083,-0.991764,-0.0243474
-0.62719,-0.62719,-0.627111,-0.701053,-0.978177,-0.0190039
-0.620827,-0.620827,-0.620764,-0.683997,-0.964347,-0.0137123
-0.614734,-0.614734,-0.614692,-0.666913,-0.9506,-0.00846065
-0.609065,-0.609065,-0.609043,-0.649769,-0.936778,-0.00322675
-0.603448,-0.603448,-0.603448,-0.632604,-0.923081,0.00196465
-0.597516,-0.597516,-0.597535,-0.615394,-0.909386,0.00711212
-0.59133,-0.59133,-0.591369,-0.598431,-0.896022,0.0122412
-0.585233,-0.585233,-0.585278,-0.581439,-0.882889,0.0173681
-0.578908,-0.578908,-0.578955,-0.564549,-0.869834,0.0224832
-0.57266,-0.57266,-0.572726,-0.547498,-0.856815,0.0276083
-0.5664,-0.5664,-0.56649,-0.530443,-0.843885,0.0327049
-0.560217,-0.560217,-0.560334,-0.513519,-0.83085,0.0377743
-0.553995,-0.553995,-0.554159,-0.496608,-0.817729,0.0428355
-0.54797,-0.54797,-0.54818,-0.479662,-0.804554,0.0478979
-0.542167,-0.542167,-0.542396,-0.462895,-0.791288,0.0529071
-0.536143,-0.536143,-0.53638,-0.446593,-0.778284,0.0577158
-0.52994,-0.52994,-0.530185,-0.430679,-0.765295,0.0624556
-0.523651,-0.523651,-0.523925,-0.414937,-0.752382,0.0671637
-0.517338,-0.517338,-0.517641,-0.399224,-0.739554,0.0718471
-0.510922,-0.510922,-0.511259,-0.383537,-0.726816,0.0765798
-0.504495,-0.504495,-0.504873,-0.36755,-0.714099,0.081334
-0.498044,-0.498044,-0.498462,-0.351513,-0.701141,0.0861163
-0.491802,-0.491802,-0.492237,-0.335705,-0.687979,0.0909732
-0.485655,-0.485655,-0.486106,-0.319961,-0.674701,0.0958614
-0.47961,-0.47961,-0.48008,-0.304845,-0.661278,0.10073
-0.473591,-0.473591,-0.474082,-0.289869,-0.647936,0.105544
-0.467797,-0.467797,-0.468305,-0.274939,-0.634655,0.110422
-0.461858,-0.461858,-0.462386,-0.260564,-0.621492,0.115338
-0.455889,-0.455889,-0.456452,-0.246964,-0.608326,0.120247
-0.449725,-0.449725,-0.450323,-0.233371,-0.595227,0.125121
-0.443535,-0.443535,-0.444164,-0.218672,-0.582139,0.130084
-0.437167,-0.437167,-0.437822,-0.203977,-0.568963,0.134998
-0.430831,-0.430831,-0.431497,-0.18913,-0.55573,0.139794
-0.424623,-0.424623,-0.425317,-0.17378,-0.542534,0.144646
-0.418547,-0.418547,-0.419293,-0.157827,-0.529379,0.149593
-0.412421,-0.412421,-0.41323,-0.141602,-0.516256,0.154578
-0.406427,-0.406427,-0.40727,-0.125087,-0.503248,0.159618
-0.400474,-0.400474,-0.401347,-0.108576,-0.49017,0.164659
-0.394396,-0.394396,-0.395307,-0.0919637,-0.477285,0.16972
-0.388405,-0.388405,-0.389336,-0.0753221,-0.464348,0.174777
-0.38232,-0.38232,-0.383296,-0.0586541,-0.451421,0.179864
-0.376292,-0.376292,-0.37731,-0.0421034,-0.438574,0.184936
-0.370185,-0.370185,-0.371245,-0.025547,-0.425718,0.189975
-0.364115,-0.364115,-0.36521,-0.0088995,-0.412837,0.195019
-0.358181,-0.358181,-0.359313,0.00804052,-0.399931,0.20007
-0.352134,-0.352134,-0.353315,0.0250219,-0.387022,0.205084
-0.346033,-0.346033,-0.347265,0.0421469,-0.374208,0.210072
-0.339916,-0.339916,-0.341188,0.0593562,-0.3615,0.215055
-0.33376,-0.33376,-0.335081,0.0764651,-0.348619,0.220036
-0.327597,-0.327597,-0.328965,0.0935464,-0.335678,0.225014
-0.321489,-0.321489,-0.322904,0.110543,-0.322684,0.229989
-0.315309,-0.315309,-0.316773,0.127489,-0.309709,0.234953
-0.309194,-0.309194,-0.310703,0.144535,-0.29668,0.239932
-0.303153,-0.303153,-0.304702,0.161559,-0.283765,0.244914
-0.296893,-0.296893,-0.298487,0.178582,-0.270967,0.249876
-0.290632,-0.290632,-0.292273,0.195559,-0.258092,0.254844
-0.284576,-0.284576,-0.286271,0.212465,-0.245147,0.259809
-0.278605,-0.278605,-0.280345,0.229499,-0.232264,0.264652
-0.272745,-0.272745,-0.274532,0.246654,-0.219357,0.269406
-0.266912,-0.266912,-0.268749,0.263929,-0.206409,0.274044
-0.261042,-0.261042,-0.26291,0.281274,-0.193526,0.278378
-0.255126,-0.255126,-0.257,0.29905,-0.181726,0.281874
-0.24903,-0.24903,-0.25093,0.316303,-0.170667,0.284824
-0.242752,-0.242752,-0.24465,0.332902,-0.160526,0.287277
-0.236415,-0.236415,-0.238252,0.34639,-0.152634,0.288619
-0.230578,-0.230578,-0.23238,0.355862,-0.147558,0.289108
-0.224848,-0.224848,-0.226623,0.363625,-0.144129,0.289305
-0.21926,-0.21926,-0.221011,0.36952,-0.142192,0.289321
-0.214331,-0.214331,-0.216054,0.372623,-0.142662,0.289115
-0.209698,-0.209698,-0.211398,0.374561,-0.144098,0.288852
-0.205874,-0.205874,-0.207567,0.375577,-0.147013,0.288586
-0.202495,-0.202495,-0.204175,0.376237,-0.150151,0.288358
-0.199474,-0.199474,-0.201121,0.376797,-0.15396,0.288192
-0.196899,-0.196899,-0.198508,0.37718,-0.157852,0.288059
-0.195114,-0.195114,-0.196704,0.3772,-0.161734,0.288006
-0.193314,-0.193314,-0.194908,0.376861,-0.165708,0.287951
-0.191731,-0.191731,-0.193345,0.3764,-0.169419,0.287886
-0.190237,-0.190237,-0.191881,0.375648,-0.172914,0.287818
-0.188812,-0.188812,-0.190485,0.374418,-0.176152,0.287691
-0.187274,-0.187274,-0.188996,0.372628,-0.179367,0.287578
-0.185689,-0.185689,-0.187445,0.3702,-0.182167,0.287452
-0.184013,-0.184013,-0.185794,0.366818,-0.185062,0.287256
-0.182155,-0.182154,-0.183961,0.363135,-0.187848,0.287105
-0.180086,-0.180086,-0.181938,0.359676,-0.190661,0.287017
-0.17795,-0.17795,-0.179845,0.35634,-0.19348,0.286987
-0.17597,-0.17597,-0.177893,0.352906,-0.1962,0.286974
-0.173623,-0.173623,-0.175586,0.3493,-0.19917,0.286961
-0.17102,-0.17102,-0.173018,0.34571,-0.202147,0.286953
-0.168731,-0.168731,-0.170772,0.341935,-0.204799,0.286947
-0.166418,-0.166418,-0.168498,0.338125,-0.207419,0.28694
-0.163938,-0.163938,-0.166049,0.334331,-0.209912,0.286936
-0.161506,-0.161506,-0.163652,0.330588,-0.212373,0.286932
-0.158911,-0.158911,-0.161091,0.327265,-0.214811,0.286954
-0.157325,-0.157325,-0.159532,0.323705,-0.216731,0.286976
-0.156133,-0.156133,-0.158363,0.320023,-0.218561,0.286978
-0.155186,-0.155186,-0.15744,0.316217,-0.220138,0.286975
-0.154751,-0.154751,-0.157038,0.312208,-0.221433,0.286963
-0.154721,-0.154721,-0.157022,0.308276,-0.222509,0.286952
-0.154717,-0.154717,-0.157004,0.30429,-0.22352,0.286931
-0.154868,-0.154868,-0.157158,0.30048,-0.224451,0.286921
-0.155293,-0.155293,-0.157592,0.297239,-0.225303,0.286951
-0.155551,-0.155551,-0.157861,0.294129,-0.226376,0.287025
-0.155735,-0.155735,-0.158054,0.291162,-0.227383,0.287146
-0.155706,-0.155706,-0.158048,0.288119,-0.228603,0.287288
-0.155766,-0.155766,-0.158119,0.285209,-0.22976,0.287437
-0.155934,-0.155934,-0.158296,0.282004,-0.230895,0.287567
-0.156545,-0.156545,-0.158915,0.278802,-0.231668,0.287677
-0.157133,-0.157133,-0.159506,0.27579,-0.232393,0.287779
-0.157726,-0.157726,-0.160108,0.272621,-0.233099,0.287802
-0.158347,-0.158347,-0.160735,0.269332,-0.233799,0.287815
-0.158893,-0.158893,-0.161289,0.266003,-0.234415,0.287837
-0.159422,-0.159422,-0.161825,0.262566,-0.235151,0.287852
-0.160272,-0.160272,-0.162672,0.258577,-0.235655,0.287825
-0.160789,-0.160789,-0.163182,0.254178,-0.236247,0.287751
-0.160971,-0.160971,-0.163383,0.249784,-0.236993,0.287682
-0.16135,-0.16135,-0.163779,0.245768,-0.237409,0.287789
-0.161864,-0.161864,-0.164313,0.242693,-0.237792,0.288045
-0.162524,-0.162523,-0.164989,0.240046,-0.238056,0.288396
-0.163279,-0.163279,-0.165746,0.238028,-0.237892,0.288828
-0.164141,-0.164141,-0.166606,0.23625,-0.237454,0.289176
-0.164856,-0.164856,-0.167307,0.23412,-0.236777,0.289527
-0.165557,-0.165557,-0.167993,0.231905,-0.236199,0.289851
-0.166017,-0.166017,-0.168457,0.229868,-0.235758,0.290039
-0.166335,-0.166335,-0.168777,0.227903,-0.235426,0.290187
-0.166433,-0.166433,-0.168883,0.226705,-0.235078,0.290415
-0.16647,-0.16647,-0.168915,0.22578,-0.234668,0.290685
-0.166495,-0.166495,-0.16895,0.224831,-0.23402,0.290851
-0.166588,-0.166588,-0.169035,0.224475,-0.233319,0.290959
-0.16669,-0.16669,-0.169136,0.224684,-0.232597,0.291057
-0.166649,-0.166649,-0.169082,0.224804,-0.231979,0.291146
-0.166569,-0.166569,-0.169008,0.223921,-0.231409,0.291228
-0.166604,-0.166604,-0.169054,0.223079,-0.230801,0.291344
-0.166731,-0.166731,-0.169191,0.222107,-0.230231,0.291588
-0.166854,-0.166854,-0.169333,0.220595,-0.229583,0.291768
-0.167012,-0.167012,-0.169482,0.218551,-0.22893,0.29185
-0.167094,-0.167094,-0.169536,0.21619,-0.228269,0.29189
-0.167121,-0.167121,-0.169581,0.21348,-0.227696,0.291898
-0.167003,-0.167003,-0.169477,0.210847,-0.227233,0.291904
-0.167028,-0.167028,-0.169497,0.208073,-0.226577,0.291905
-0.166965,-0.166965,-0.169432,0.205302,-0.226016,0.291899
-0.166876,-0.166876,-0.169324,0.202341,-0.225463,0.291882
-0.166661,-0.166661,-0.169098,0.199588,-0.224908,0.291874
-0.166557,-0.166557,-0.168991,0.196838,-0.224378,0.291884
-0.166476,-0.166476,-0.168916,0.194011,-0.223798,0.291885
-0.166307,-0.166307,-0.168758,0.190744,-0.223091,0.291889
-0.166197,-0.166197,-0.168646,0.187517,-0.222385,0.291924
-0.166069,-0.166069,-0.168517,0.184002,-0.221521,0.291915
-0.166008,-0.166008,-0.16847,0.180507,-0.220533,0.291879
-0.165975,-0.165975,-0.168428,0.176982,-0.219749,0.291804
-0.165902,-0.165902,-0.168346,0.173441,-0.219023,0.291719
-0.165688,-0.165688,-0.168123,0.170047,-0.218407,0.291669
-0.165479,-0.165478,-0.16791,0.166649,-0.217777,0.291606
-0.165275,-0.165275,-0.1677,0.163208,-0.217152,0.291558
-0.16517,-0.16517,-0.167573,0.159717,-0.216357,0.291535
-0.16509,-0.16509,-0.167485,0.156261,-0.215482,0.291552
-0.164999,-0.164998,-0.167384,0.152744,-0.214688,0.291598
-0.164733,-0.164733,-0.167116,0.149456,-0.213989,0.291661
-0.164508,-0.164508,-0.166886,0.146141,-0.213266,0.291675
-0.164469,-0.164469,-0.166847,0.142597,-0.212475,0.291628
-0.164499,-0.164499,-0.166878,0.138911,-0.211704,0.291609
-0.164728,-0.164728,-0.167118,0.135212,-0.21088,0.291592
-0.164848,-0.164848,-0.167255,0.131432,-0.210128,0.291593
-0.164924,-0.164924,-0.167341,0.127897,-0.209473,0.291618
-0.165131,-0.165131,-0.167559,0.124279,-0.208713,0.291614
-0.165488,-0.165487,-0.167932,0.12044,-0.207855,0.291541
-0.166,-0.166,-0.16846,0.116806,-0.207108,0.291512
-0.166222,-0.166222,-0.168702,0.113353,-0.20653,0.291553
-0.16645,-0.16645,-0.168947,0.110018,-0.206034,0.291605
-0.166544,-0.166544,-0.16906,0.106997,-0.205779,0.291671
-0.166621,-0.166621,-0.169154,0.103976,-0.205495,0.291746
-0.166742,-0.166742,-0.169277,0.100912,-0.205041,0.291834
-0.166861,-0.166861,-0.169403,0.0977382,-0.204594,0.291917
-0.167049,-0.167049,-0.169608,0.0946551,-0.204006,0.291988
-0.16716,-0.16716,-0.169732,0.0916097,-0.203541,0.292065
-0.167215,-0.167215,-0.169799,0.0885691,-0.20309,0.29204
-0.167373,-0.167373,-0.16996,0.0857076,-0.202471,0.29204
-0.167766,-0.167766,-0.170346,0.0830815,-0.20171,0.292054
-0.168204,-0.168204,-0.170772,0.0807122,-0.201001,0.292057
-0.168717,-0.168717,-0.171273,0.0789233,-0.200373,0.292023
-0.169265,-0.169265,-0.171805,0.0779399,-0.199678,0.292023
-0.169891,-0.169891,-0.172406,0.0776781,-0.198943,0.291978
-0.170542,-0.170542,-0.173062,0.0783925,-0.198017,0.292052
-0.171287,-0.171287,-0.173808,0.0795795,-0.196965,0.292135
-0.171708,-0.171708,-0.174224,0.0806092,-0.196052,0.29214
-0.17224,-0.17224,-0.174758,0.0815997,-0.195094,0.292071
-0.17258,-0.17258,-0.175088,0.0826812,-0.194234,0.292009
-0.172813,-0.172813,-0.175303,0.0837511,-0.193315,0.291932
-0.173072,-0.173072,-0.175545,0.0849108,-0.192407,0.291871
-0.173185,-0.173185,-0.175637,0.086262,-0.191657,0.291761
-0.173354,-0.173354,-0.175791,0.0876236,-0.190854,0.291642
-0.173625,-0.173625,-0.176053,0.088774,-0.190087,0.291488
-0.173762,-0.173762,-0.176174,0.0899222,-0.18939,0.291328
-0.174055,-0.174055,-0.176448,0.0906065,-0.188539,0.29114
-0.174359,-0.174359,-0.176721,0.091516,-0.187784,0.290963
-0.17484,-0.17484,-0.177189,0.0923403,-0.1867,0.290813
-0.175373,-0.175373,-0.177699,0.0932314,-0.185611,0.29067
-0.175859,-0.175859,-0.178176,0.0944844,-0.184642,0.290528
-0.176311,-0.176311,-0.178604,0.0957033,-0.183679,0.290382
-0.176868,-0.176868,-0.179168,0.0969891,-0.182635,0.29023
-0.177361,-0.177361,-0.179661,0.0982255,-0.181666,0.290069
-0.177604,-0.177604,-0.179891,0.0991157,-0.180861,0.289965
-0.177807,-0.177807,-0.180077,0.0997602,-0.179959,0.28978
-0.178074,-0.178074,-0.180333,0.10006,-0.179008,0.289586
-0.178234,-0.178234,-0.180479,0.100338,-0.177923,0.289367
-0.178352,-0.178352,-0.180597,0.10048,-0.176771,0.289121
-0.178511,-0.178511,-0.180763,0.100924,-0.175669,0.288883
-0.178592,-0.178592,-0.180855,0.101603,-0.174763,0.288675
-0.178603,-0.178603,-0.180869,0.102061,-0.173842,0.288461
-0.178757,-0.178757,-0.181031,0.1027,-0.172881,0.288327
-0.178924,-0.178924,-0.181196,0.103211,-0.171839,0.288235
-0.179053,-0.179053,-0.181316,0.103756,-0.170805,0.288185
-0.17911,-0.17911,-0.181363,0.104503,-0.169754,0.288198
-0.178603,-0.178603,-0.180862,0.105912,-0.169098,0.288295
-0.178131,-0.17813,-0.180391,0.107658,-0.168407,0.288445
-0.178211,-0.178211,-0.180459,0.109434,-0.167406,0.288553
-0.178251,-0.17825,-0.180505,0.111339,-0.16658,0.288706
-0.178346,-0.178346,-0.180594,0.112893,-0.165722,0.28875
-0.178422,-0.178422,-0.180656,0.11423,-0.165019,0.288739
-0.178461,-0.178461,-0.180686,0.114536,-0.164981,0.288698
-0.178405,-0.178405,-0.180619,0.114185,-0.165406,0.288659
-0.17833,-0.17833,-0.180534,0.112349,-0.166718,0.288196
-0.178133,-0.178133,-0.18032,0.10993,-0.168465,0.28744
-0.178068,-0.178068,-0.180227,0.106828,-0.170777,0.286004
-0.17829,-0.17829,-0.180437,0.103872,-0.173083,0.28408
-0.179289,-0.179289,-0.181428,0.101457,-0.174909,0.281032
-0.180315,-0.180315,-0.18246,0.0988169,-0.176081,0.277509
-0.181505,-0.181505,-0.183646,0.096083,-0.176981,0.273677
-0.182961,-0.182961,-0.185083,0.0930647,-0.177551,0.269421
-0.184277,-0.184277,-0.186368,0.0905483,-0.178252,0.265164
-0.185405,-0.185405,-0.187476,0.0884565,-0.17904,0.260991
-0.186407,-0.186407,-0.188454,0.0864724,-0.179647,0.256895
-0.187304,-0.187304,-0.189324,0.084471,-0.180199,0.252822
-0.188117,-0.188117,-0.190105,0.0824514,-0.180663,0.248733
-0.188736,-0.188736,-0.19069,0.0807067,-0.18124,0.24461
-0.189085,-0.189085,-0.191006,0.0787832,-0.181835,0.240381
-0.18938,-0.18938,-0.191282,0.0769901,-0.182517,0.236143
-0.189868,-0.189868,-0.191749,0.0752181,-0.183157,0.231857
-0.190284,-0.190284,-0.192137,0.0733541,-0.183817,0.227564
-0.190917,-0.190917,-0.19276,0.0723719,-0.184337,0.223079
-0.191633,-0.191633,-0.193466,0.0714177,-0.184739,0.218562
-0.192416,-0.192416,-0.194234,0.0706558,-0.185032,0.214069
-0.193403,-0.193403,-0.195202,0.0698026,-0.185179,0.209568
-0.194534,-0.194534,-0.196295,0.0688242,-0.185328,0.205081
-0.195468,-0.195468,-0.197198,0.0677709,-0.185582,0.200574
-0.196442,-0.196442,-0.198145,0.0668331,-0.185925,0.196065
-0.197166,-0.197166,-0.198845,0.065793,-0.186428,0.191521
-0.197839,-0.197839,-0.199467,0.06498,-0.187073,0.187043
-0.198507,-0.198507,-0.200086,0.0639389,-0.187617,0.182594
-0.199036,-0.199036,-0.200584,0.0630932,-0.188329,0.178178
-0.199601,-0.199601,-0.201132,0.0623178,-0.188942,0.17377
-0.200424,-0.200424,-0.201944,0.061394,-0.189376,0.169331
-0.201582,-0.201582,-0.203074,0.0604193,-0.189593,0.164892
-0.202812,-0.202812,-0.204277,0.0593316,-0.189767,0.160431
-0.203967,-0.203967,-0.20542,0.0583212,-0.189993,0.155932
-0.205514,-0.205514,-0.206929,0.0573625,-0.190044,0.151403
-0.207069,-0.207069,-0.208446,0.0564347,-0.189976,0.146849
-0.208432,-0.208432,-0.209769,0.0553318,-0.189938,0.142287
-0.209682,-0.209682,-0.210987,0.054291,-0.190012,0.137768
-0.210883,-0.210883,-0.212155,0.0533919,-0.190119,0.133275
-0.212029,-0.212029,-0.213274,0.0524705,-0.190173,0.12876
-0.212848,-0.212848,-0.214058,0.0515848,-0.190192,0.124263
-0.21373,-0.21373,-0.214897,0.0506605,-0.190176,0.119764
-0.21478,-0.21478,-0.215897,0.0497283,-0.190167,0.115245
-0.215694,-0.215694,-0.216768,0.0487661,-0.190262,0.110747
-0.216643,-0.216643,-0.217691,0.0479933,-0.190416,0.106307
-0.217373,-0.217373,-0.21839,0.0470746,-0.190531,0.101829
-0.218468,-0.218468,-0.219451,0.0460857,-0.190457,0.097273
-0.219598,-0.219598,-0.220547,0.0449502,-0.19029,0.0926984
-0.220681,-0.220681,-0.2216,0.0434433,-0.189957,0.088119
-0.221778,-0.221778,-0.222673,0.0419689,-0.189667,0.0835416
-0.222953,-0.222953,-0.223828,0.0405846,-0.189503,0.0789397
-0.224044,-0.224044,-0.2249,0.0393269,-0.189342,0.0743456
-0.225139,-0.225139,-0.22597,0.0382018,-0.189303,0.0697799
-0.226346,-0.226346,-0.227154,0.0370459,-0.18915,0.0652141
-0.227536,-0.227536,-0.228315,0.0359009,-0.188955,0.0606885
-0.228758,-0.228758,-0.229514,0.0345043,-0.188788,0.0561318
-0.229859,-0.229859,-0.230588,0.0330013,-0.188829,0.0515856
-0.230933,-0.230933,-0.231625,0.0313471,-0.188914,0.0470217
-0.231773,-0.231773,-0.232445,0.0295214,-0.189079,0.0424956
-0.232773,-0.232773,-0.23342,0.0276551,-0.189168,0.0379461
-0.233824,-0.233824,-0.234458,0.0261098,-0.189321,0.0334515
-0.234951,-0.234951,-0.235555,0.0245,-0.189404,0.028917
-0.236021,-0.236021,-0.23659,0.0228226,-0.189536,0.0243436
-0.237341,-0.237341,-0.237878,0.0212699,-0.189557,0.0197965
-0.238592,-0.238592,-0.239092,0.0196816,-0.189555,0.0152802
-0.239567,-0.239567,-0.240042,0.0179116,-0.189642,0.0107416
-0.240759,-0.240759,-0.241207,0.0161071,-0.189629,0.00622015
-0.241947,-0.241947,-0.242368,0.0142206,-0.189523,0.00169215
-0.242965,-0.242965,-0.243358,0.0123463,-0.18945,-0.00277243
-0.243932,-0.243932,-0.244287,0.0104045,-0.189342,-0.0072099
-0.244876,-0.244876,-0.245193,0.00859878,-0.18924,-0.0115872
-0.245985,-0.245985,-0.246273,0.00680931,-0.189022,-0.0159744
-0.247177,-0.247177,-0.247446,0.00520876,-0.188944,-0.0203745
-0.248135,-0.248135,-0.248378,0.00354399,-0.188915,-0.0247939
-0.248961,-0.248961,-0.249172,0.00210292,-0.189022,-0.0292067
-0.249902,-0.249902,-0.250085,0.000675376,-0.18906,-0.0336233
-0.25072,-0.25072,-0.250863,-0.00093879,-0.189055,-0.0380397
-0.251728,-0.251728,-0.251848,-0.00255255,-0.188993,-0.0424495
-0.25268,-0.25268,-0.252758,-0.00429547,-0.189088,-0.0468601
-0.253552,-0.253552,-0.2536,-0.00609924,-0.189137,-0.0512503
-0.254502,-0.254502,-0.254528,-0.00802043,-0.189042,-0.0557331
-0.255412,-0.255412,-0.255425,-0.00979215,-0.188957,-0.0601603
-0.256431,-0.256431,-0.256417,-0.0114264,-0.188903,-0.064602
-0.257571,-0.257571,-0.257522,-0.0131074,-0.188814,-0.0690389
-0.25866,-0.25866,-0.258583,-0.0147536,-0.188797,-0.0734547
-0.259668,-0.259668,-0.259541,-0.0165431,-0.188726,-0.0778713
-0.260605,-0.260605,-0.260441,-0.0182579,-0.188642,-0.0822789
-0.261741,-0.261741,-0.26155,-0.0199951,-0.188544,-0.0866864
-0.262528,-0.262528,-0.262572,-0.021673,-0.188422,-0.0910975
-0.263552,-0.263552,-0.263567,-0.0231932,-0.188436,-0.0955353
-0.264665,-0.264665,-0.264657,-0.0247713,-0.188469,-0.100005
-0.265917,-0.265917,-0.265895,-0.0263163,-0.188376,-0.104509
-0.267321,-0.267321,-0.26728,-0.0279542,-0.188264,-0.109051
-0.268778,-0.268778,-0.268717,-0.0295673,-0.188185,-0.113606
-0.269866,-0.269866,-0.269798,-0.0311024,-0.188349,-0.118083
-0.270969,-0.270969,-0.270881,-0.0325532,-0.188463,-0.122587
-0.272089,-0.272089,-0.271983,-0.0337056,-0.189213,-0.127044
-0.272865,-0.272865,-0.272757,-0.0348215,-0.190707,-0.13148
-0.273602,-0.273602,-0.273471,-0.0360379,-0.193869,-0.135882
-0.274526,-0.274526,-0.274375,-0.0384936,-0.199173,-0.14006
-0.276135,-0.276136,-0.275952,-0.0420415,-0.205797,-0.143778
-0.279202,-0.279202,-0.278984,-0.049986,-0.214832,-0.147282
-0.282728,-0.282728,-0.282488,-0.0592765,-0.223917,-0.150098
-0.286035,-0.286035,-0.285762,-0.0705785,-0.234993,-0.152571
-0.288355,-0.288355,-0.288026,-0.0826455,-0.246914,-0.154014
-0.290521,-0.290521,-0.290161,-0.0944709,-0.259658,-0.155193
-0.293118,-0.293119,-0.292744,-0.106019,-0.272613,-0.156078
-0.296004,-0.296004,-0.295641,-0.116814,-0.285195,-0.156674
-0.300032,-0.300032,-0.299684,-0.127529,-0.29742,-0.157357
-0.305326,-0.305326,-0.30518,-0.138552,-0.309134,-0.158125
-0.311004,-0.311004,-0.311463,-0.149748,-0.320479,-0.159029
-0.319832,-0.319832,-0.320578,-0.161002,-0.331181,-0.159943
-0.328898,-0.328898,-0.329825,-0.172442,-0.34169,-0.160845
-0.338253,-0.338253,-0.339301,-0.184365,-0.351903,-0.161695
-0.347767,-0.347767,-0.348921,-0.196266,-0.362151,-0.16243
-0.357526,-0.357526,-0.358785,-0.208254,-0.372591,-0.163113
-0.367173,-0.367173,-0.368539,-0.220365,-0.382746,-0.163716
-0.377013,-0.377013,-0.378481,-0.232388,-0.39277,-0.164266
-0.386608,-0.386608,-0.388175,-0.24523,-0.402752,-0.164613
-0.39598,-0.39598,-0.397685,-0.258051,-0.412984,-0.164917
-0.405367,-0.405367,-0.407214,-0.270918,-0.423452,-0.165229
-0.414649,-0.414649,-0.41658,-0.284083,-0.433033,-0.16553
-0.423806,-0.423806,-0.425841,-0.297197,-0.442451,-0.165832
-0.433023,-0.433023,-0.43514,-0.310178,-0.452213,-0.16612
-0.442115,-0.442115,-0.444329,-0.323052,-0.462309,-0.166413
-0.451562,-0.451562,-0.4539,-0.335831,-0.472524,-0.16668
-0.460975,-0.460975,-0.463431,-0.348711,-0.482761,-0.166937
-0.470392,-0.470392,-0.472972,-0.361745,-0.492404,-0.167177
-0.479804,-0.479804,-0.482482,-0.374889,-0.501695,-0.167408
-0.489345,-0.489345,-0.492129,-0.388134,-0.510618,-0.167637
-0.498575,-0.498575,-0.501439,-0.401305,-0.519661,-0.16787
-0.507502,-0.507502,-0.510443,-0.414365,-0.528908,-0.168087
-0.516257,-0.516257,-0.519289,-0.427267,-0.538701,-0.168303
-0.525034,-0.525034,-0.528157,-0.44018,-0.548494,-0.168518
-0.533217,-0.533217,-0.536445,-0.453197,-0.558378,-0.168722
-0.541683,-0.541682,-0.545001,-0.466213,-0.567848,-0.16892
-0.550354,-0.550354,-0.553757,-0.479236,-0.57725,-0.169125
-0.559121,-0.559121,-0.5626,-0.492311,-0.586457,-0.169328
-0.567799,-0.567799,-0.571368,-0.505414,-0.595758,-0.169534
-0.576515,-0.576515,-0.580177,-0.518399,-0.605486,-0.16974
-0.585602,-0.585602,-0.589354,-0.531356,-0.614957,-0.169943
-0.594705,-0.594705,-0.598557,-0.54431,-0.624258,-0.17015
-0.603758,-0.603757,-0.607709,-0.557246,-0.633438,-0.170367
-0.612729,-0.612729,-0.616761,-0.570032,-0.642682,-0.170573
-0.621523,-0.621523,-0.625627,-0.582915,-0.651987,-0.170779
-0.630171,-0.630171,-0.634327,-0.595882,-0.661485,-0.170994
-0.638858,-0.638858,-0.643074,-0.608952,-0.670988,-0.171201
-0.647608,-0.647608,-0.6519,-0.622013,-0.680304,-0.171412
-0.656537,-0.656537,-0.660932,-0.634929,-0.689728,-0.171634
-0.66565,-0.66565,-0.670141,-0.647835,-0.699237,-0.171861
-0.674724,-0.674724,-0.679324,-0.660783,-0.708649,-0.172086
-0.683837,-0.683837,-0.688548,-0.673761,-0.718113,-0.172314
-0.692874,-0.692874,-0.697696,-0.686908,-0.727522,-0.17255
-0.70176,-0.70176,-0.706665,-0.700042,-0.737013,-0.172776
-0.710458,-0.710458,-0.715438,-0.713275,-0.746689,-0.173006
-0.719063,-0.719063,-0.724106,-0.726296,-0.75653,-0.173235
-0.727664,-0.727664,-0.732788,-0.739304,-0.766361,-0.173456
-0.736365,-0.736365,-0.741573,-0.75228,-0.776156,-0.173666
-0.745138,-0.745138,-0.750395,-0.765235,-0.785764,-0.173889
-0.753298,-0.753298,-0.758617,-0.778295,-0.795762,-0.174085
-0.761475,-0.761475,-0.766875,-0.791506,-0.805753,-0.17427
-0.769984,-0.769984,-0.775469,-0.804236,-0.816698,-0.174455
-0.77849,-0.77849,-0.78406,-0.817174,-0.82716,-0.174638
-0.786925,-0.786925,-0.79258,-0.83014,-0.837771,-0.17482
-0.795359,-0.795359,-0.801107,-0.842935,-0.848566,-0.175005
-0.804185,-0.804185,-0.810045,-0.855955,-0.858467,-0.175191
-0.81277,-0.81277,-0.818723,-0.869051,-0.868044,-0.175371
-0.821393,-0.821393,-0.827435,-0.882148,-0.877639,-0.175572
-0.830251,-0.830251,-0.83639,-0.895285,-0.887013,-0.175776
-0.839067,-0.839067,-0.845304,-0.90839,-0.89632,-0.176002
-0.848172,-0.848172,-0.854509,-0.921375,-0.906027,-0.176263
-0.856924,-0.856924,-0.863322,-0.93422,-0.916296,-0.176515
-0.865246,-0.865246,-0.871682,-0.947184,-0.926993,-0.176788
-0.874853,-0.874853,-0.881648,-0.960049,-0.938645,-0.177028
-0.883666,-0.883666,-0.890692,-0.972993,-0.950832,-0.177246
-0.890949,-0.890949,-0.898064,-0.985915,-0.964049,-0.177437
-0.897528,-0.897528,-0.90467,-0.998776,-0.977611,-0.177609
-0.903909,-0.903909,-0.911071,-1.01164,-0.991165,-0.177771
-0.910383,-0.910383,-0.917576,-1.02441,-1.00467,-0.177913
-0.916904,-0.916904,-0.924114,-1.03714,-1.01825,-0.178062
-0.923152,-0.923152,-0.930378,-1.04992,-1.03184,-0.17824
-0.928963,-0.928963,-0.936181,-1.06282,-1.04548,-0.178435
-0.934708,-0.934708,-0.941923,-1.07571,-1.05913,-0.178636
-0.940589,-0.940589,-0.947809,-1.0885,-1.0728,-0.178878
-0.946533,-0.946532,-0.953757,-1.10129,-1.08643,-0.179107
-0.952648,-0.952648,-0.959895,-1.11399,-1.10007,-0.179297
-0.958845,-0.958845,-0.966099,-1.12673,-1.11364,-0.179477
-0.965301,-0.965301,-0.972578,-1.13944,-1.12727,-0.179706
-0.972227,-0.972227,-0.979262,-1.15216,-1.14092,-0.179923
-0.978693,-0.978693,-0.98576,-1.165,-1.15451,-0.180113
-0.985101,-0.985101,-0.992199,-1.17781,-1.16805,-0.180275
-0.991271,-0.991271,-0.998403,-1.19057,-1.18177,-0.180423
-0.997475,-0.997475,-1.00463,-1.20337,-1.19544,-0.180575
-1.00361,-1.00361,-1.0108,-1.21611,-1.20913,-0.180708
-1.00979,-1.00979,-1.017,-1.22876,-1.22282,-0.180839
-1.01619,-1.01619,-1.02342,-1.24158,-1.23647,-0.180976
-1.02241,-1.02241,-1.02966,-1.25491,-1.24954,-0.181138
-1.02898,-1.02898,-1.03623,-1.2684,-1.2617,-0.181332
-1.03554,-1.03554,-1.04282,-1.28133,-1.27185,-0.181591
-1.04183,-1.04183,-1.04913,-1.29256,-1.27951,-0.182074
-1.04769,-1.04769,-1.05502,-1.30119,-1.28519,-0.182603
-1.05224,-1.05224,-1.05961,-1.30485,-1.28804,-0.18308
-1.05622,-1.05622,-1.0636,-1.30635,-1.29036,-0.183553
-1.05983,-1.05983,-1.06724,-1.30592,-1.29072,-0.183836
-1.06381,-1.06381,-1.07126,-1.30542,-1.29074,-0.184099
-1.06786,-1.06786,-1.07531,-1.30496,-1.29058,-0.184167
-1.07155,-1.07155,-1.079,-1.30466,-1.29057,-0.184105
-1.0747,-1.0747,-1.08216,-1.30488,-1.29121,-0.183899
-1.07683,-1.07683,-1.08429,-1.30546,-1.29215,-0.1836
-1.07805,-1.07805,-1.08532,-1.306,-1.29349,-0.183328
-1.07902,-1.07902,-1.0857,-1.3066,-1.29524,-0.183021
-1.07689,-1.07689,-1.08329,-1.30716,-1.29775,-0.182748
-1.07433,-1.07433,-1.08056,-1.3076,-1.30048,-0.18251
-1.07173,-1.07173,-1.07785,-1.30784,-1.30336,-0.182296
-1.06916,-1.06916,-1.07519,-1.30798,-1.30614,-0.18211
-1.06639,-1.06639,-1.0723,-1.30807,-1.30864,-0.181966
-1.0636,-1.0636,-1.06941,-1.30806,-1.31144,-0.181859
-1.05967,-1.05967,-1.06538,-1.30842,-1.31433,-0.181922
-1.05551,-1.05551,-1.06114,-1.30888,-1.31738,-0.182002
-1.05102,-1.05102,-1.05652,-1.3095,-1.32038,-0.182101
-1.04616,-1.04616,-1.05154,-1.31026,-1.32329,-0.1822
-1.04115,-1.04115,-1.04645,-1.31065,-1.32717,-0.182305
-1.03606,-1.03606,-1.04125,-1.3109,-1.33113,-0.18241
-1.03127,-1.03127,-1.03638,-1.31115,-1.33461,-0.18251
-1.0265,-1.0265,-1.03151,-1.3115,-1.33775,-0.182614
-1.02142,-1.02142,-1.02629,-1.31192,-1.34067,-0.182714
-1.01658,-1.01658,-1.02134,-1.31243,-1.34351,-0.182815
-1.01135,-1.01135,-1.01599,-1.3128,-1.34709,-0.182919
-1.00587,-1.00587,-1.01041,-1.31301,-1.35087,-0.183034
-1.00041,-1.00041,-1.00483,-1.31314,-1.35506,-0.183149
-0.994707,-0.994707,-0.999026,-1.31322,-1.35931,-0.183269
-0.989094,-0.989094,-0.993333,-1.31332,-1.36358,-0.183395
-0.983635,-0.983635,-0.987793,-1.31351,-1.36738,-0.183518
-0.978282,-0.978282,-0.982332,-1.31368,-1.37112,-0.18362
-0.973278,-0.973278,-0.977262,-1.31388,-1.37491,-0.183749
-0.967721,-0.967721,-0.971649,-1.31402,-1.37916,-0.183876
-0.962165,-0.962165,-0.966035,-1.31412,-1.38343,-0.184003
-0.956768,-0.956768,-0.960576,-1.31413,-1.38775,-0.1841
-0.951399,-0.951399,-0.955125,-1.31408,-1.392,-0.184184
-0.946445,-0.946445,-0.950085,-1.31404,-1.39582,-0.184257
-0.941481,-0.941481,-0.945049,-1.31397,-1.39985,-0.184339
-0.936504,-0.936504,-0.939997,-1.31391,-1.40388,-0.184398
-0.931688,-0.931688,-0.935123,-1.31384,-1.40795,-0.184435
-0.926786,-0.926786,-0.930146,-1.31376,-1.41201,-0.18443
-0.921721,-0.921721,-0.925004,-1.31365,-1.41599,-0.184381
-0.915963,-0.915963,-0.919201,-1.31343,-1.41999,-0.184206
-0.909596,-0.909596,-0.912777,-1.3131,-1.42402,-0.183956
-0.902621,-0.902621,-0.905723,-1.31269,-1.42827,-0.18341
-0.895481,-0.895481,-0.898483,-1.31227,-1.43239,-0.182652
-0.888459,-0.888459,-0.891362,-1.31182,-1.43612,-0.181412
-0.881382,-0.881382,-0.884166,-1.31134,-1.43977,-0.179914
-0.873591,-0.873591,-0.876262,-1.31085,-1.44312,-0.177847
-0.864981,-0.864981,-0.867541,-1.31036,-1.44642,-0.175502
-0.854203,-0.854203,-0.856677,-1.31005,-1.44927,-0.172511
-0.84304,-0.84304,-0.845433,-1.30987,-1.4514,-0.169161
-0.830576,-0.830576,-0.832898,-1.30988,-1.4519,-0.165037
-0.817712,-0.817712,-0.819975,-1.30989,-1.45159,-0.160513
-0.803386,-0.803386,-0.805578,-1.30936,-1.45031,-0.155106
-0.788033,-0.788033,-0.790179,-1.30801,-1.44874,-0.149259
-0.770874,-0.770874,-0.772932,-1.3047,-1.44595,-0.142748
-0.752686,-0.752686,-0.75463,-1.30039,-1.44231,-0.136045
-0.735189,-0.735189,-0.737051,-1.29391,-1.43499,-0.128854
-0.717788,-0.717788,-0.719591,-1.28596,-1.42669,-0.121449
-0.699516,-0.699516,-0.701252,-1.27573,-1.41549,-0.113727
-0.681086,-0.681086,-0.682743,-1.26475,-1.40302,-0.105821
-0.661877,-0.661877,-0.663443,-1.25442,-1.38883,-0.0979325
-0.642528,-0.642528,-0.644032,-1.24417,-1.37431,-0.0900491
-0.622202,-0.622202,-0.623647,-1.23286,-1.36094,-0.0820969
-0.600617,-0.600617,-0.60199,-1.22112,-1.34819,-0.074202
-0.577499,-0.577499,-0.578816,-1.20879,-1.3364,-0.0664429
-0.553679,-0.553679,-0.554928,-1.19639,-1.32459,-0.0587075
-0.532018,-0.532018,-0.533154,-1.18451,-1.31393,-0.0512831
-0.511293,-0.511293,-0.512339,-1.17257,-1.3031,-0.0439013
-0.489965,-0.489965,-0.490644,-1.16051,-1.29161,-0.036627
-0.469496,-0.469496,-0.46994,-1.14835,-1.27973,-0.0294187
-0.450531,-0.450531,-0.45089,-1.13605,-1.26699,-0.022265
-0.432256,-0.432256,-0.432602,-1.12368,-1.25399,-0.0151286
-0.414137,-0.414137,-0.414457,-1.11118,-1.24105,-0.00801453
-0.395969,-0.395969,-0.396282,-1.09868,-1.2281,-0.000920443
-0.37789,-0.37789,-0.378205,-1.0861,-1.21513,0.00614981
-0.360059,-0.360059,-0.360354,-1.07349,-1.20219,0.0132459
-0.342677,-0.342677,-0.34297,-1.06075,-1.18925,0.0203576
-0.325179,-0.325179,-0.325491,-1.04797,-1.17629,0.0274766
-0.307454,-0.307454,-0.307783,-1.03514,-1.1634,0.0346399
-0.289687,-0.289687,-0.290002,-1.02229,-1.15053,0.0417966
-0.271847,-0.271847,-0.272141,-1.00941,-1.13766,0.0489201
-0.253939,-0.253939,-0.254239,-0.996509,-1.12482,0.0560299
-0.235641,-0.235641,-0.23593,-0.98359,-1.11194,0.0631884
-0.217263,-0.217263,-0.217518,-0.970646,-1.09904,0.0703432
-0.199031,-0.199031,-0.199259,-0.957653,-1.08612,0.0774516
-0.180849,-0.180849,-0.181053,-0.944656,-1.0732,0.0845401
-0.162814,-0.162814,-0.162985,-0.931685,-1.06023,0.0916193
-0.144778,-0.144778,-0.144917,-0.918708,-1.04726,0.098702
-0.126805,-0.126805,-0.126912,-0.905767,-1.03427,0.105774
