 head     neck    torso    right elbow    right_shoulder_ right hand    
-0.188637,-0.188637,-0.189367,-0.373373,0.194031,0.127382
-0.176177,-0.176177,-0.179496,-0.364984,0.180199,0.130634
-0.169541,-0.169541,-0.17207,-0.340271,0.178275,0.132531
-0.172613,-0.172614,-0.174532,-0.325804,0.187561,0.134771
-0.17415,-0.17415,-0.178698,-0.393556,0.183582,0.130167
-0.175729,-0.175729,-0.181865,-0.376468,0.183417,0.1319
-0.189034,-0.189034,-0.193555,-0.371986,0.197998,0.127007
-0.188745,-0.188745,-0.19311,-0.372104,0.206612,0.127881
-0.181673,-0.181673,-0.182207,-0.351406,0.204703,0.133887
-0.170418,-0.170418,-0.170375,-0.548788,0.184094,0.123327
-0.16477,-0.16477,-0.163229,-0.323354,0.180245,0.136839
-0.162175,-0.162175,-0.153407,-0.334745,0.182595,0.137691
-0.150599,-0.150599,-0.141639,-0.323584,0.177377,0.140238
-0.136627,-0.136627,-0.127283,-0.503686,0.1677,0.131347
-0.142432,-0.142432,-0.131214,-0.542367,0.166875,0.129808
-0.144952,-0.144952,-0.132505,-0.349061,0.164307,0.137071
-0.143667,-0.143667,-0.129584,-0.339359,0.173692,0.139431
-0.151452,-0.151452,-0.139548,-0.355509,0.179491,0.138275
-0.153534,-0.162343,-0.150621,-0.37451,0.172037,0.13783
-0.183109,-0.183109,-0.172659,-0.336028,0.164744,0.139607
-0.200163,-0.200163,-0.188652,-0.369956,0.157832,0.136589
-0.212284,-0.212284,-0.200368,-0.374664,0.162589,0.136762
-0.209986,-0.209986,-0.197529,-0.369429,0.171674,0.136972
-0.205714,-0.205714,-0.195537,-0.3667,0.170662,0.137483
-0.151089,-0.15109,-0.143302,-0.375783,0.167511,0.13768
-0.202196,-0.202196,-0.197501,-0.378123,0.199424,0.137273
-0.217255,-0.217255,-0.212461,-0.376571,0.190356,0.138895
-0.236275,-0.236275,-0.230531,-0.369496,0.177621,0.136414
-0.23763,-0.23763,-0.231527,-0.358632,0.173989,0.137495
-0.22762,-0.22762,-0.220639,-0.33862,0.15031,0.138197
-0.227054,-0.227054,-0.218696,-0.336261,0.137889,0.136675
-0.231118,-0.231118,-0.222072,-0.319362,0.0913985,0.134666
-0.232489,-0.232489,-0.22354,-0.318018,0.0944309,0.136116
-0.230804,-0.230804,-0.220685,-0.31112,0.086965,0.135611
-0.210345,-0.210345,-0.202041,-0.308016,0.0869065,0.137661
-0.194192,-0.194192,-0.188108,-0.299947,0.0893359,0.136785
-0.186773,-0.186773,-0.182326,-0.302329,0.0856146,0.136544
-0.195861,-0.195861,-0.192319,-0.299101,0.090146,0.134336
-0.202907,-0.202907,-0.200088,-0.306102,0.0876523,0.135272
-0.201636,-0.201636,-0.201124,-0.648176,0.101886,0.107401
-0.1993,-0.1993,-0.199787,-0.325539,0.101487,0.133691
-0.200755,-0.200755,-0.201768,-0.348384,0.105235,0.130167
-0.200814,-0.200814,-0.202307,-0.345527,0.104744,0.13151
-0.202155,-0.202155,-0.201506,-0.309052,0.0628902,0.134187
-0.201108,-0.201108,-0.197515,-0.321334,0.0597299,0.134032
-0.203198,-0.203198,-0.200528,-0.306654,0.0546309,0.133476
-0.209686,-0.209686,-0.206238,-0.271809,0.0156462,0.133434
-0.217038,-0.217038,-0.212251,-0.365928,0.0247537,0.1269
-0.219433,-0.219433,-0.214479,-0.299737,0.0306478,0.132411
-0.223105,-0.223105,-0.217962,-0.277496,0.0253989,0.135938
-0.218679,-0.218679,-0.213936,-0.319207,0.0428286,0.134833
-0.21094,-0.21094,-0.20646,-0.276601,0.0430441,0.135805
-0.214539,-0.214539,-0.210692,-0.301469,0.0413017,0.12934
-0.2148,-0.2148,-0.210659,-0.272634,0.0288007,0.127531
-0.216552,-0.216552,-0.213275,-0.255088,0.0293583,0.129767
-0.214916,-0.214916,-0.213347,-0.260109,0.0359689,0.130723
-0.204355,-0.204356,-0.201223,-0.288606,0.0503369,0.129297
-0.201235,-0.201235,-0.197143,-0.287502,0.0563445,0.127699
-0.198424,-0.198424,-0.19512,-0.227735,0.0585038,0.133846
-0.18466,-0.18466,-0.183818,-0.300163,0.0587473,0.129853
-0.182227,-0.182227,-0.17998,-0.240329,0.0552415,0.134568
-0.174223,-0.174223,-0.170092,-0.28094,0.0529865,0.132653
-0.182134,-0.182134,-0.176589,-0.263977,0.0513909,0.130926
-0.181571,-0.181571,-0.176815,-0.258675,0.0496442,0.133573
-0.186119,-0.186119,-0.181529,-0.251949,0.0671921,0.131699
-0.180399,-0.180399,-0.175737,-0.242771,0.0933165,0.13332
-0.177012,-0.177012,-0.171856,-0.264921,0.105504,0.131316
-0.175698,-0.175698,-0.16986,-0.269735,0.123029,0.135664
-0.173749,-0.173749,-0.168117,-0.234706,0.116582,0.136104
-0.179132,-0.179132,-0.170247,-0.299168,0.126145,0.128374
-0.17605,-0.17605,-0.166502,-0.28247,0.113837,0.131325
-0.184217,-0.184217,-0.17148,-0.222492,0.103249,0.136609
-0.181149,-0.181149,-0.168175,-0.289018,0.104068,0.130735
-0.183893,-0.183893,-0.169997,-0.309892,0.108793,0.130315
-0.199052,-0.199052,-0.186245,-0.268501,0.105463,0.135009
-0.187087,-0.187087,-0.17553,-0.280771,0.0988286,0.132526
-0.178241,-0.178241,-0.167187,-0.246901,0.0920392,0.136298
-0.167839,-0.167839,-0.154701,-0.312501,0.0892903,0.130849
-0.166054,-0.166054,-0.152035,-0.295295,0.0931111,0.13264
-0.163968,-0.163968,-0.150517,-0.328767,0.110724,0.130909
-0.163493,-0.163493,-0.15168,-0.286393,0.12661,0.135151
-0.160798,-0.160798,-0.151129,-0.305206,0.132532,0.133268
-0.157859,-0.157859,-0.148927,-0.302034,0.127715,0.133096
-0.225447,-0.225447,-0.21795,-0.299431,0.137588,0.132954
-0.198642,-0.198642,-0.192826,-0.29649,0.144002,0.131557
-0.182333,-0.182333,-0.177655,-0.282334,0.107717,0.132285
-0.189059,-0.189059,-0.185307,-0.24094,0.0890138,0.13488
-0.183356,-0.183356,-0.182015,-0.244524,0.112596,0.13588
-0.192674,-0.192674,-0.19133,-0.281822,0.104423,0.130829
-0.158789,-0.158789,-0.157266,-0.276768,0.00951101,0.131782
-0.169438,-0.169438,-0.169547,-0.286794,0.0373515,0.131079
-0.169311,-0.169311,-0.169543,-0.290604,0.0432241,0.128009
-0.166755,-0.166755,-0.168406,-0.273345,0.047819,0.129268
-0.159584,-0.159584,-0.161822,-0.26855,0.0431748,0.131178
-0.162759,-0.162759,-0.16351,-0.216975,0.0358963,0.13519
-0.164546,-0.164546,-0.162909,-0.249584,0.0401778,0.1304
-0.162209,-0.162209,-0.160334,-0.244381,0.047565,0.133646
-0.165413,-0.165413,-0.161805,-0.2603,0.0271717,0.132118
-0.160026,-0.160026,-0.156916,-0.232372,0.0260909,0.131895
-0.166706,-0.166706,-0.160974,-0.211194,0.0365996,0.135341
-0.162296,-0.162296,-0.155371,-0.236111,0.0343878,0.134926
-0.165889,-0.165889,-0.156371,-0.258413,0.0474216,0.134748
-0.162169,-0.162169,-0.151573,-0.274138,0.0575385,0.13173
-0.169869,-0.169869,-0.160159,-0.310859,0.0901221,0.133528
-0.176685,-0.176685,-0.168642,-0.278936,0.090199,0.134343
-0.170982,-0.170982,-0.163904,-0.268213,0.0926956,0.136222
-0.179293,-0.179293,-0.170687,-0.312221,0.084861,0.128925
-0.181146,-0.181146,-0.173208,-0.296954,0.0750168,0.131756
-0.186209,-0.186209,-0.178534,-0.351836,0.0814763,0.133574
-0.188398,-0.188398,-0.181079,-0.293705,0.0875741,0.130456
-0.189227,-0.189227,-0.182773,-0.249263,0.0828744,0.135491
-0.189025,-0.189025,-0.182284,-0.274564,0.0881249,0.135492
-0.189954,-0.189954,-0.181441,-0.295173,0.105206,0.134422
-0.18881,-0.18881,-0.17885,-0.25595,0.108341,0.139583
-0.189326,-0.189326,-0.178147,-0.32454,0.103948,0.134915
-0.18795,-0.185486,-0.176846,-0.267095,0.0976075,0.140797
-0.180692,-0.180692,-0.168631,-0.349196,0.105786,0.135441
-0.171392,-0.171392,-0.158434,-0.30945,0.114179,0.13932
-0.150919,-0.150919,-0.13843,-0.318771,0.131262,0.141899
-0.178609,-0.178609,-0.167567,-0.316351,0.185522,0.142599
-0.176853,-0.176853,-0.166723,-0.320219,0.180463,0.139862
-0.182637,-0.182637,-0.173109,-0.32936,0.165318,0.142047
-0.179021,-0.179021,-0.168999,-0.33221,0.154293,0.141819
-0.176225,-0.176225,-0.169292,-0.316464,0.163549,0.142258
-0.193975,-0.193975,-0.185642,-0.319581,0.177604,0.143084
-0.192823,-0.192823,-0.184912,-0.277049,0.172455,0.144708
-0.194709,-0.194709,-0.186993,-0.271164,0.176946,0.144836
-0.195702,-0.195702,-0.18992,-0.327502,0.204678,0.140113
-0.197614,-0.197614,-0.192517,-0.302769,0.209917,0.143078
-0.196129,-0.196129,-0.190125,-0.300359,0.222648,0.142489
-0.205638,-0.205638,-0.199427,-0.33595,0.227728,0.13953
-0.226419,-0.226419,-0.219133,-0.348194,0.22997,0.140345
-0.226639,-0.226639,-0.219986,-0.33276,0.220332,0.140568
-0.193489,-0.193489,-0.188909,-0.289928,0.223001,0.142689
-0.204275,-0.204275,-0.199894,-0.341769,0.226707,0.139239
-0.200671,-0.200671,-0.197181,-0.355708,0.232548,0.137992
-0.198652,-0.198652,-0.194255,-0.325357,0.229446,0.139192
-0.186856,-0.186856,-0.183525,-0.353142,0.2371,0.136818
-0.234373,-0.234373,-0.229385,-0.315216,0.222533,0.139506
-0.203824,-0.203824,-0.194792,-0.262437,0.0755857,0.137483
-0.202905,-0.202905,-0.19438,-0.262256,0.0925751,0.137091
-0.191639,-0.191639,-0.181485,-0.279122,0.0830713,0.137672
-0.199167,-0.199167,-0.189119,-0.273891,0.0939565,0.138565
-0.201492,-0.201492,-0.191063,-0.289143,0.101418,0.136612
-0.189942,-0.189942,-0.17887,-0.270577,0.0946953,0.136834
-0.18647,-0.18647,-0.175366,-0.265985,0.0880705,0.136939
-0.179923,-0.179923,-0.171242,-0.203695,0.0404914,0.141454
-0.0908072,-0.0908072,-0.0942632,-0.1324,-0.0164196,0.126971
-0.0455718,-0.0455719,-0.0475263,-0.115787,-0.0500773,0.122134
0.00661132,0.00661128,0.00638362,-0.0777876,-0.0938391,0.115897
0.0156179,0.0156178,0.0163664,-0.059511,-0.108179,0.112727
0.0269662,0.0269662,0.0278593,-0.032219,-0.132647,0.10898
0.0381195,0.0381195,0.0394628,-0.0193693,-0.140227,0.106672
0.0472821,0.0472821,0.0480189,6.64142e-05,-0.15368,0.104051
0.0388601,0.0388601,0.0398742,0.00868182,-0.158353,0.103135
0.0401022,0.0401021,0.0422889,0.0234349,-0.165101,0.101748
0.0337142,0.0337141,0.0357487,0.0311036,-0.166198,0.100882
0.0328953,0.0328953,0.0337356,0.0361113,-0.168827,0.100555
0.0391247,0.0391247,0.0396852,0.0451759,-0.172254,0.100302
0.0257639,0.0257639,0.0255602,0.0549206,-0.172256,0.0981741
0.0148843,0.0148842,0.0156253,0.0587499,-0.172487,0.0978897
0.018059,0.018059,0.0186114,0.0636581,-0.174274,0.0976832
0.0125897,0.0125896,0.0132656,0.0665474,-0.174215,0.0976202
0.0167328,0.0167327,0.0171757,0.0686026,-0.176838,0.0976989
0.0161736,0.0161736,0.0169673,0.0701898,-0.177219,0.098183
0.0231605,0.0231605,0.0249418,0.0723377,-0.178395,0.0979049
0.0239303,0.0239302,0.0256986,0.0765277,-0.175629,0.0988597
0.0271837,0.0271837,0.0283402,0.079562,-0.173867,0.0990001
0.0191542,0.0191542,0.0210721,0.0826136,-0.172954,0.0985237
0.0348711,0.0348711,0.0360358,0.0830093,-0.174254,0.0986363
0.0452613,0.0452612,0.0460415,0.0846415,-0.173346,0.0994895
0.0421717,0.0421716,0.0442074,0.0866368,-0.172592,0.100666
0.0562213,0.0562213,0.0570751,0.0856981,-0.174049,0.101289
0.0550934,0.0550934,0.0566571,0.0857283,-0.17449,0.101448
0.0598741,0.059874,0.0613423,0.086203,-0.174815,0.102305
0.0626613,0.0626613,0.0649407,0.0860267,-0.175639,0.1029
0.0657957,0.0657957,0.0677493,0.0865751,-0.175366,0.102744
0.0675784,0.0675784,0.0688205,0.0864329,-0.175977,0.103029
0.06767,0.0676699,0.0690934,0.0877013,-0.174908,0.10251
0.0591882,0.0591881,0.0599532,0.0865281,-0.176262,0.102468
0.0654957,0.0654956,0.0664126,0.0860832,-0.177013,0.103046
0.0748222,0.0748221,0.0755482,0.086684,-0.176543,0.104027
0.0651607,0.0651607,0.0668557,0.0883666,-0.175085,0.103082
0.0704547,0.0704547,0.0708586,0.0891699,-0.174463,0.102676
0.0640366,0.0640366,0.0650797,0.0886418,-0.175068,0.102874
0.0623142,0.0623142,0.0638426,0.0889854,-0.174856,0.102124
0.0642361,0.064236,0.0656466,0.0896939,-0.174204,0.101651
0.0470064,0.0470064,0.0479436,0.0890638,-0.17493,0.100592
0.0402797,0.0402797,0.0417725,0.0892609,-0.174774,0.100453
0.0331989,0.0331989,0.0358042,0.0903004,-0.173805,0.0994596
0.0335223,0.0335222,0.0366684,0.0904,-0.173735,0.099833
0.0652166,0.0652166,0.067321,0.0905493,-0.173637,0.100427
0.0655984,0.0655983,0.0664027,0.0907896,-0.173418,0.100782
0.0766524,0.0766524,0.0768089,0.0885765,-0.175651,0.101427
0.100123,0.100123,0.100141,0.0873011,-0.17696,0.101885
0.0892058,0.0892058,0.0902019,0.0858806,-0.178395,0.10178
0.0898289,0.0898289,0.0908354,0.0873526,-0.176947,0.100353
0.0659128,0.0659128,0.0676601,0.0879697,-0.17635,0.0993749
0.0706874,0.0706874,0.0716674,0.0888637,-0.175465,0.0996854
0.0620702,0.0620702,0.0640223,0.0876431,-0.176693,0.0993951
0.0638835,0.0638835,0.0657763,0.0872538,-0.177096,0.100351
0.0899714,0.0899714,0.0910654,0.0869324,-0.177428,0.100538
0.0865758,0.0865758,0.0873037,0.0870299,-0.177335,0.101093
0.0840801,0.0840801,0.0860838,0.0868592,-0.17751,0.100999
0.11203,0.11203,0.112557,0.0885174,-0.175858,0.101142
0.118503,0.118503,0.118647,0.0884777,-0.175901,0.102425
0.125205,0.125205,0.125975,0.0884729,-0.175911,0.102605
0.115118,0.115118,0.116164,0.0892641,-0.175122,0.102896
0.126354,0.126354,0.125677,0.0911089,-0.173281,0.102965
0.109943,0.109943,0.110383,0.0891154,-0.175276,0.101394
0.112267,0.112267,0.112274,0.0902917,-0.174102,0.10263
0.106607,0.106607,0.107429,0.091065,-0.17333,0.10278
0.11491,0.11491,0.115525,0.0909024,-0.173495,0.103327
0.107187,0.107187,0.10865,0.0912552,-0.173143,0.103047
0.0757332,0.0757332,0.0787958,0.0922571,-0.172142,0.103124
0.0743021,0.0743021,0.0774045,0.0911413,-0.173259,0.103828
0.0971777,0.0971777,0.0988619,0.0929692,-0.171432,0.104788
0.104618,0.104618,0.105901,0.0914502,-0.172951,0.105028
0.0846121,0.0846121,0.0865069,0.0929204,-0.171482,0.104991
0.103557,0.103557,0.104598,0.0927843,-0.171619,0.105062
0.0819653,0.0819653,0.0827656,0.0922437,-0.17216,0.104904
0.0715317,0.0715316,0.072827,0.0928066,-0.171597,0.104642
0.0699165,0.0699165,0.0701904,0.0914034,-0.173001,0.103819
0.0786497,0.0786496,0.0786628,0.0944431,-0.169961,0.103904
0.0795505,0.0795504,0.0813737,0.0936863,-0.170718,0.10388
0.096781,0.096781,0.0980902,0.0943099,-0.170095,0.10532
0.0892548,0.0892548,0.0914175,0.0943867,-0.170018,0.105241
0.0835963,0.0835963,0.0861158,0.0947064,-0.169699,0.105438
0.0844145,0.0844145,0.0857468,0.0953441,-0.169061,0.105855
0.0848278,0.0848278,0.0852573,0.0953392,-0.169066,0.106784
0.0849192,0.0849192,0.0856973,0.0949553,-0.16945,0.105799
0.07209,0.07209,0.0741403,0.0941994,-0.170206,0.105737
0.0669473,0.0669473,0.0683365,0.0943162,-0.170089,0.105293
0.0755435,0.0755434,0.0757541,0.0951308,-0.169275,0.105151
0.0593088,0.0593088,0.0608057,0.0953855,-0.16902,0.10459
0.0727497,0.0727497,0.07409,0.0962961,-0.16811,0.103991
0.0709363,0.0709362,0.0732597,0.0952845,-0.169121,0.104092
0.0836397,0.0836397,0.0853576,0.0922214,-0.172184,0.104141
0.0883754,0.0883753,0.0904299,0.0908322,-0.173573,0.103911
0.0902711,0.0902711,0.09123,0.0949241,-0.169482,0.1042
0.0865779,0.0865779,0.0885453,0.0933148,-0.171091,0.104579
0.075931,0.075931,0.0777641,0.0929462,-0.171459,0.104207
0.0688681,0.0688681,0.0691773,0.0924818,-0.171924,0.104531
0.0597623,0.0597623,0.0582515,0.0924427,-0.171963,0.103032
0.0657178,0.0657177,0.0658832,0.0928614,-0.171544,0.102632
0.0641905,0.0641905,0.0641831,0.0914545,-0.172951,0.102497
0.048585,0.048585,0.0492783,0.0914588,-0.172947,0.101344
0.0513772,0.0513772,0.0527765,0.0924352,-0.17197,0.101319
0.0453227,0.0453227,0.0470464,0.0929469,-0.171459,0.101231
0.0430138,0.0430137,0.0445628,0.0926703,-0.171735,0.101312
0.0440307,0.0440306,0.0453872,0.0912579,-0.173148,0.101293
0.0392645,0.0392645,0.041218,0.0898859,-0.17452,0.100754
0.0584226,0.0584226,0.0600542,0.0876348,-0.176771,0.101214
0.0597662,0.0597662,0.0616985,0.0870755,-0.17733,0.10137
0.0719358,0.0719358,0.0733707,0.0876061,-0.1768,0.101231
0.0787779,0.0787779,0.0794838,0.0858521,-0.178554,0.101893
0.0838202,0.0838201,0.0855846,0.0858302,-0.178575,0.10153
0.0775708,0.0775708,0.0798579,0.0871194,-0.177286,0.101578
0.070883,0.070883,0.0736087,0.0874675,-0.176938,0.10132
0.0749027,0.0749027,0.0777732,0.0885073,-0.175898,0.101278
0.0821531,0.0821531,0.0839559,0.0886622,-0.175744,0.101574
0.077061,0.0770609,0.07906,0.0881428,-0.176263,0.101906
0.0720828,0.0720828,0.0733878,0.0893019,-0.175104,0.101831
0.0690227,0.0690227,0.0707356,0.0886285,-0.175777,0.100987
0.0713764,0.0713764,0.0727436,0.089739,-0.174667,0.101245
0.0650248,0.0650248,0.0654854,0.091842,-0.172683,0.101
0.0750825,0.0750825,0.0761647,0.0908712,-0.173535,0.100662
0.072468,0.0724679,0.0738249,0.0917477,-0.172658,0.100755
0.0692074,0.0692074,0.070123,0.0907006,-0.173705,0.100269
0.0722045,0.0722045,0.0733818,0.091391,-0.173015,0.100221
0.0658384,0.0658384,0.0672875,0.0904099,-0.173996,0.0998871
0.0634031,0.0634031,0.0654115,0.090079,-0.174327,0.100752
0.0748328,0.0748327,0.0769092,0.0891792,-0.175227,0.101212
0.0737138,0.0737138,0.0756092,0.0894766,-0.174929,0.101414
0.0707776,0.0707776,0.0719508,0.0896341,-0.174772,0.10095
0.0716279,0.0716278,0.0723709,0.0902254,-0.17418,0.100172
0.0629973,0.0629973,0.0642748,0.0907317,-0.173674,0.100372
0.0582014,0.0582014,0.0590488,0.0904338,-0.173972,0.100042
0.0653324,0.0653324,0.0655365,0.0906493,-0.173756,0.100677
0.0726209,0.0726208,0.0722538,0.0920409,-0.172365,0.101634
0.0637224,0.0637224,0.0633495,0.120237,-0.144169,0.105051
0.0659631,0.0659631,0.0567149,0.133376,-0.13103,0.105507
0.0195373,0.0195372,0.0199737,0.103252,-0.161153,0.100556
0.020778,0.0207779,0.022686,0.0994248,-0.164981,0.0999607
0.0286313,0.0286312,0.0303668,0.0943345,-0.170071,0.10077
0.0374396,0.0374395,0.0378548,0.0933278,-0.171078,0.101849
0.0603216,0.0603215,0.0612773,0.0920787,-0.172327,0.102599
0.0641473,0.0641472,0.0645176,0.0917706,-0.172635,0.103365
0.0592334,0.0592333,0.0601708,0.0917276,-0.172678,0.102615
0.0575965,0.0575965,0.0583291,0.0905265,-0.173879,0.102537
0.0580478,0.0580478,0.0597745,0.0908805,-0.173525,0.103443
0.0574132,0.0574131,0.05944,0.0903759,-0.17403,0.103225
0.0583477,0.0583477,0.0592508,0.0931583,-0.171247,0.103694
0.0706316,0.0706316,0.0720039,0.093642,-0.170764,0.102665
0.0720574,0.0720574,0.073836,0.0915286,-0.172877,0.10281
0.0763354,0.0763354,0.0780623,0.0906764,-0.173729,0.102786
0.0652912,0.0652912,0.0656955,0.12599,-0.138416,0.101388
0.00862877,0.00862874,0.00880769,0.133486,-0.13092,0.0923523
0.00565771,0.00565766,0.0238536,0.138858,-0.125547,0.0918566
0.0205362,0.0205361,0.0322745,0.115419,-0.148987,0.0952979
0.0340103,0.0340103,0.0373797,0.0955147,-0.168891,0.0986199
0.0468788,0.0468788,0.0496197,0.0931284,-0.171277,0.0992238
0.0279122,0.0279122,0.0307735,0.0912264,-0.173179,0.0979763
0.0269428,0.0269427,0.0307882,0.0903153,-0.17409,0.0983996
0.0255838,0.0255838,0.0287682,0.0897008,-0.174705,0.0993906
0.0274035,0.0274035,0.031551,0.0905109,-0.173895,0.0983717
0.059032,0.059032,0.0612877,0.0913823,-0.173023,0.0991003
0.0628222,0.0628222,0.0643831,0.0906115,-0.173794,0.0994621
0.0545769,0.0545769,0.057059,0.0910663,-0.173339,0.0989918
0.0369968,0.0369967,0.0405676,0.0914697,-0.172936,0.0983271
0.0596676,0.0596676,0.0605938,0.0931101,-0.171296,0.0990435
0.0615888,0.0615887,0.0615429,0.0930347,-0.171371,0.099696
0.0607233,0.0607233,0.0626412,0.0929723,-0.171433,0.0985823
0.06824,0.06824,0.0694368,0.0932104,-0.171195,0.0983905
0.0536356,0.0536356,0.0572029,0.0926277,-0.171778,0.09754
0.0550378,0.0550378,0.0590658,0.0921651,-0.172241,0.0974757
0.0575007,0.0575007,0.0601805,0.0924199,-0.171986,0.0981837
0.0594958,0.0594957,0.0610931,0.0915478,-0.172858,0.0977823
0.0711248,0.0711247,0.0723069,0.0921633,-0.172242,0.0986434
0.0752347,0.0752346,0.0760365,0.0913016,-0.173104,0.0994334
0.0383088,0.0383088,0.0411072,0.0912211,-0.173185,0.0983591
0.0494181,0.0494181,0.0527565,0.0923393,-0.172066,0.0985068
0.0344263,0.0344263,0.0376878,0.0942064,-0.170199,0.096881
0.0412144,0.0412144,0.0434409,0.0935477,-0.170858,0.0972379
0.0687557,0.0687556,0.0693688,0.0913025,-0.173103,0.0991767
0.0828809,0.0828809,0.0842428,0.092257,-0.172149,0.0999944
0.0894719,0.0894719,0.0914931,0.0907206,-0.173685,0.100119
0.0948802,0.0948802,0.0963577,0.0901415,-0.174264,0.100203
0.0878686,0.0878685,0.0905199,0.0896399,-0.174766,0.0998292
0.0916105,0.0916105,0.0946045,0.090877,-0.173529,0.099417
0.0909734,0.0909734,0.0919314,0.0939186,-0.170487,0.10007
0.0683107,0.0683107,0.0707861,0.0922355,-0.17217,0.0987497
0.0428167,0.0428166,0.0457441,0.0938479,-0.170558,0.0984139
0.0622033,0.0622033,0.0636507,0.0920341,-0.172372,0.0989897
0.0424624,0.0424624,0.045603,0.0924054,-0.172,0.0982202
0.0517408,0.0517408,0.0546799,0.0929916,-0.171414,0.0980979
0.0520655,0.0520655,0.0544742,0.0934069,-0.170999,0.0979463
0.0404743,0.0404743,0.0424787,0.0915608,-0.172845,0.0976543
0.0380635,0.0380634,0.0402467,0.0930512,-0.171354,0.0974684
0.0546928,0.0546928,0.0571042,0.0937124,-0.170693,0.0982558
0.0353555,0.0353555,0.0395052,0.0910429,-0.173363,0.0980921
0.051186,0.051186,0.053619,0.0936177,-0.170788,0.0990303
0.0656825,0.0656825,0.0674427,0.0930765,-0.171329,0.0994151
0.0745954,0.0745954,0.0770281,0.0927844,-0.171621,0.0988054
0.0821153,0.0821153,0.0826265,0.0940668,-0.170339,0.0994851
0.0733717,0.0733717,0.0746419,0.0941222,-0.170284,0.0995264
0.0849853,0.0849852,0.0854151,0.0931221,-0.171284,0.0996894
0.0986514,0.0986514,0.0989096,0.0915736,-0.172832,0.100181
0.060774,0.060774,0.0610333,0.112169,-0.152237,0.101685
0.013172,0.0131719,0.0209979,0.121264,-0.143141,0.0950972
0.0393959,0.0393959,0.0429608,0.107477,-0.156929,0.0964071
0.0768665,0.0768664,0.0768494,0.0950771,-0.169329,0.0988225
0.106731,0.106731,0.106793,0.0906735,-0.173732,0.0996373
0.104908,0.104908,0.103724,0.0899649,-0.174441,0.0991982
0.0994947,0.0994946,0.0973583,0.0893638,-0.175042,0.100322
0.0883329,0.0883328,0.0862969,0.0903771,-0.174029,0.0998038
0.0818449,0.0818449,0.0802261,0.0915428,-0.172863,0.100666
0.0785035,0.0785035,0.0772954,0.0919871,-0.172419,0.100225
0.0774854,0.0774854,0.0760177,0.0947357,-0.16967,0.10063
0.0866967,0.0866967,0.0855338,0.0935117,-0.170894,0.100374
0.0855048,0.0855048,0.08405,0.0915113,-0.172894,0.10061
0.0888433,0.0888433,0.0888332,0.0904366,-0.173969,0.10022
0.073958,0.0739579,0.0747048,0.0873807,-0.177025,0.0998526
0.0730952,0.0730952,0.0738149,0.0861609,-0.178245,0.0997601
0.073792,0.0737919,0.0738646,0.0837893,-0.180616,0.100398
0.0813158,0.0813158,0.0808133,0.0838291,-0.180577,0.100189
0.0936933,0.0936933,0.0935736,0.0843884,-0.180017,0.0998375
0.0911936,0.0911936,0.0913731,0.0859984,-0.178407,0.0999513
0.0959233,0.0959233,0.0956704,0.0884386,-0.175967,0.100401
0.0898758,0.0898758,0.0914905,0.0892834,-0.175122,0.100171
0.0884833,0.0884833,0.0889844,0.0894693,-0.174936,0.100638
0.088956,0.088956,0.0895606,0.0886161,-0.17579,0.100293
0.0947855,0.0947854,0.0946954,0.0892336,-0.175172,0.0990214
0.0852497,0.0852497,0.0843597,0.0893941,-0.175012,0.0989959
0.07033,0.0703299,0.0703032,0.0896993,-0.174706,0.0984824
0.0572567,0.0572567,0.0577114,0.0899853,-0.17442,0.0978742
0.0542374,0.0542374,0.0543282,0.0901162,-0.174289,0.0972853
0.0451039,0.0451038,0.0468341,0.0906723,-0.173733,0.096352
0.0487693,0.0487693,0.0493887,0.0901307,-0.174275,0.0970999
0.0376908,0.0376908,0.0381678,0.0920578,-0.172348,0.0972592
0.0365424,0.0365424,0.0375961,0.0912671,-0.173139,0.0969117
0.0264316,0.0264316,0.0277372,0.0913695,-0.173036,0.0965471
0.0359448,0.0359448,0.0386275,0.0854001,-0.179006,0.097187
0.0325975,0.0325975,0.034393,0.0884918,-0.175914,0.0977114
0.0494175,0.0494175,0.0506238,0.0889726,-0.175433,0.0994102
0.0615526,0.0615526,0.0621477,0.0882754,-0.17613,0.0999606
0.0689476,0.0689475,0.0698503,0.0906981,-0.173708,0.0999567
0.0539032,0.0539032,0.0553198,0.0903569,-0.174049,0.100628
0.073615,0.073615,0.0753698,0.0903563,-0.174049,0.0996914
0.0838145,0.0838145,0.0838246,0.092616,-0.17179,0.0990333
0.0744294,0.0744294,0.074473,0.0933124,-0.171093,0.0985503
0.102552,0.102552,0.101042,-0.112123,-0.0550422,0.159489
0.102077,0.102077,0.0760395,-0.230133,0.0502298,0.219691
0.11076,0.110759,0.0970648,-0.267379,0.0409432,0.246601
0.120936,0.120936,0.116613,-0.342336,0.0631612,0.356998
0.115917,0.115917,0.113548,-0.337806,0.088336,0.381032
0.139448,0.139448,0.132054,-0.285214,0.122757,0.434158
0.129871,0.129871,0.12499,-0.25856,0.136562,0.457092
0.108647,0.108647,0.105419,-0.183585,0.157932,0.507036
0.0967,0.0966999,0.0943982,-0.206846,0.182977,0.520334
0.105589,0.105589,0.105104,-0.150437,0.235226,0.555645
0.116746,0.116745,0.116304,-0.107234,0.243911,0.573422
0.123826,0.123826,0.122252,-0.0595812,0.28356,0.602679
0.125526,0.125526,0.124061,-0.0279804,0.298798,0.618057
0.120347,0.120347,0.119031,0.0445896,0.320337,0.64594
0.119517,0.119517,0.117194,0.0894335,0.338319,0.655782
0.0918344,0.0918343,0.0897392,0.130214,0.415628,0.647536
0.0866931,0.0866931,0.0849804,0.124919,0.44016,0.656395
0.0937102,0.0937102,0.0923441,0.136752,0.465826,0.661793
0.085387,0.0853869,0.0824014,0.187382,0.47586,0.668454
0.0979257,0.0979257,0.0937976,0.258906,0.474185,0.676534
0.0993181,0.099318,0.0932633,0.276407,0.503459,0.671659
0.119761,0.119761,0.113981,0.287883,0.537346,0.654458
0.127523,0.127522,0.122074,0.288565,0.535487,0.650673
0.117135,0.117135,0.111764,0.309435,0.574822,0.638388
0.117704,0.117704,0.111444,0.347257,0.573959,0.638567
0.118309,0.118309,0.11216,0.339295,0.581176,0.631052
0.119162,0.119162,0.112453,0.362569,0.58879,0.629778
0.138581,0.138581,0.132294,0.422559,0.589127,0.63044
0.127872,0.127872,0.121635,0.452112,0.585819,0.633029
0.127225,0.127225,0.120693,0.461647,0.582997,0.633261
0.130223,0.130222,0.126499,0.450739,0.598889,0.619354
0.127886,0.127886,0.118972,0.451155,0.587236,0.631223
0.124909,0.124909,0.116211,0.487528,0.568052,0.643377
0.134805,0.134805,0.126968,0.5039,0.562207,0.642512
0.119092,0.119092,0.11087,0.495449,0.567964,0.638221
0.10779,0.10779,0.100661,0.448282,0.586623,0.631535
0.116518,0.116518,0.110685,0.48812,0.574982,0.641531
0.145969,0.145969,0.120751,0.516847,0.552523,0.649875
0.14704,0.14704,0.13925,0.534744,0.533449,0.66175
0.150206,0.150206,0.143074,0.5545,0.510766,0.665739
0.146071,0.146071,0.138519,0.548957,0.511837,0.658399
0.135752,0.135752,0.129129,0.552917,0.516416,0.659079
0.141221,0.14122,0.134233,0.529285,0.522365,0.654959
0.14981,0.14981,0.14257,0.485106,0.51516,0.64432
0.137773,0.137773,0.130283,0.479064,0.513594,0.647611
0.119624,0.119624,0.111009,0.462478,0.503299,0.652143
0.109454,0.109453,0.10124,0.473544,0.504527,0.6537
0.0936126,0.0936125,0.0862682,0.445827,0.507017,0.648783
0.0974135,0.0974135,0.0895909,0.452386,0.513582,0.645315
0.104409,0.104409,0.0968039,0.429169,0.527314,0.637606
0.104737,0.104737,0.0961264,0.4166,0.527134,0.634532
0.103302,0.103302,0.095298,0.427217,0.51927,0.639027
0.0777036,0.0777036,0.0710294,0.438919,0.530289,0.6378
0.096694,0.0966939,0.0897075,0.446786,0.517598,0.643875
0.0956378,0.0956377,0.0885945,0.425915,0.526145,0.639089
0.104664,0.104664,0.0968295,0.447529,0.520375,0.645838
0.117977,0.117977,0.11069,0.433585,0.510004,0.64579
0.106499,0.106499,0.0987069,0.413954,0.520529,0.636006
0.0944921,0.094492,0.0867272,0.409868,0.530139,0.633344
0.0920549,0.0920549,0.0856267,0.427169,0.529787,0.632939
0.0995184,0.0995183,0.0956713,0.479904,0.509709,0.643057
0.0668224,0.0668223,0.061385,0.419092,0.541826,0.65003
0.0694297,0.0694297,0.0634695,0.417963,0.541228,0.648621
0.0965482,0.0965482,0.0901308,0.402392,0.525995,0.644771
0.101223,0.101223,0.0948442,0.371603,0.525333,0.641978
0.128116,0.128115,0.121118,0.426088,0.501335,0.656895
0.128667,0.128667,0.121987,0.415136,0.497519,0.660231
0.10456,0.10456,0.098219,0.347258,0.500318,0.658571
0.116753,0.116753,0.111249,0.322144,0.49261,0.656421
0.132958,0.132958,0.127802,0.227111,0.451764,0.652214
0.135995,0.135995,0.130715,0.190058,0.425127,0.650052
0.143072,0.143072,0.139753,0.143766,0.40725,0.657105
0.151184,0.151184,0.148281,0.11858,0.392106,0.63672
0.138282,0.138282,0.135039,0.0398976,0.357215,0.624478
0.130902,0.130902,0.128094,-0.00908813,0.343215,0.631228
0.129005,0.129005,0.127804,-0.0967619,0.310608,0.621308
0.11646,0.116459,0.115608,-0.125885,0.273417,0.624761
0.0788609,0.0788609,0.0892683,-0.165711,0.220564,0.613536
0.0720429,0.0720428,0.0772264,-0.186883,0.175545,0.616138
0.0740297,0.0740297,0.0767471,-0.241026,0.102494,0.602639
0.0764976,0.0764976,0.0780543,-0.266143,0.084875,0.593059
0.0776238,0.0776238,0.0790235,-0.345496,0.0557312,0.567193
0.0805488,0.0805488,0.081852,-0.377887,0.0371695,0.553958
0.0850278,0.0850278,0.0868923,-0.456772,-0.00147378,0.522433
0.075756,0.075756,0.075333,-0.462358,-0.0502306,0.511468
0.0797643,0.0797643,0.0792792,-0.480861,-0.0845154,0.485089
0.0831207,0.0831207,0.0827935,-0.499393,-0.0978025,0.466052
0.0711429,0.0711428,0.0717456,-0.523705,-0.118132,0.426142
0.0669046,0.0669046,0.0669228,-0.535382,-0.109834,0.400016
0.0549702,0.0549701,0.0563156,-0.538326,-0.115402,0.382355
0.0795478,0.0795477,0.0783023,-0.56227,-0.137613,0.340234
0.0969261,0.096926,0.0950952,-0.581122,-0.162281,0.295612
0.0964873,0.0964873,0.0936358,-0.565805,-0.175364,0.275167
0.0962506,0.0962505,0.0927721,-0.553334,-0.168014,0.231218
0.0883358,0.0883358,0.0855022,-0.530403,-0.173121,0.212308
0.0813063,0.0813062,0.078413,-0.513872,-0.158558,0.195845
0.0814211,0.0814211,0.0798558,-0.477399,-0.180513,0.164786
0.0775215,0.0775215,0.0762326,-0.482899,-0.112787,0.147852
0.0756646,0.0756646,0.0749152,-0.486997,-0.0772895,0.141094
0.0821028,0.0821028,0.0806633,-0.477581,-0.0699861,0.137751
0.0921509,0.0921509,0.0897669,-0.464644,-0.0910023,0.132173
0.0912919,0.0912918,0.0884311,-0.461559,-0.0838457,0.129193
0.0736742,0.0736741,0.0717491,-0.451703,-0.0659388,0.126275
0.0799217,0.0799217,0.0780851,-0.437991,-0.0827503,0.126701
0.0965529,0.0965528,0.0946907,-0.438839,-0.102507,0.126852
0.103091,0.103091,0.101078,-0.430817,-0.114835,0.127735
0.100976,0.100976,0.099573,-0.433996,-0.0975265,0.128375
0.105235,0.105235,0.104917,-0.431488,-0.0970078,0.128869
0.101412,0.101411,0.101052,-0.430067,-0.115849,0.130212
0.0999085,0.0999084,0.0997159,-0.428856,-0.119635,0.130351
0.102751,0.102751,0.102611,-0.429552,-0.128246,0.130593
0.0944368,0.0944368,0.0929621,-0.427921,-0.117421,0.129674
0.0932041,0.0932041,0.090436,-0.429457,-0.116743,0.129242
0.0957755,0.0957755,0.0943022,-0.430065,-0.117897,0.128567
0.0885686,0.0885686,0.0873213,-0.431056,-0.112805,0.127532
0.0866368,0.0866367,0.0863,-0.433153,-0.114857,0.127394
0.0757667,0.0757666,0.0753944,-0.438799,-0.099186,0.130465
0.0768927,0.0768927,0.0762374,-0.44862,-0.0869503,0.132245
0.0740131,0.074013,0.0729582,-0.476184,-0.0725427,0.141707
0.0861997,0.0861996,0.0846193,-0.518773,-0.0783836,0.151609
0.0924824,0.0924824,0.0904268,-0.581025,-0.0770305,0.188491
0.107793,0.107793,0.104751,-0.604992,-0.0727897,0.215208
0.12972,0.12972,0.12567,-0.606501,-0.0680161,0.276716
0.138184,0.138184,0.136001,-0.567907,-0.0745625,0.345632
0.143502,0.143502,0.141988,-0.522906,-0.0758999,0.3847
0.113695,0.113695,0.113527,-0.439626,-0.0500478,0.453419
0.0908677,0.0908676,0.0920796,-0.412514,-0.00900212,0.482595
0.0809478,0.0809478,0.0826833,-0.391415,0.0231636,0.506782
0.0730417,0.0730417,0.0742949,-0.271374,0.0714412,0.562048
0.099452,0.0994519,0.0993317,-0.164401,0.0766521,0.606745
0.109132,0.109132,0.108726,-0.154047,0.137431,0.599164
0.116584,0.116584,0.114916,-0.122547,0.161588,0.61578
0.0983847,0.0983847,0.0959587,-0.0476087,0.268165,0.610652
0.0921341,0.092134,0.0894696,-0.0197818,0.310587,0.611076
0.0907031,0.0907031,0.0862212,0.0424144,0.367335,0.617844
0.100753,0.100753,0.0957454,0.0973194,0.40675,0.620867
0.112168,0.112168,0.106843,0.09887,0.406058,0.634598
0.110326,0.110326,0.105208,0.159265,0.421723,0.627231
0.104406,0.104406,0.09835,0.215405,0.439571,0.634244
0.113779,0.113779,0.107034,0.289426,0.453206,0.632041
0.122806,0.122806,0.116232,0.304575,0.452075,0.643361
0.121635,0.121635,0.11454,0.386865,0.45737,0.669559
0.116795,0.116795,0.108558,0.414578,0.462237,0.679869
0.123436,0.123436,0.115217,0.456553,0.474066,0.682784
0.125357,0.125357,0.117448,0.446557,0.479819,0.679458
0.129203,0.129203,0.122152,0.47232,0.496758,0.67915
0.136274,0.136274,0.128676,0.454449,0.48927,0.681188
0.137048,0.137048,0.130084,0.452337,0.493832,0.68142
0.150873,0.150873,0.142933,0.469647,0.488532,0.680492
0.145177,0.145176,0.137075,0.434655,0.487383,0.682509
0.146694,0.146694,0.139032,0.428139,0.490302,0.683346
0.137377,0.137377,0.130462,0.435534,0.485885,0.684369
0.141549,0.141549,0.134207,0.455066,0.478524,0.685794
0.140198,0.140198,0.132553,0.463267,0.476248,0.686199
0.13524,0.13524,0.127782,0.445675,0.473541,0.684677
0.146675,0.146675,0.138697,0.455786,0.468688,0.684689
0.144827,0.144827,0.136956,0.415075,0.473035,0.681204
0.133723,0.133723,0.125951,0.449158,0.476202,0.680931
0.126193,0.126192,0.118594,0.468789,0.477419,0.679591
0.140143,0.140143,0.132928,0.464547,0.473597,0.678657
0.137415,0.137415,0.130582,0.447242,0.475775,0.678206
0.122411,0.122411,0.11572,0.411593,0.485923,0.674315
0.131371,0.131371,0.124544,0.410461,0.482002,0.67682
0.127097,0.127097,0.120645,0.430134,0.468506,0.682783
0.133372,0.133372,0.12713,0.410109,0.471277,0.682227
0.132713,0.132713,0.125186,0.419723,0.470791,0.682604
0.138847,0.138847,0.130411,0.4389,0.473432,0.677948
0.131174,0.131174,0.123861,0.426079,0.473686,0.677393
0.145709,0.145709,0.138863,0.439553,0.465038,0.677673
0.14681,0.14681,0.139686,0.45147,0.463238,0.677667
0.149504,0.149504,0.143165,0.457439,0.457292,0.675865
0.142784,0.142784,0.135569,0.451949,0.477968,0.673773
0.141066,0.141066,0.13426,0.45156,0.481378,0.672135
0.139999,0.139999,0.13327,0.450089,0.479702,0.67161
0.143778,0.143777,0.136772,0.436489,0.476736,0.671642
0.138696,0.138696,0.131206,0.433539,0.482675,0.667101
0.141439,0.141439,0.134377,0.424885,0.484063,0.663953
0.147314,0.147314,0.14091,0.430561,0.474347,0.667399
0.133681,0.133681,0.126524,0.430007,0.476179,0.668548
0.126743,0.126742,0.119845,0.436414,0.473412,0.669659
0.130283,0.130282,0.123043,0.456097,0.474994,0.664336
0.130416,0.130416,0.123394,0.418445,0.473539,0.665675
0.128747,0.128747,0.121243,0.424164,0.469078,0.672985
0.142,0.142,0.134382,0.445063,0.450814,0.677183
0.138597,0.138597,0.131216,0.456608,0.458078,0.679439
0.133479,0.133479,0.126138,0.427948,0.468786,0.670554
0.122001,0.122,0.11497,0.409053,0.495521,0.655914
0.126179,0.126179,0.119429,0.427381,0.491107,0.657417
0.139687,0.139687,0.132305,0.428173,0.489444,0.653743
0.117882,0.117882,0.111046,0.414041,0.475118,0.65791
0.123225,0.123225,0.116192,0.412474,0.466153,0.663952
0.128755,0.128755,0.121477,0.410258,0.460569,0.667878
0.132691,0.132691,0.124497,0.33052,0.468364,0.649867
0.136766,0.136766,0.129486,0.367068,0.466777,0.65342
0.142703,0.142703,0.135147,0.421706,0.460412,0.667622
0.145966,0.145966,0.13878,0.426466,0.456504,0.670633
0.150433,0.150433,0.14305,0.349138,0.466804,0.654631
0.132837,0.132837,0.126445,0.371337,0.463809,0.657968
0.11931,0.11931,0.11285,0.427736,0.440654,0.672886
0.114559,0.114559,0.108164,0.384717,0.431291,0.671039
0.124022,0.124022,0.118341,0.302391,0.431239,0.646454
0.134084,0.134084,0.128084,0.26896,0.388094,0.649156
0.131858,0.131858,0.127862,0.241223,0.349564,0.642727
0.14859,0.14859,0.144837,0.199809,0.318911,0.647342
0.144227,0.144227,0.140438,0.107073,0.28278,0.640091
0.145629,0.145629,0.141885,0.00104146,0.233495,0.630203
0.133997,0.133997,0.131796,-0.0378616,0.227789,0.616608
0.142884,0.142884,0.140908,-0.117334,0.134967,0.623075
0.136914,0.136914,0.134944,-0.167513,0.132103,0.603477
0.120309,0.120309,0.118959,-0.235229,0.0626941,0.600456
0.118612,0.118612,0.117394,-0.266399,0.0334956,0.597142
0.111126,0.111126,0.11021,-0.288145,-0.00180771,0.593477
0.101064,0.101064,0.10107,-0.350595,-0.0278311,0.570222
0.0961379,0.0961379,0.0956988,-0.378818,-0.0445956,0.558189
0.0747608,0.0747607,0.0751708,-0.459041,-0.0562811,0.528772
0.0753604,0.0753604,0.0749442,-0.48447,-0.0683183,0.514477
0.0670746,0.0670746,0.0670793,-0.515826,-0.102282,0.484725
0.0729318,0.0729318,0.0734673,-0.53432,-0.110162,0.467238
0.0589614,0.0589614,0.0586421,-0.559699,-0.111291,0.434186
0.0631879,0.0631879,0.0632147,-0.555001,-0.112615,0.416894
0.0617642,0.0617641,0.0638834,-0.587691,-0.10231,0.379549
0.0615088,0.0615087,0.0637339,-0.595523,-0.134588,0.344825
0.0773445,0.0773444,0.0784724,-0.600724,-0.145609,0.326499
0.0850257,0.0850257,0.0848729,-0.579312,-0.173223,0.299368
0.0906684,0.0906684,0.0902708,-0.580704,-0.177179,0.284722
0.0965314,0.0965313,0.0966309,-0.578605,-0.184707,0.269244
0.0955028,0.0955027,0.0961132,-0.574196,-0.180569,0.245865
0.0970258,0.0970258,0.0980167,-0.566758,-0.172027,0.237259
0.0906829,0.0906828,0.091672,-0.54329,-0.171434,0.220336
0.101893,0.101893,0.101931,-0.536922,-0.150827,0.212358
0.108026,0.108026,0.1072,-0.505431,-0.168317,0.193539
0.10246,0.10246,0.101186,-0.495448,-0.163996,0.184469
0.09362,0.0936199,0.0929798,-0.466998,-0.168698,0.168347
0.0890578,0.0890577,0.08833,-0.464928,-0.163812,0.158671
0.105582,0.105582,0.10423,-0.490773,-0.124628,0.148327
0.10643,0.10643,0.105694,-0.501138,-0.105405,0.144874
0.0968745,0.0968744,0.0964109,-0.521342,-0.0784412,0.138175
0.101951,0.101951,0.101199,-0.517628,0.00682182,0.136195
0.0990811,0.099081,0.0905071,-0.49506,-0.00772562,0.135567
0.0954589,0.0954588,0.0888543,-0.466511,-0.121341,0.130847
0.106486,0.106486,0.101823,-0.482264,-0.118404,0.132496
0.105959,0.105959,0.104125,-0.489907,-0.100143,0.134185
0.106589,0.106589,0.106192,-0.50003,-0.0651256,0.135374
0.114106,0.114106,0.113979,-0.498023,-0.0773303,0.135087
0.107645,0.107645,0.107275,-0.495195,-0.0715334,0.135263
0.101749,0.101749,0.1025,-0.478815,-0.0709972,0.13016
0.113782,0.113782,0.113816,-0.478123,-0.0781082,0.123514
0.121279,0.121279,0.121022,-0.478119,-0.0846577,0.122973
0.123708,0.123708,0.123988,-0.483297,-0.0763231,0.12242
0.127158,0.127158,0.127183,-0.47828,-0.0855507,0.121845
0.139544,0.139544,0.138713,-0.479911,-0.0937543,0.121566
0.140631,0.140631,0.140016,-0.482044,-0.0957566,0.121687
0.122309,0.122309,0.123485,-0.478782,-0.0948255,0.121548
0.126252,0.126252,0.127274,-0.477087,-0.0870357,0.121998
0.145399,0.145399,0.145039,-0.475904,-0.0957315,0.122286
0.143062,0.143062,0.143058,-0.470102,-0.102002,0.130015
0.147719,0.147719,0.147743,-0.471042,-0.0891204,0.132272
0.146134,0.146134,0.146081,-0.470054,-0.0801811,0.133302
0.143003,0.143003,0.14294,-0.466421,-0.0662093,0.134164
0.134683,0.134683,0.135009,-0.458828,-0.0882438,0.134498
0.108875,0.108875,0.109015,-0.456747,-0.0639726,0.134996
0.103659,0.103659,0.10415,-0.454361,-0.0636064,0.135165
0.107181,0.107181,0.106057,-0.450468,-0.0667192,0.135341
0.119703,0.119703,0.118191,-0.447054,-0.0852631,0.134651
0.12275,0.12275,0.122279,-0.445812,-0.0955495,0.135315
0.121056,0.121056,0.120906,-0.447001,-0.0827187,0.134908
0.132831,0.132831,0.133335,-0.448598,-0.111258,0.135074
0.130529,0.130529,0.130127,-0.448549,-0.101107,0.134774
0.137498,0.137498,0.13652,-0.451375,-0.0884553,0.134475
0.134768,0.134768,0.134236,-0.455297,-0.085686,0.13392
0.120861,0.120861,0.12003,-0.465508,-0.0717203,0.134214
0.125972,0.125972,0.125052,-0.466,-0.0805159,0.134122
0.133106,0.133106,0.132203,-0.471179,-0.0623314,0.133974
0.128107,0.128107,0.127488,-0.479651,-0.0644555,0.133735
0.132084,0.132084,0.131431,-0.48628,-0.0739073,0.134025
0.135302,0.135302,0.134581,-0.482017,-0.09084,0.134155
0.141297,0.141297,0.140396,-0.485633,-0.0928002,0.134506
0.13701,0.13701,0.136364,-0.483777,-0.0996544,0.134973
0.131226,0.131226,0.130762,-0.502399,-0.0769602,0.136176
0.130044,0.130044,0.129946,-0.511568,-0.0774876,0.137139
0.128545,0.128545,0.128533,-0.52668,-0.0713891,0.148189
0.120664,0.120664,0.121647,-0.547334,-0.0689888,0.156879
0.12309,0.12309,0.1219,-0.592395,-0.0705955,0.175472
0.13113,0.13113,0.130088,-0.609879,-0.0844381,0.19098
0.138282,0.138282,0.136791,-0.631821,-0.0887801,0.23525
0.142394,0.142394,0.14032,-0.651439,-0.0901635,0.261168
0.13437,0.13437,0.13512,-0.634872,-0.0561969,0.318565
0.139669,0.139669,0.139817,-0.602654,-0.0364373,0.346806
0.13085,0.13085,0.13105,-0.571222,-0.0319588,0.402224
0.115324,0.115324,0.116514,-0.547042,-0.0284169,0.429051
0.0860938,0.0860938,0.0877845,-0.518454,0.0186394,0.475936
0.0782985,0.0782984,0.0804391,-0.502418,0.0478893,0.497798
0.082091,0.082091,0.0837179,-0.461103,0.0869674,0.53952
0.0814546,0.0814545,0.0825907,-0.400591,0.0925222,0.565078
0.0909107,0.0909106,0.0921272,-0.327646,0.157573,0.581284
0.0912988,0.0912988,0.09173,-0.286273,0.169508,0.599599
0.0922483,0.0922483,0.0930302,-0.233092,0.28071,0.597584
0.0936696,0.0936695,0.094097,-0.181888,0.306542,0.603176
0.101545,0.101545,0.101295,-0.115332,0.345758,0.611505
0.107704,0.107704,0.107961,-0.0785416,0.358466,0.613984
0.113658,0.113658,0.11264,0.00666562,0.394297,0.621411
0.123033,0.123033,0.121421,0.0500973,0.412293,0.623962
0.125495,0.125495,0.123535,0.102942,0.457057,0.623785
0.129293,0.129293,0.126632,0.144981,0.471095,0.623904
0.141541,0.141541,0.138017,0.18944,0.488175,0.631995
0.14855,0.14855,0.144335,0.211865,0.483448,0.649211
0.143653,0.143652,0.138939,0.28677,0.489444,0.671026
0.136483,0.136483,0.13185,0.338306,0.501377,0.679621
0.133169,0.133169,0.128676,0.41204,0.528302,0.679757
0.13489,0.13489,0.129638,0.407512,0.54314,0.679971
0.149773,0.149773,0.145092,0.41985,0.572479,0.672517
0.149309,0.149309,0.144544,0.428068,0.58218,0.67099
0.162094,0.162094,0.157586,0.479306,0.587328,0.672161
0.170681,0.170681,0.166093,0.414077,0.611606,0.665433
0.166749,0.166749,0.162184,0.471063,0.613111,0.666622
0.167571,0.167571,0.16289,0.463173,0.613893,0.664643
0.179058,0.179058,0.174829,0.469704,0.605427,0.664036
0.18175,0.18175,0.176545,0.473548,0.606985,0.665776
0.174399,0.174399,0.17023,0.46122,0.604462,0.66538
0.178111,0.178111,0.173442,0.447823,0.606336,0.663342
0.172911,0.172911,0.167893,0.480785,0.584114,0.669964
0.179399,0.179399,0.173922,0.498763,0.578754,0.671175
0.178423,0.178423,0.173533,0.44979,0.564236,0.674645
0.181877,0.181877,0.176976,0.430978,0.547146,0.678565
0.173283,0.173283,0.168842,0.346607,0.528806,0.670817
0.179743,0.179743,0.176098,0.337075,0.512659,0.676402
0.189013,0.189013,0.184197,0.207208,0.473701,0.669013
0.192529,0.192529,0.187625,0.135096,0.459189,0.657417
0.204958,0.204958,0.200984,0.0989071,0.408624,0.645889
0.209296,0.209296,0.20627,0.0622617,0.369687,0.649032
0.187721,0.187721,0.185277,-0.0420607,0.336451,0.634355
0.184109,0.184109,0.182831,-0.0967393,0.298775,0.632053
0.163006,0.163006,0.162782,-0.176511,0.220796,0.623145
0.157923,0.157922,0.157729,-0.22228,0.183668,0.611117
0.146412,0.146412,0.146291,-0.315059,0.134165,0.577839
0.139701,0.139701,0.139813,-0.360423,0.108055,0.559904
0.144412,0.144412,0.14503,-0.398634,0.0840561,0.542699
0.142527,0.142527,0.142928,-0.463482,0.0268822,0.509061
0.148258,0.148258,0.149257,-0.515524,-0.040304,0.465655
0.151484,0.151484,0.152668,-0.555652,-0.0530893,0.442571
0.145174,0.145174,0.147626,-0.601883,-0.0924882,0.394605
0.140404,0.140404,0.143842,-0.611008,-0.113185,0.371508
0.139603,0.139603,0.142959,-0.615734,-0.168054,0.32889
0.140921,0.140921,0.143868,-0.592041,-0.213289,0.313585
0.152643,0.152643,0.153719,-0.590478,-0.242597,0.282107
0.14362,0.14362,0.144718,-0.599656,-0.244993,0.265442
0.124136,0.124136,0.125147,-0.604561,-0.235679,0.235602
0.125937,0.125937,0.125935,-0.605272,-0.234923,0.221341
0.0923806,0.0923806,0.0849567,-0.536843,-0.166353,0.200569
0.106299,0.106299,0.102772,-0.52042,-0.228947,0.188998
0.111156,0.111156,0.110661,-0.473814,-0.262792,0.165351
0.111506,0.111506,0.11192,-0.481248,-0.252131,0.15416
0.118998,0.118998,0.119175,-0.495444,-0.14377,0.145279
0.0927045,0.0927044,0.102723,-0.48688,-0.112232,0.139704
0.103639,0.103639,0.107505,-0.463356,-0.161311,0.133558
0.106415,0.106414,0.109449,-0.471766,-0.135189,0.132529
0.125461,0.125461,0.127546,-0.463241,-0.112696,0.131023
0.121829,0.121829,0.123628,-0.45546,-0.127786,0.130946
0.132614,0.132614,0.134604,-0.461934,-0.100115,0.127866
0.136665,0.136665,0.138526,-0.459979,-0.0985114,0.127333
0.125011,0.125011,0.12735,-0.466255,-0.0834407,0.125942
0.126515,0.126515,0.127953,-0.4612,-0.0894501,0.126508
0.127103,0.127103,0.128538,-0.463252,-0.0945101,0.12481
0.129991,0.129991,0.13157,-0.461225,-0.0931021,0.125351
0.125158,0.125158,0.127366,-0.460896,-0.100013,0.125094
0.115332,0.115332,0.118404,-0.459126,-0.0957029,0.12635
0.10222,0.10222,0.104164,-0.462351,-0.0893007,0.12501
0.102414,0.102414,0.104744,-0.462348,-0.0924867,0.123899
0.0960383,0.0960383,0.0982289,-0.458547,-0.0995859,0.12365
0.112081,0.112081,0.113221,-0.45693,-0.115193,0.123968
0.115422,0.115422,0.115961,-0.455888,-0.122298,0.124608
0.112266,0.112266,0.113472,-0.452624,-0.126098,0.125631
0.100202,0.100202,0.101864,-0.451765,-0.112595,0.127067
0.0926496,0.0926496,0.0933555,-0.447541,-0.101553,0.127766
0.0716844,0.0716843,0.0737723,-0.451253,-0.100988,0.12829
0.0732118,0.0732118,0.0754338,-0.447612,-0.105728,0.128536
0.0645089,0.0645088,0.0664957,-0.437774,-0.0959407,0.129777
0.0560813,0.0560812,0.0588273,-0.435266,-0.0912107,0.130408
0.0439905,0.0439905,0.0455858,-0.440197,-0.0718281,0.130474
0.048076,0.048076,0.049969,-0.438529,-0.0733353,0.131359
0.0373386,0.0373386,0.0441602,-0.439763,-0.0803145,0.131541
0.0300247,0.0300246,0.0315512,-0.437868,-0.0742045,0.131737
0.0316552,0.0316552,0.0339067,-0.435371,-0.0678129,0.132375
0.037442,0.037442,0.0405094,-0.430233,-0.0897217,0.132965
0.0273411,0.0273411,0.0298961,-0.437875,-0.0680292,0.132598
0.0412418,0.0412418,0.044232,-0.435117,-0.0695252,0.132123
0.0500121,0.0500121,0.0521707,-0.429308,-0.0800414,0.131616
0.0371897,0.0371896,0.0388311,-0.43117,-0.0844832,0.131619
0.0131412,0.0131411,0.0144865,-0.433937,-0.0552261,0.133046
0.00601404,0.00601399,0.00817413,-0.428571,-0.0534001,0.132867
0.00536681,0.00536677,0.00706509,-0.42734,-0.0513721,0.133131
0.0347399,0.0347399,0.0357435,-0.421506,-0.0740842,0.13286
0.0492966,0.0492965,0.0503997,-0.423645,-0.0593851,0.133391
0.0469121,0.0469121,0.0480436,-0.421039,-0.0519962,0.133362
0.0711611,0.0711611,0.072203,-0.418095,-0.0578885,0.133199
0.062356,0.062356,0.0635135,-0.417926,-0.0483195,0.133275
0.0468839,0.0468839,0.0486952,-0.415404,-0.0721449,0.13292
0.0572025,0.0572025,0.0581352,-0.417436,-0.0541722,0.132978
0.0643556,0.0643556,0.0657102,-0.412964,-0.0659095,0.133189
0.0735766,0.0735765,0.0745448,-0.416645,-0.0639537,0.132884
0.0790947,0.0790947,0.0797608,-0.414098,-0.0938321,0.133113
0.0782624,0.0782623,0.0785505,-0.416388,-0.0762917,0.132871
0.0749742,0.0749742,0.0751605,-0.414774,-0.0746855,0.133183
0.0703178,0.0703177,0.0710829,-0.414036,-0.0502704,0.133128
0.0961812,0.0961812,0.0970204,-0.408616,-0.0604055,0.133092
0.0943738,0.0943738,0.0950378,-0.410844,-0.0505536,0.13237
0.00156397,0.00156389,0.0238888,-0.40659,0.00898517,0.132018
0.0402259,0.0402258,0.0498561,-0.400745,-0.032237,0.131066
-0.0175723,-0.0175724,-0.0140201,-0.402958,0.0209147,0.131288
-0.00222536,-0.00222541,-0.000442861,-0.401122,0.0255608,0.130706
0.0162711,0.016271,0.017159,-0.397416,0.0155849,0.130012
0.0258917,0.0258916,0.0323746,-0.390957,-0.00336135,0.126993
0.0630702,0.0630701,0.0649935,-0.398136,-0.0794608,0.12616
0.0680728,0.0680728,0.0693101,-0.410965,-0.0822901,0.128725
0.0714651,0.0714651,0.0724129,-0.413587,-0.0953741,0.132135
0.0685513,0.0685513,0.0691588,-0.412978,-0.0964781,0.133094
0.0683743,0.0683743,0.0687356,-0.411984,-0.0992131,0.13391
0.0845198,0.0845197,0.0843729,-0.410982,-0.109629,0.133889
0.0741859,0.0741859,0.0751435,-0.419223,-0.101443,0.133804
0.0682846,0.0682845,0.0694692,-0.419278,-0.087959,0.133737
0.0662847,0.0662847,0.066669,-0.414451,-0.095081,0.134342
0.0613991,0.0613991,0.0624297,-0.413695,-0.0930961,0.134292
0.0479549,0.0479548,0.0487841,-0.412678,-0.0712595,0.134335
0.0491825,0.0491825,0.0507244,-0.415022,-0.0710242,0.133918
0.0697615,0.0697614,0.0702018,-0.410382,-0.0768728,0.134229
0.0800652,0.0800652,0.0804272,-0.413205,-0.0652639,0.134349
0.0853347,0.0853346,0.0859089,-0.40742,-0.0723444,0.134361
0.0824557,0.0824557,0.0836667,-0.405955,-0.0761266,0.134238
0.0835162,0.0835161,0.0850638,-0.408781,-0.091287,0.134521
0.075771,0.0757709,0.0775266,-0.409465,-0.0839976,0.134578
0.0644811,0.064481,0.0656876,-0.411852,-0.0782303,0.134581
0.0577573,0.0577573,0.0597787,-0.410786,-0.0799113,0.134057
0.0541588,0.0541587,0.0552526,-0.40753,-0.0714417,0.134734
0.0594058,0.0594057,0.0602706,-0.406878,-0.0766313,0.134114
0.0655937,0.0655936,0.0668798,-0.410103,-0.0796769,0.134327
0.0732196,0.0732196,0.073967,-0.414107,-0.0828609,0.134046
0.0730418,0.0730417,0.0734258,-0.410332,-0.0770027,0.134353
0.0734541,0.073454,0.0737804,-0.411798,-0.0738641,0.133928
0.081651,0.081651,0.0817225,-0.416895,-0.0908214,0.133765
0.0834957,0.0834956,0.0843485,-0.414239,-0.102853,0.134081
0.0644109,0.0644108,0.0658262,-0.41521,-0.0908992,0.134217
0.0734265,0.0734264,0.074342,-0.420539,-0.0926744,0.133987
0.0776427,0.0776427,0.0782789,-0.418767,-0.0810196,0.134046
0.0779559,0.0779559,0.0787603,-0.421441,-0.0849576,0.133961
0.0598687,0.0598686,0.0610223,-0.416844,-0.0611082,0.134226
0.0732149,0.0732148,0.0737043,-0.415991,-0.0651354,0.134024
0.0855086,0.0855086,0.0862998,-0.411577,-0.0848046,0.133763
0.0872785,0.0872785,0.0885234,-0.41286,-0.0857611,0.133601
0.0772054,0.0772054,0.0785785,-0.412284,-0.076605,0.133773
0.0779747,0.0779746,0.0792858,-0.414556,-0.0810816,0.133441
0.084095,0.0840949,0.0850255,-0.415486,-0.0823223,0.134448
0.0803043,0.0803042,0.0814358,-0.415667,-0.0875963,0.134261
0.0607726,0.0607725,0.0618883,-0.408469,-0.0651499,0.134132
0.0701121,0.070112,0.0708691,-0.40649,-0.0735787,0.133942
0.065275,0.065275,0.0664224,-0.405705,-0.0849454,0.133946
0.0463636,0.0463635,0.047694,-0.406089,-0.0858084,0.133829
0.0252241,0.0252241,0.0259089,-0.400848,-0.0725276,0.134154
0.022356,0.022356,0.0232063,-0.402104,-0.0682266,0.133193
0.0192583,0.0192582,0.0202068,-0.403905,-0.0617736,0.133479
0.0225458,0.0225458,0.0242741,-0.405979,-0.0715402,0.13335
0.0208253,0.0208253,0.022788,-0.40361,-0.0605749,0.133673
0.0337923,0.0337923,0.035484,-0.404329,-0.080353,0.133659
0.0384441,0.038444,0.0390297,-0.402367,-0.0745688,0.133631
0.0361418,0.0361417,0.0371476,-0.39762,-0.0757133,0.133449
0.0378165,0.0378164,0.038709,-0.408179,-0.0920976,0.133694
0.0378369,0.0378369,0.0397839,-0.404771,-0.0866032,0.134302
0.026469,0.0264689,0.0286002,-0.404943,-0.0823736,0.13448
0.0277977,0.0277976,0.0292628,-0.405642,-0.0955867,0.133883
0.015564,0.015564,0.0175622,-0.414307,-0.1039,0.132644
0.0154868,0.0154868,0.0172413,-0.425054,-0.119175,0.132251
-0.000708721,-0.000708775,0.00170988,-0.45037,-0.15431,0.132591
0.00737916,0.00737911,0.00926693,-0.471434,-0.193069,0.133919
-0.00343454,-0.00343458,-0.00158178,-0.493712,-0.234353,0.134252
-0.00424145,-0.00424149,-0.00200353,-0.561952,-0.319737,0.134728
-0.00492065,-0.0049207,-0.00299409,-0.58148,-0.41724,0.128648
-0.0014968,-0.00149684,-0.000540754,-0.635844,-0.584214,0.125823
-0.0138204,-0.0138205,-0.0122192,-0.733807,-0.758184,0.127162
-0.0257441,-0.0257442,-0.0245104,-0.793828,-0.840839,0.127798
-0.0464386,-0.0464387,-0.0446304,-0.850955,-0.917722,0.128676
-0.0923307,-0.0923307,-0.0913296,-0.97363,-1.05752,0.128721
-0.168969,-0.168969,-0.167457,-1.09071,-1.15132,0.128827
-0.206077,-0.206077,-0.204033,-1.1372,-1.19157,0.126663
-0.265232,-0.265232,-0.262558,-1.18356,-1.28223,0.119983
-0.291057,-0.291057,-0.289294,-1.18658,-1.32865,0.118313
-0.342481,-0.342481,-0.340233,-1.19091,-1.40357,0.0953978
-0.367193,-0.367193,-0.363519,-1.19922,-1.41202,0.0958083
-0.380221,-0.380221,-0.376796,-1.19976,-1.4247,0.0981852
-0.426063,-0.426063,-0.423147,-1.19038,-1.41356,0.100223
-0.521197,-0.521197,-0.518152,-1.1447,-1.37794,0.108717
-0.531505,-0.531505,-0.528851,-1.11079,-1.36949,0.114295
-0.550488,-0.550488,-0.549746,-1.05323,-1.33678,0.117117
-0.564469,-0.564469,-0.563132,-1.0271,-1.31224,0.11831
-0.576623,-0.576623,-0.574531,-0.999288,-1.28973,0.118446
-0.558382,-0.558382,-0.557491,-0.956726,-1.26158,0.119419
-0.558772,-0.558772,-0.558249,-0.925832,-1.23417,0.121076
-0.563866,-0.563866,-0.563038,-0.916961,-1.22657,0.121662
-0.562943,-0.562943,-0.561244,-0.910658,-1.22118,0.12216
-0.564418,-0.564418,-0.561648,-0.909441,-1.21893,0.121121
-0.549466,-0.549466,-0.548043,-0.914498,-1.22964,0.119885
-0.547804,-0.547804,-0.546522,-0.920724,-1.22441,0.117023
-0.545794,-0.545794,-0.542752,-0.92999,-1.24222,0.115198
-0.542029,-0.54203,-0.539354,-0.935327,-1.24873,0.116031
-0.529972,-0.529972,-0.527693,-0.938297,-1.24683,0.11618
-0.536962,-0.536962,-0.534312,-0.936204,-1.24916,0.115212
-0.53757,-0.53757,-0.535572,-0.941181,-1.25507,0.115239
-0.557797,-0.557797,-0.555801,-0.959595,-1.26038,0.109675
-0.604915,-0.604915,-0.603118,-0.982388,-1.27374,0.103734
-0.625459,-0.625459,-0.623547,-0.994655,-1.28677,0.1026
-0.622436,-0.622436,-0.621329,-1.02292,-1.32781,0.10457
-0.61137,-0.611371,-0.61003,-1.03937,-1.34794,0.101693
-0.610994,-0.610994,-0.608703,-1.05605,-1.36703,0.102989
-0.570922,-0.570922,-0.571197,-1.08519,-1.39426,0.0983542
-0.554189,-0.554189,-0.554637,-1.1009,-1.40656,0.0969164
-0.513642,-0.513642,-0.513814,-1.12298,-1.4145,0.0866738
-0.465951,-0.465951,-0.466007,-1.17159,-1.43058,0.0685082
-0.459639,-0.459639,-0.458944,-1.18505,-1.43321,0.0815855
-0.480968,-0.480968,-0.47864,-1.18923,-1.38782,0.0961889
-0.48011,-0.48011,-0.476956,-1.18811,-1.35556,0.103409
-0.469026,-0.469026,-0.466423,-1.1747,-1.29207,0.111485
-0.448293,-0.448293,-0.445926,-1.15608,-1.26775,0.115958
-0.426407,-0.426407,-0.423638,-1.13032,-1.2478,0.116608
-0.386055,-0.386055,-0.384761,-1.07235,-1.19858,0.11777
-0.345215,-0.345215,-0.342938,-0.997991,-1.13599,0.120389
-0.330549,-0.330549,-0.327987,-0.958806,-1.10001,0.121188
-0.306442,-0.306443,-0.30382,-0.922578,-1.06111,0.120867
-0.26862,-0.268621,-0.266699,-0.832392,-0.955742,0.119476
-0.238695,-0.238695,-0.237655,-0.783304,-0.904137,0.119554
-0.203437,-0.203437,-0.20263,-0.673671,-0.784999,0.114926
-0.187346,-0.187346,-0.186072,-0.621864,-0.722654,0.112963
-0.168314,-0.168314,-0.167246,-0.549846,-0.598299,0.110734
-0.161402,-0.161402,-0.160547,-0.507072,-0.544474,0.110052
-0.156233,-0.156233,-0.154463,-0.477884,-0.439827,0.117355
-0.146495,-0.146495,-0.145356,-0.446563,-0.3867,0.117063
-0.131724,-0.131724,-0.129469,-0.367376,-0.329482,0.113174
-0.128581,-0.128581,-0.126734,-0.335295,-0.310291,0.109821
-0.134804,-0.134804,-0.133039,-0.321746,-0.241994,0.114851
-0.138384,-0.138384,-0.135612,-0.307397,-0.237446,0.126065
-0.13352,-0.13352,-0.131137,-0.286268,-0.227888,0.137548
-0.135553,-0.135553,-0.133545,-0.275391,-0.214203,0.140198
-0.122192,-0.122192,-0.119742,-0.254893,-0.218531,0.145071
-0.132551,-0.132551,-0.129795,-0.252269,-0.2129,0.14495
-0.122929,-0.122929,-0.120618,-0.251954,-0.225768,0.144065
-0.125711,-0.125711,-0.123139,-0.263261,-0.225577,0.142485
-0.134185,-0.134185,-0.131845,-0.29413,-0.248943,0.141359
-0.133402,-0.133402,-0.131315,-0.319087,-0.266702,0.139296
-0.132809,-0.132809,-0.130596,-0.405387,-0.329944,0.132663
-0.125937,-0.125937,-0.123868,-0.455838,-0.468124,0.127078
-0.131499,-0.131499,-0.129634,-0.505944,-0.532849,0.127974
-0.127384,-0.127384,-0.125833,-0.62764,-0.703431,0.129804
-0.124945,-0.124945,-0.123228,-0.694808,-0.788334,0.131959
-0.147456,-0.147456,-0.145006,-0.823713,-0.946868,0.13962
-0.164267,-0.164267,-0.162076,-0.888315,-1.01918,0.140238
-0.187147,-0.187148,-0.183773,-0.957871,-1.07781,0.143641
-0.22836,-0.22836,-0.225296,-1.05661,-1.20177,0.147176
-0.260135,-0.260135,-0.256743,-1.10339,-1.235,0.148578
-0.328983,-0.328983,-0.325636,-1.16858,-1.29542,0.148553
-0.382529,-0.382529,-0.379985,-1.17886,-1.37485,0.145252
-0.402607,-0.402607,-0.401853,-1.17995,-1.40313,0.137339
-0.425132,-0.425132,-0.424622,-1.1904,-1.42129,0.120461
-0.45446,-0.45446,-0.45291,-1.19016,-1.43232,0.120528
-0.506496,-0.506496,-0.504734,-1.17504,-1.41273,0.126076
-0.518465,-0.518465,-0.516986,-1.18154,-1.37669,0.125811
-0.528624,-0.528624,-0.526641,-1.14955,-1.37948,0.130726
-0.560416,-0.560416,-0.557074,-1.09964,-1.35806,0.135295
-0.555589,-0.555589,-0.552891,-1.07721,-1.34543,0.136941
-0.55084,-0.55084,-0.550326,-1.03803,-1.3154,0.1342
-0.551782,-0.551782,-0.551591,-1.01903,-1.2985,0.134107
-0.550646,-0.550646,-0.549999,-0.993656,-1.27764,0.136109
-0.533968,-0.533968,-0.533821,-0.985959,-1.26993,0.135856
-0.543089,-0.543089,-0.542182,-0.977001,-1.26118,0.130617
-0.54458,-0.54458,-0.543548,-0.975838,-1.26501,0.128766
-0.548996,-0.548996,-0.549255,-0.989097,-1.27482,0.120754
-0.539897,-0.539897,-0.540442,-1.0106,-1.29538,0.11766
-0.560053,-0.560053,-0.560616,-1.02107,-1.30477,0.116908
-0.584341,-0.584341,-0.583995,-1.02647,-1.31275,0.118651
-0.584183,-0.584183,-0.584383,-1.05485,-1.34422,0.117846
-0.558931,-0.558931,-0.559273,-1.08467,-1.3751,0.115001
-0.577871,-0.577871,-0.578939,-1.09829,-1.37891,0.11623
-0.571783,-0.571783,-0.573075,-1.13966,-1.36154,0.113073
-0.537899,-0.537899,-0.538397,-1.14391,-1.3953,0.105906
-0.508394,-0.508394,-0.507979,-1.14443,-1.41411,0.10285
-0.484007,-0.484008,-0.482576,-1.15029,-1.43114,0.111487
-0.466187,-0.466187,-0.464056,-1.15501,-1.44144,0.108134
-0.427646,-0.427646,-0.426033,-1.17056,-1.43402,0.114257
-0.442304,-0.442304,-0.439486,-1.17822,-1.41178,0.115184
-0.429072,-0.429072,-0.425907,-1.18497,-1.36733,0.116376
-0.398925,-0.398925,-0.396074,-1.17701,-1.32837,0.114307
-0.384661,-0.384661,-0.381107,-1.17023,-1.30564,0.114787
-0.380747,-0.380747,-0.377737,-1.15504,-1.28368,0.115491
-0.350264,-0.350264,-0.347044,-1.12477,-1.23559,0.116994
-0.333291,-0.333291,-0.33103,-1.08305,-1.18035,0.121678
-0.336921,-0.336921,-0.334007,-1.05852,-1.14418,0.123935
-0.284356,-0.284356,-0.281804,-0.987446,-1.09774,0.124687
-0.267226,-0.267226,-0.265522,-0.956143,-1.05247,0.124804
-0.254725,-0.254725,-0.253509,-0.917365,-0.999986,0.126896
-0.223541,-0.223541,-0.2222,-0.819329,-0.897209,0.125275
-0.213337,-0.213337,-0.211913,-0.767996,-0.83484,0.125906
-0.203228,-0.203228,-0.201419,-0.665522,-0.700128,0.122762
-0.17996,-0.17996,-0.178531,-0.566609,-0.585708,0.119113
-0.173548,-0.173548,-0.171906,-0.526122,-0.531892,0.115738
-0.17222,-0.17222,-0.170862,-0.489682,-0.419502,0.114655
-0.165182,-0.165182,-0.163906,-0.479148,-0.376734,0.114341
-0.157376,-0.157376,-0.156135,-0.447107,-0.364272,0.115869
-0.159378,-0.159378,-0.157001,-0.410938,-0.293329,0.119881
-0.154838,-0.154838,-0.15301,-0.394071,-0.274645,0.124387
-0.149639,-0.149639,-0.147265,-0.345089,-0.253752,0.130647
-0.154579,-0.154579,-0.152167,-0.327126,-0.254251,0.132917
-0.150995,-0.150995,-0.148114,-0.328894,-0.278126,0.135479
-0.144191,-0.144191,-0.141717,-0.35737,-0.300856,0.136555
-0.144058,-0.144058,-0.141955,-0.413809,-0.403306,0.140708
-0.1415,-0.1415,-0.139442,-0.472445,-0.480573,0.142082
-0.130882,-0.130882,-0.129073,-0.630358,-0.68291,0.149108
-0.117832,-0.117832,-0.115878,-0.721971,-0.797226,0.152867
-0.128964,-0.128964,-0.12704,-0.896086,-1.00678,0.154848
-0.148034,-0.148034,-0.14582,-0.984724,-1.08779,0.156313
-0.209113,-0.209113,-0.205575,-1.14717,-1.19704,0.156072
-0.239035,-0.239035,-0.235503,-1.19411,-1.25316,0.150944
-0.275281,-0.275281,-0.273197,-1.22027,-1.37892,0.136869
-0.299318,-0.299318,-0.298508,-1.24816,-1.41683,0.128909
-0.341352,-0.341352,-0.340047,-1.20783,-1.45602,0.124631
-0.387789,-0.387789,-0.385986,-1.21518,-1.45705,0.120845
-0.470624,-0.470624,-0.467601,-1.20365,-1.38612,0.1238
-0.497555,-0.497555,-0.49427,-1.15682,-1.38312,0.129378
-0.541719,-0.541719,-0.539274,-1.08738,-1.34357,0.135524
-0.53752,-0.53752,-0.535497,-1.05974,-1.31656,0.137379
-0.554801,-0.554801,-0.552745,-1.01877,-1.27263,0.137568
-0.554963,-0.554963,-0.553553,-1.0047,-1.26307,0.136933
-0.561575,-0.561575,-0.559607,-0.99073,-1.2538,0.134723
-0.555417,-0.555417,-0.553793,-0.993078,-1.2615,0.131516
-0.542523,-0.542523,-0.540661,-1.00575,-1.28597,0.127729
-0.540369,-0.54037,-0.538844,-1.0155,-1.29937,0.124845
-0.563019,-0.563019,-0.56191,-1.04272,-1.32864,0.12378
-0.558735,-0.558735,-0.556951,-1.0609,-1.35022,0.123323
-0.527045,-0.527045,-0.526985,-1.16439,-1.37689,0.115412
-0.49108,-0.49108,-0.489892,-1.20667,-1.39217,0.109263
-0.420831,-0.420831,-0.421512,-1.24323,-1.38922,0.155871
-0.422972,-0.422972,-0.423066,-1.23814,-1.40508,0.149111
-0.402724,-0.402724,-0.401084,-1.21814,-1.41999,0.143735
-0.396323,-0.396323,-0.395011,-1.20767,-1.41614,0.142151
-0.363162,-0.363162,-0.360415,-1.18086,-1.38021,0.141308
-0.347721,-0.347721,-0.345383,-1.0968,-1.27575,0.133068
-0.332209,-0.332209,-0.3297,-0.995853,-1.18284,0.12535
-0.315786,-0.315786,-0.313528,-0.943286,-1.12883,0.126964
-0.288851,-0.288851,-0.286986,-0.829712,-0.995083,0.122101
-0.253881,-0.253881,-0.252234,-0.761379,-0.937046,0.122799
-0.199694,-0.199694,-0.199418,-0.631079,-0.781718,0.122743
-0.173329,-0.173329,-0.191115,-0.568304,-0.704815,0.122659
-0.153139,-0.153139,-0.152836,-0.519562,-0.534301,0.121583
-0.139087,-0.139087,-0.138632,-0.509317,-0.44655,0.124363
-0.115154,-0.115154,-0.113212,-0.42526,-0.316766,0.131174
-0.0897508,-0.0897508,-0.088129,-0.380397,-0.219619,0.129515
-0.0901137,-0.0901137,-0.0881579,-0.362595,-0.180017,0.130766
-0.07873,-0.0787301,-0.0768532,-0.345234,-0.141157,0.131912
-0.0577331,-0.0577331,-0.055822,-0.337912,-0.0856414,0.133198
-0.0581826,-0.0581826,-0.0568899,-0.320582,-0.0622328,0.13616
-0.0436798,-0.0436799,-0.0413155,-0.291685,-0.0364794,0.138792
-0.0414977,-0.0414977,-0.0394518,-0.254153,-0.0474687,0.140283
-0.0322757,-0.0322757,-0.0297157,-0.24131,-0.052709,0.140066
-0.0225922,-0.0225923,-0.0205579,-0.230548,-0.064013,0.138121
-0.0269368,-0.0269369,-0.0240913,-0.228281,-0.0660288,0.137338
-0.0306717,-0.0306718,-0.0273069,-0.230733,-0.0672576,0.138289
-0.0368087,-0.0368088,-0.0346029,-0.241608,-0.0687181,0.139628
-0.0356341,-0.0356341,-0.0329656,-0.243864,-0.0709204,0.140354
-0.0429192,-0.0429193,-0.0402421,-0.23643,-0.0904688,0.141033
-0.0494196,-0.0494196,-0.0472574,-0.241887,-0.0780301,0.141397
-0.0383675,-0.0383675,-0.0362406,-0.249633,-0.0771231,0.140934
-0.0334415,-0.0334415,-0.0317545,-0.253611,-0.0836563,0.140608
-0.0417762,-0.0417763,-0.0400322,-0.250164,-0.10462,0.140832
-0.0402363,-0.0402363,-0.0372287,-0.254024,-0.113816,0.141564
-0.0452531,-0.0452531,-0.0423889,-0.253654,-0.10358,0.141616
-0.0490374,-0.0490374,-0.0461114,-0.248142,-0.0971776,0.14163
-0.0700011,-0.0700012,-0.0668854,-0.254204,-0.0812226,0.140562
-0.0748373,-0.0748373,-0.0714519,-0.251499,-0.0791013,0.140381
-0.0667559,-0.066756,-0.0641283,-0.250042,-0.0754909,0.14134
-0.0544849,-0.0544849,-0.0522233,-0.258619,-0.0774497,0.140841
-0.0455199,-0.04552,-0.0429922,-0.262998,-0.0815396,0.141021
-0.0443146,-0.0443147,-0.0420959,-0.265755,-0.0831914,0.140784
-0.0277176,-0.0277177,-0.0255891,-0.268489,-0.0967791,0.139501
-0.0219651,-0.0219651,-0.0196292,-0.263626,-0.102657,0.139364
-0.0355396,-0.0355396,-0.0329691,-0.266816,-0.0971729,0.138753
-0.0388346,-0.0388347,-0.0364498,-0.268783,-0.0878594,0.139145
-0.0497844,-0.0497844,-0.0482416,-0.273893,-0.0724789,0.138231
-0.0492906,-0.0492906,-0.0475351,-0.271894,-0.0800355,0.13662
-0.0514291,-0.0514291,-0.0496287,-0.266036,-0.0732052,0.136763
-0.0464628,-0.0464628,-0.0436191,-0.2631,-0.070321,0.13604
-0.0410574,-0.0410574,-0.0389218,-0.264206,-0.075167,0.135289
-0.0418735,-0.0418736,-0.0393096,-0.263225,-0.0703973,0.135996
-0.0489223,-0.0489224,-0.0463894,-0.266819,-0.0620801,0.133996
-0.0453312,-0.0453312,-0.0429199,-0.273893,-0.0592459,0.13274
-0.0244376,-0.0244376,-0.0233492,-0.278378,-0.0794007,0.131841
-0.0120267,-0.0120267,-0.0113072,-0.28079,-0.0830718,0.130571
-0.011022,-0.011022,-0.0094389,-0.286018,-0.0769055,0.130699
-0.0063569,-0.00635693,-0.00482967,-0.290629,-0.075427,0.129792
0.0198,0.0198,0.0208988,-0.286385,-0.10093,0.130573
0.0304235,0.0304234,0.0323749,-0.290033,-0.104549,0.130181
0.0309695,0.0309694,0.0322672,-0.297415,-0.0845252,0.128178
0.0340148,0.0340148,0.035496,-0.29929,-0.0843336,0.12775
0.0121462,0.0121461,0.012841,-0.290873,-0.0849934,0.129697
-0.00790885,-0.00790889,-0.00730284,-0.289026,-0.0837475,0.128596
-0.0138831,-0.0138831,-0.0139601,-0.284154,-0.0842168,0.128001
-0.0224918,-0.0224918,-0.0223116,-0.285623,-0.0793354,0.128745
-0.0179239,-0.0179239,-0.0180311,-0.281584,-0.0892986,0.12886
-0.019136,-0.019136,-0.0190708,-0.288081,-0.0862368,0.129117
-0.0156101,-0.0156101,-0.0163616,-0.28628,-0.0929611,0.128122
-0.00946224,-0.00946227,-0.0103066,-0.286901,-0.0967057,0.127742
-0.00960228,-0.00960231,-0.0108612,-0.291512,-0.0946688,0.12886
-0.00905892,-0.00905895,-0.00955204,-0.295622,-0.093086,0.129134
-0.00795325,-0.00795328,-0.00962054,-0.290053,-0.0979187,0.128791
-0.00765002,-0.00765006,-0.0081328,-0.283959,-0.0933783,0.128852
0.00221553,0.0022155,0.00173012,-0.289535,-0.104588,0.128694
-0.00640992,-0.00640995,-0.00749192,-0.29168,-0.100315,0.128984
-0.00250979,-0.00250983,-0.00410391,-0.301172,-0.095489,0.12915
0.00686979,0.00686976,0.0042303,-0.305829,-0.103127,0.129099
0.00608618,0.00608614,0.00648394,-0.307197,-0.0977959,0.128485
0.00185226,0.00185222,0.00276751,-0.303339,-0.0960751,0.128545
-0.00123914,-0.00123918,0.000116587,-0.30727,-0.089063,0.130192
0.00424759,0.00424755,0.00442869,-0.304002,-0.100837,0.130164
0.00710347,0.00710343,0.00811669,-0.301768,-0.100144,0.129857
0.00271977,0.00271973,0.003238,-0.299485,-0.0883462,0.130145
-0.0120797,-0.0120798,-0.0112575,-0.302506,-0.064235,0.129374
-0.0133616,-0.0133616,-0.0135364,-0.304204,-0.0595135,0.128738
-0.000167357,-0.000167395,-0.000152441,-0.298717,-0.0667859,0.128729
-0.0063039,-0.00630393,-0.00557618,-0.297066,-0.0591587,0.128872
0.00443471,0.00443468,0.00376105,-0.300536,-0.0601572,0.128003
0.00324742,0.00324739,0.00225026,-0.299715,-0.0670879,0.12874
-0.00149154,-0.00149158,-0.000860148,-0.292622,-0.0765127,0.128777
-0.00751423,-0.00751427,-0.00610405,-0.291432,-0.0719158,0.12864
-0.00738866,-0.0073887,-0.00613076,-0.290788,-0.074508,0.129024
-0.00811204,-0.00811208,-0.00660868,-0.290307,-0.0750521,0.129944
9.45564e-05,9.45199e-05,0.000745229,-0.286195,-0.0769224,0.129788
0.000486765,0.000486729,0.000179159,-0.288843,-0.0781299,0.129226
-0.000672951,-0.000672982,-0.000474304,-0.287724,-0.0744169,0.129244
-0.00371502,-0.00371506,-0.00386108,-0.28267,-0.0762985,0.129578
-0.00727146,-0.0072715,-0.00571883,-0.286665,-0.0698659,0.129197
0.00332662,0.0033266,0.00251946,-0.283875,-0.0722328,0.130528
0.00080507,0.000805034,0.00171386,-0.293107,-0.0672992,0.129348
-0.00410041,-0.00410045,-0.00277375,-0.293815,-0.0766773,0.128828
0.00914663,0.00914659,0.0107107,-0.273576,-0.0948441,0.128558
0.00959517,0.00959513,0.0115448,-0.28136,-0.0859395,0.127706
0.00478953,0.00478949,0.00641355,-0.276923,-0.0962763,0.12778
0.00141303,0.00141299,0.00286465,-0.281777,-0.0875371,0.128576
-0.00629003,-0.00629007,-0.00445845,-0.291935,-0.0825305,0.127353
-0.00894789,-0.00894793,-0.00673015,-0.286645,-0.0989411,0.128202
-0.00413193,-0.00413196,-0.00229921,-0.278197,-0.113103,0.128175
0.000131258,0.000131217,0.00276611,-0.271238,-0.122562,0.12937
0.0158883,0.0158882,0.0166038,-0.256906,-0.129519,0.12994
0.00145436,0.00145432,0.00239419,-0.257968,-0.116104,0.130063
0.00727441,0.00727437,0.00721546,-0.256251,-0.10613,0.130427
0.0106551,0.0106551,0.0107267,-0.266116,-0.113853,0.129737
0.00166761,0.00166757,0.00268575,-0.267333,-0.112173,0.129333
0.00525778,0.00525774,0.00518967,-0.261103,-0.111913,0.128785
0.00287486,0.00287482,0.00369084,-0.263621,-0.102481,0.128487
-0.00289725,-0.00289729,-0.00147142,-0.263232,-0.10002,0.129175
-0.0157301,-0.0157302,-0.0140675,-0.265254,-0.0813271,0.128104
-0.0107905,-0.0107906,-0.008982,-0.266791,-0.0811147,0.126944
-0.00720597,-0.00720601,-0.00651524,-0.261643,-0.085659,0.128872
-0.0110077,-0.0110078,-0.0108395,-0.256656,-0.0850807,0.129424
-0.0103578,-0.0103579,-0.0100464,-0.24686,-0.0928109,0.131111
-0.00536166,-0.0053617,-0.00494455,-0.246512,-0.108024,0.130816
-0.00297458,-0.00297462,-0.00292779,-0.241201,-0.11322,0.131697
0.00965987,0.00965984,0.00955634,-0.237689,-0.120765,0.132385
0.0337555,0.0337554,0.034278,-0.229315,-0.138515,0.133815
0.0308895,0.0308895,0.0311132,-0.224944,-0.140044,0.133464
0.0295757,0.0295756,0.028485,-0.23284,-0.128766,0.133581
0.0231714,0.0231713,0.0229666,-0.238174,-0.128314,0.132617
0.0116838,0.0116838,0.0126092,-0.249983,-0.104865,0.131535
0.0147289,0.0147289,0.0157241,-0.249761,-0.109672,0.131849
0.0179377,0.0179376,0.0186817,-0.247431,-0.115545,0.131745
0.0102125,0.0102124,0.0110223,-0.251283,-0.110959,0.131167
0.00981759,0.00981756,0.0110324,-0.24881,-0.110019,0.131616
0.00334206,0.00334203,0.00415729,-0.252444,-0.101239,0.131248
0.000761839,0.000761807,0.00254349,-0.254045,-0.0967226,0.129832
-0.00272301,-0.00272304,-0.000147699,-0.255219,-0.0973767,0.129615
0.00436939,0.00436935,0.0066144,-0.259246,-0.0982054,0.128556
0.0039829,0.00398287,0.00580322,-0.255965,-0.0991341,0.130103
0.0185775,0.0185774,0.0191741,-0.252975,-0.108351,0.130603
0.0153842,0.0153842,0.0161462,-0.247009,-0.108072,0.130502
-0.00276366,-0.0027637,-0.000755629,-0.255935,-0.0829574,0.129743
-0.0214124,-0.0214124,-0.0188722,-0.251638,-0.0799226,0.130467
-0.0169029,-0.016903,-0.0153173,-0.254757,-0.0814873,0.129635
-0.00877564,-0.00877568,-0.00721024,-0.262304,-0.0868797,0.128172
-0.00867489,-0.00867493,-0.0071069,-0.267013,-0.0794287,0.129282
-0.00127767,-0.00127771,0.00116274,-0.269071,-0.0816078,0.12876
-0.00189571,-0.00189575,6.12414e-05,-0.264776,-0.0839963,0.128986
0.00488966,0.00488962,0.00737582,-0.272485,-0.0827035,0.129441
0.00532541,0.00532536,0.00806913,-0.276679,-0.0797578,0.129994
0.000147346,0.000147309,0.00174894,-0.266413,-0.0800364,0.128728
-0.007882,-0.00788204,-0.00662632,-0.264233,-0.0788444,0.129159
-0.00544849,-0.00544852,-0.00360645,-0.27074,-0.0867825,0.129809
-0.00514812,-0.00514816,-0.00332123,-0.270622,-0.0779258,0.132325
-0.0019909,-0.00199094,0.000955046,-0.272316,-0.0815694,0.131819
-0.00548134,-0.00548137,-0.00324394,-0.268313,-0.0781159,0.130927
-0.0065102,-0.00651023,-0.00444633,-0.278704,-0.0617018,0.13209
-0.0164029,-0.016403,-0.0149146,-0.282682,-0.0459404,0.132227
-0.019689,-0.019689,-0.0186019,-0.287403,-0.0524351,0.132059
-0.00617511,-0.00617514,-0.00545431,-0.287405,-0.0829797,0.134497
-0.00795179,-0.00795182,-0.00660415,-0.287334,-0.0879593,0.13552
-0.000794692,-0.000794726,0.000690877,-0.283257,-0.0878417,0.134585
0.00094548,0.00094545,0.00233214,-0.281933,-0.0877386,0.135358
-0.0150215,-0.0150215,-0.0145451,-0.286359,-0.0697059,0.136177
-0.0254209,-0.025421,-0.0244618,-0.283894,-0.0662539,0.135364
-0.0243418,-0.0243418,-0.0224769,-0.286826,-0.0735966,0.134803
-0.0167035,-0.0167035,-0.0158746,-0.285869,-0.084103,0.13528
-0.000735054,-0.00073509,-4.32472e-05,-0.292027,-0.107542,0.135719
-0.00127166,-0.0012717,-4.79755e-05,-0.293738,-0.101653,0.136051
0.00499829,0.00499826,0.00753908,-0.290041,-0.128324,0.136635
0.0208085,0.0208085,0.0229444,-0.280044,-0.145517,0.136831
0.021881,0.0218809,0.023398,-0.283967,-0.128576,0.136969
0.0214225,0.0214224,0.0239458,-0.28777,-0.129898,0.137268
0.00501661,0.00501657,0.00788802,-0.287426,-0.127135,0.136799
0.00662047,0.00662043,0.00929647,-0.291161,-0.125338,0.136187
-0.000261519,-0.000261556,0.00209105,-0.29433,-0.112128,0.136469
0.00801614,0.00801611,0.0101592,-0.291349,-0.118653,0.136378
0.0175575,0.0175575,0.0195651,-0.289521,-0.125783,0.137024
0.0164025,0.0164025,0.018546,-0.290694,-0.124763,0.137028
0.0153783,0.0153783,0.0181587,-0.290388,-0.127794,0.137142
0.00683457,0.00683453,0.00954992,-0.289679,-0.110476,0.136863
0.0118124,0.0118124,0.0127138,-0.289773,-0.0965701,0.136677
0.00187866,0.00187862,0.0028131,-0.292016,-0.0901031,0.136088
-0.00967035,-0.00967039,-0.00852233,-0.2922,-0.100089,0.133035
-0.00586388,-0.00586392,-0.00494026,-0.291992,-0.102429,0.132752
-0.00804528,-0.00804531,-0.0066283,-0.290077,-0.0934967,0.131434
-0.00491066,-0.0049107,-0.00294098,-0.291114,-0.0954306,0.131033
-0.0203345,-0.0203345,-0.0188186,-0.293082,-0.0990668,0.131174
-0.0238697,-0.0238697,-0.0226232,-0.293984,-0.0939616,0.13313
-0.0186833,-0.0186833,-0.0180025,-0.294563,-0.0988206,0.133561
-0.0172585,-0.0172586,-0.0168484,-0.291438,-0.0953415,0.135166
-0.00680203,-0.00680206,-0.00605492,-0.295501,-0.099009,0.134812
-0.00175542,-0.00175546,-0.00153101,-0.298356,-0.103835,0.13165
-0.0107823,-0.0107823,-0.00999222,-0.298161,-0.100992,0.130105
-0.0125077,-0.0125077,-0.0111095,-0.299385,-0.0961712,0.128938
-0.00708332,-0.00708336,-0.00531646,-0.295187,-0.0789854,0.129007
0.00504342,0.00504339,0.00667999,-0.300739,-0.0951923,0.128834
0.00588837,0.00588834,0.00808293,-0.307135,-0.0931993,0.129255
-0.00169082,-0.00169085,0.000646706,-0.315807,-0.0734753,0.128694
-0.0230493,-0.0230493,-0.0201426,-0.329345,-0.0529893,0.129574
0.000465391,0.000465357,0.00249177,-0.330404,-0.0784818,0.130779
0.01303,0.01303,0.0148905,-0.329568,-0.0948641,0.129423
0.00366148,0.00366144,0.00603673,-0.33588,-0.0879941,0.131065
0.0111724,0.0111724,0.0131764,-0.33827,-0.102073,0.130618
0.0157495,0.0157494,0.0176471,-0.339936,-0.10841,0.131155
0.0160023,0.0160022,0.0179677,-0.342198,-0.116536,0.132819
0.01311,0.01311,0.0153262,-0.338818,-0.109912,0.133676
0.00347833,0.00347829,0.00561648,-0.341173,-0.096475,0.132855
-0.00434885,-0.00434888,-0.00173739,-0.339527,-0.0750552,0.127601
0.0182954,0.0182954,0.0208521,-0.330696,-0.0755713,0.1246
0.0256051,0.0256051,0.0284014,-0.327548,-0.0751093,0.124231
0.0290702,0.0290702,0.0320982,-0.316899,-0.0713851,0.121498
0.0299298,0.0299298,0.0324349,-0.305702,-0.0775227,0.120768
0.0493928,0.0493927,0.0520849,-0.30393,-0.0865275,0.119894
0.0464314,0.0464313,0.0490293,-0.309662,-0.0743884,0.120652
0.0520108,0.0520108,0.0541051,-0.315522,-0.0761401,0.121429
0.0479426,0.0479425,0.0506665,-0.324109,-0.0585969,0.121228
0.0423726,0.0423726,0.0451428,-0.313288,-0.057885,0.121548
0.0429876,0.0429876,0.045255,-0.306549,-0.0561938,0.120933
0.0315055,0.0315054,0.0337874,-0.305565,-0.0385199,0.120937
0.0316339,0.0316338,0.0345487,-0.307812,-0.0416555,0.122014
0.0449061,0.0449061,0.0477117,-0.302043,-0.0558231,0.121585
0.0741535,0.0741535,0.0768473,-0.302588,-0.0832028,0.120722
0.0971677,0.0971677,0.0994833,-0.307437,-0.0822313,0.118527
0.0912473,0.0912473,0.093645,-0.304619,-0.0817928,0.118164
0.0849185,0.0849185,0.0871499,-0.30399,-0.0779577,0.117362
0.0682871,0.0682871,0.0693519,-0.316099,-0.0599214,0.111926
0.0619716,0.0619716,0.0645095,-0.333828,-0.0605881,0.104841
0.0589111,0.0589111,0.0614125,-0.324998,-0.0606814,0.104762
0.058804,0.058804,0.0599569,-0.290281,-0.0903698,0.0987073
0.058804,0.058804,0.0599569,-0.290281,-0.0903698,0.0987073
0.058804,0.058804,0.0599569,-0.290281,-0.0903698,0.0987073
0.058804,0.058804,0.0599569,-0.290281,-0.0903698,0.0987073
0.058804,0.058804,0.0599569,-0.290281,-0.0903698,0.0987073
0.058804,0.058804,0.0599569,-0.290281,-0.0903698,0.0987073
