 head     neck    torso    right elbow    right_shoulder_ right hand    
-0.00578374,-0.00578374,-0.00572215,-0.00220655,0.0021605,0.00290176
-0.0118639,-0.0118639,-0.0117158,-0.00526703,0.00364689,0.00558316
-0.0173222,-0.0173222,-0.0171549,-0.00935138,0.00495487,0.00812104
-0.0228542,-0.0228542,-0.0226875,-0.0132545,0.00645065,0.0105589
-0.0269345,-0.0269345,-0.0267962,-0.0173601,0.00607105,0.0128911
-0.0308711,-0.0308711,-0.0307206,-0.0207444,0.00578119,0.0151918
-0.035028,-0.0350281,-0.0349166,-0.0241432,0.00577402,0.017454
-0.0393506,-0.0393506,-0.03924,-0.0271129,0.00850383,0.019643
-0.0432903,-0.0432903,-0.0431855,-0.0277374,0.0111106,0.0216972
-0.0474463,-0.0474463,-0.0473661,-0.03222,0.0152082,0.0237956
-0.0514858,-0.0514858,-0.0514354,-0.0366453,0.0192608,0.0258047
-0.0550669,-0.0550669,-0.0550195,-0.0409714,0.0244693,0.0276569
-0.0582926,-0.0582926,-0.0582442,-0.0442846,0.0295766,0.0293118
-0.0603482,-0.0603482,-0.0602945,-0.0486007,0.0348074,0.0309846
-0.0619576,-0.0619576,-0.0618785,-0.0543702,0.0405046,0.0327367
-0.0635945,-0.0635945,-0.0634813,-0.0560902,0.0462547,0.0347978
-0.0656922,-0.0656922,-0.0655591,-0.0585508,0.0524902,0.0370164
-0.0680376,-0.0680376,-0.0678789,-0.0617979,0.0583889,0.0394819
-0.0703414,-0.0703414,-0.0701313,-0.0656043,0.064131,0.0419698
-0.0727512,-0.0727512,-0.0724697,-0.069989,0.0701701,0.0444505
-0.0751766,-0.0751766,-0.0747719,-0.0747666,0.0761462,0.0467588
-0.0775029,-0.0775029,-0.0770337,-0.0791668,0.0816907,0.048932
-0.0800841,-0.0800841,-0.0796681,-0.082884,0.0863068,0.0508097
-0.0829711,-0.0829711,-0.0823526,-0.0861666,0.0904405,0.0525872
-0.0865525,-0.0865525,-0.085547,-0.089339,0.0943865,0.0542494
-0.0902542,-0.0902542,-0.0888112,-0.0925619,0.0984111,0.055943
-0.0930407,-0.0930407,-0.0914645,-0.0966288,0.102704,0.0577276
-0.0956886,-0.0956886,-0.0940753,-0.101044,0.107551,0.0595523
-0.0987719,-0.0987719,-0.0971804,-0.104402,0.110777,0.0615584
-0.102262,-0.102262,-0.100698,-0.107693,0.114171,0.0635995
-0.106605,-0.106605,-0.104791,-0.110102,0.118109,0.0656435
-0.110686,-0.110686,-0.108614,-0.11254,0.12185,0.0676314
-0.114499,-0.114499,-0.112211,-0.114952,0.124935,0.0694599
-0.118428,-0.118428,-0.115972,-0.117718,0.128187,0.0711258
-0.122609,-0.122609,-0.120164,-0.12146,0.132023,0.0724513
-0.126513,-0.126513,-0.124075,-0.125728,0.135784,0.0736176
-0.129577,-0.129577,-0.127055,-0.128744,0.136637,0.0745536
-0.131997,-0.131997,-0.12941,-0.131453,0.135944,0.075496
-0.132836,-0.132836,-0.130223,-0.134623,0.135444,0.0766167
-0.134204,-0.134204,-0.13162,-0.138184,0.135763,0.0777375
-0.136228,-0.136228,-0.133697,-0.141641,0.137032,0.0789947
-0.138616,-0.138616,-0.136194,-0.145084,0.137958,0.0802654
-0.141002,-0.141002,-0.138643,-0.149086,0.139277,0.0815368
-0.143402,-0.143402,-0.141118,-0.153068,0.140694,0.0828485
-0.147094,-0.147094,-0.14488,-0.156714,0.143773,0.084051
-0.150686,-0.150686,-0.148506,-0.160228,0.146228,0.0852169
-0.154314,-0.154314,-0.152152,-0.164302,0.148486,0.0863545
-0.157978,-0.157978,-0.15582,-0.16801,0.150758,0.0874505
-0.161335,-0.161335,-0.159162,-0.171546,0.153134,0.0885528
-0.163232,-0.163232,-0.160997,-0.173893,0.151413,0.0896899
-0.165455,-0.165455,-0.163151,-0.176955,0.151431,0.0909352
-0.168027,-0.168027,-0.165742,-0.182062,0.152541,0.092099
-0.171635,-0.171635,-0.169372,-0.185162,0.154221,0.0935003
-0.175584,-0.175584,-0.173393,-0.18813,0.155927,0.0948815
-0.179888,-0.179888,-0.177842,-0.190807,0.158165,0.0962306
-0.183671,-0.183671,-0.181736,-0.193499,0.159646,0.0975642
-0.187646,-0.187646,-0.185843,-0.195909,0.161758,0.0988918
-0.191398,-0.191399,-0.189602,-0.198637,0.164245,0.100113
-0.194912,-0.194912,-0.193113,-0.202041,0.167045,0.101171
-0.198437,-0.198437,-0.196604,-0.205422,0.169614,0.102158
-0.201521,-0.201521,-0.199688,-0.209268,0.17195,0.103
-0.203869,-0.203869,-0.201947,-0.213137,0.173624,0.103793
-0.206524,-0.206524,-0.204542,-0.216682,0.174904,0.104634
-0.209186,-0.209186,-0.207102,-0.220057,0.175821,0.105456
-0.212357,-0.212357,-0.210251,-0.223739,0.176325,0.106173
-0.215731,-0.215731,-0.213633,-0.227009,0.176923,0.106912
-0.219068,-0.219068,-0.217137,-0.230351,0.178105,0.107641
-0.222422,-0.222422,-0.220329,-0.234188,0.179317,0.108276
-0.225462,-0.225462,-0.223196,-0.237966,0.181142,0.108836
-0.22884,-0.22884,-0.22636,-0.241464,0.183141,0.10941
-0.232014,-0.232014,-0.229258,-0.244782,0.185088,0.10993
-0.235074,-0.235074,-0.23203,-0.24835,0.18702,0.110431
-0.237645,-0.237645,-0.234386,-0.251367,0.188716,0.110926
-0.240065,-0.240065,-0.236606,-0.254906,0.190354,0.111407
-0.242434,-0.242434,-0.238774,-0.258303,0.191792,0.111903
-0.244496,-0.244496,-0.240589,-0.262173,0.19306,0.112393
-0.246465,-0.246465,-0.242344,-0.265948,0.194441,0.112901
-0.24856,-0.24856,-0.244271,-0.270041,0.195988,0.11348
-0.250555,-0.250555,-0.246085,-0.274164,0.197611,0.114033
-0.252734,-0.252734,-0.248101,-0.278183,0.199602,0.114641
-0.25528,-0.25528,-0.250594,-0.282229,0.202641,0.115262
-0.257682,-0.257682,-0.252907,-0.286319,0.205236,0.115882
-0.259983,-0.259983,-0.255159,-0.290668,0.207654,0.116465
-0.262192,-0.262192,-0.257331,-0.297197,0.209913,0.117041
-0.264714,-0.264714,-0.259924,-0.301571,0.212269,0.117676
-0.267567,-0.267567,-0.262868,-0.305827,0.215321,0.118373
-0.270476,-0.270476,-0.265832,-0.3105,0.218168,0.119023
-0.273158,-0.273158,-0.268554,-0.314586,0.220635,0.119719
-0.275986,-0.275986,-0.271416,-0.321595,0.22338,0.120271
-0.278965,-0.278965,-0.274395,-0.328236,0.225939,0.120801
-0.282068,-0.282068,-0.277491,-0.334823,0.228687,0.121339
-0.285055,-0.285055,-0.280451,-0.341208,0.231149,0.121877
-0.288074,-0.288074,-0.283437,-0.347215,0.233646,0.12242
-0.291039,-0.291039,-0.286346,-0.350514,0.236079,0.122974
-0.294041,-0.294041,-0.289284,-0.35354,0.238413,0.123505
-0.297013,-0.297013,-0.292193,-0.356564,0.240658,0.124026
-0.299745,-0.299745,-0.294858,-0.35946,0.242477,0.12456
-0.302134,-0.302134,-0.297138,-0.36215,0.243199,0.125078
-0.305226,-0.305226,-0.300132,-0.364817,0.244813,0.125597
-0.309051,-0.309051,-0.30368,-0.368053,0.24684,0.126093
-0.30675,-0.30675,-0.30125,-0.369295,0.246834,0.123689
-0.304036,-0.304036,-0.298499,-0.369743,0.247002,0.121481
-0.301941,-0.301941,-0.296355,-0.369231,0.247356,0.119405
-0.299724,-0.299724,-0.294092,-0.36892,0.247494,0.117429
-0.298841,-0.298841,-0.293163,-0.368103,0.249328,0.115506
-0.298088,-0.298088,-0.292421,-0.368003,0.250951,0.113666
-0.297071,-0.297071,-0.291372,-0.36792,0.252206,0.11185
-0.295804,-0.295804,-0.29017,-0.368589,0.251305,0.110115
-0.294899,-0.294899,-0.289345,-0.37156,0.250394,0.108544
-0.293771,-0.293771,-0.288281,-0.370746,0.247784,0.106927
-0.292233,-0.292233,-0.286794,-0.37026,0.244684,0.105431
-0.2914,-0.2914,-0.286027,-0.369874,0.240573,0.104076
-0.291044,-0.291044,-0.285726,-0.371216,0.23792,0.102929
-0.291977,-0.291977,-0.286728,-0.371141,0.234699,0.101763
-0.293338,-0.293338,-0.288184,-0.36941,0.230533,0.100543
-0.294722,-0.294722,-0.289682,-0.371661,0.226332,0.0990128
-0.295604,-0.295604,-0.290628,-0.373054,0.221618,0.0973089
-0.296258,-0.296258,-0.291328,-0.37351,0.217225,0.095374
-0.296731,-0.296731,-0.291838,-0.373401,0.212878,0.0934297
-0.297036,-0.297036,-0.292177,-0.372626,0.208014,0.0914656
-0.297394,-0.297394,-0.292599,-0.371214,0.203216,0.0896881
-0.298051,-0.298051,-0.293251,-0.371537,0.201072,0.0880446
-0.298352,-0.298352,-0.293409,-0.371763,0.198352,0.0867146
-0.298269,-0.298269,-0.293435,-0.371521,0.194866,0.0854574
-0.29747,-0.29747,-0.292921,-0.371523,0.191859,0.084348
-0.296572,-0.296572,-0.292361,-0.371439,0.188988,0.0832441
-0.296574,-0.296574,-0.2924,-0.370585,0.186109,0.0820732
-0.296671,-0.296671,-0.292428,-0.369685,0.182836,0.080839
-0.296171,-0.296171,-0.291804,-0.36998,0.181098,0.0794016
-0.295216,-0.295216,-0.290715,-0.37033,0.178951,0.0779393
-0.29348,-0.29348,-0.289108,-0.370858,0.175175,0.0764455
-0.292854,-0.292854,-0.288614,-0.371867,0.173621,0.0750413
-0.292292,-0.292292,-0.288162,-0.373203,0.173039,0.073778
-0.29169,-0.29169,-0.287641,-0.37433,0.172082,0.0727133
-0.29076,-0.29076,-0.286583,-0.374763,0.170982,0.0719706
-0.290129,-0.290129,-0.285903,-0.375066,0.170383,0.0713878
-0.290329,-0.290329,-0.286152,-0.37683,0.172685,0.0710417
-0.291675,-0.291675,-0.287568,-0.378449,0.176387,0.070668
-0.294461,-0.294461,-0.290389,-0.37967,0.179898,0.0700931
-0.296577,-0.296577,-0.292484,-0.380564,0.182862,0.069575
-0.298127,-0.298127,-0.293968,-0.381609,0.184786,0.0688862
-0.29928,-0.29928,-0.294982,-0.382599,0.186935,0.0681963
-0.30052,-0.30052,-0.296132,-0.382979,0.188935,0.0675209
-0.301937,-0.301937,-0.297439,-0.383503,0.191822,0.0668317
-0.302191,-0.302191,-0.297577,-0.384367,0.192889,0.0662328
-0.303085,-0.303085,-0.298442,-0.386746,0.195692,0.0656749
-0.30415,-0.30415,-0.299514,-0.388143,0.197458,0.0651414
-0.304477,-0.304477,-0.29985,-0.389197,0.198242,0.0646587
-0.305039,-0.305039,-0.300451,-0.3904,0.198838,0.064144
-0.307122,-0.307122,-0.302655,-0.392781,0.204088,0.0635742
-0.308748,-0.308748,-0.304403,-0.393992,0.20755,0.0628809
-0.309911,-0.309911,-0.305523,-0.392812,0.20949,0.0622915
-0.310198,-0.310198,-0.305718,-0.393379,0.210414,0.0614734
-0.30995,-0.30995,-0.305147,-0.394498,0.211245,0.0606879
-0.309349,-0.309349,-0.304171,-0.395963,0.212167,0.0599416
-0.309347,-0.309347,-0.303853,-0.397035,0.213455,0.0592174
-0.309115,-0.309115,-0.303262,-0.39797,0.21401,0.058497
-0.309147,-0.309147,-0.303057,-0.398407,0.213278,0.0579008
-0.309441,-0.309441,-0.303136,-0.398332,0.212477,0.0574425
-0.309736,-0.309736,-0.303333,-0.399866,0.214157,0.0570619
-0.310578,-0.310578,-0.304025,-0.400908,0.21708,0.0568072
-0.312588,-0.312588,-0.305821,-0.401902,0.220801,0.0566185
-0.314267,-0.314267,-0.307306,-0.402962,0.224907,0.0563708
-0.315542,-0.315542,-0.308455,-0.40406,0.22919,0.0561479
-0.316136,-0.316136,-0.308886,-0.404791,0.233528,0.0560608
-0.316597,-0.316597,-0.309151,-0.40596,0.2371,0.0559091
-0.316727,-0.316727,-0.308985,-0.406404,0.237877,0.0558012
-0.31639,-0.31639,-0.30872,-0.406383,0.237864,0.0557412
-0.316226,-0.316226,-0.308666,-0.406362,0.237058,0.0557801
-0.31533,-0.31533,-0.307949,-0.407209,0.236466,0.0557993
-0.314537,-0.314537,-0.307392,-0.407999,0.235696,0.0558186
-0.313935,-0.313935,-0.30704,-0.408502,0.234903,0.0558338
-0.313681,-0.313681,-0.306961,-0.409267,0.234141,0.0558775
-0.313462,-0.313462,-0.306868,-0.4093,0.233168,0.0559138
-0.313255,-0.313255,-0.306799,-0.409377,0.232409,0.0558878
-0.313531,-0.313531,-0.307269,-0.408993,0.232094,0.0559637
-0.313791,-0.313791,-0.307736,-0.40869,0.231972,0.0560337
-0.313468,-0.313468,-0.307471,-0.407883,0.230975,0.0560283
-0.31345,-0.31345,-0.307559,-0.407478,0.230623,0.0560453
-0.313517,-0.313517,-0.307708,-0.407674,0.230658,0.0560574
-0.313239,-0.313239,-0.307413,-0.40752,0.229674,0.0559851
-0.312968,-0.312968,-0.307197,-0.407745,0.229187,0.0559379
-0.312765,-0.312765,-0.306992,-0.408095,0.228868,0.055963
-0.313624,-0.313624,-0.307763,-0.406693,0.2301,0.0565003
-0.314143,-0.314143,-0.308079,-0.407598,0.231206,0.0573158
-0.314384,-0.314384,-0.308157,-0.408387,0.231713,0.0585597
-0.314722,-0.314722,-0.30859,-0.409158,0.233238,0.0607159
-0.315632,-0.315632,-0.309586,-0.408802,0.236448,0.0634358
-0.31655,-0.31655,-0.310586,-0.40306,0.238476,0.066929
-0.317352,-0.317352,-0.311524,-0.396817,0.240346,0.0706316
-0.318003,-0.318003,-0.31232,-0.389908,0.241819,0.074572
-0.318338,-0.318339,-0.312803,-0.382367,0.243842,0.0786592
-0.318234,-0.318234,-0.31284,-0.375891,0.246674,0.0826813
-0.317705,-0.317705,-0.312462,-0.371673,0.248913,0.0866728
-0.316836,-0.316836,-0.311755,-0.367599,0.251131,0.0907323
-0.315883,-0.315882,-0.310918,-0.363214,0.253118,0.0948423
-0.315205,-0.315205,-0.310354,-0.358634,0.255351,0.0989756
-0.315103,-0.315103,-0.310398,-0.354172,0.25838,0.103113
-0.314317,-0.314317,-0.309751,-0.349778,0.260431,0.107239
-0.313052,-0.313052,-0.308791,-0.345119,0.262023,0.111343
-0.312044,-0.312044,-0.308021,-0.340359,0.263527,0.115441
-0.311325,-0.311325,-0.307449,-0.33404,0.263891,0.119753
-0.30975,-0.30975,-0.306003,-0.327915,0.263026,0.124058
-0.308145,-0.308145,-0.3045,-0.321799,0.262765,0.128513
-0.305975,-0.305975,-0.302694,-0.316062,0.263133,0.133075
-0.303699,-0.303699,-0.300472,-0.310526,0.264154,0.137681
-0.301441,-0.301441,-0.298261,-0.305023,0.265421,0.142332
-0.299486,-0.299486,-0.296289,-0.299199,0.2666,0.146984
-0.297622,-0.297622,-0.294391,-0.293443,0.267994,0.151621
-0.29587,-0.29587,-0.2926,-0.287464,0.269598,0.156271
-0.294618,-0.294618,-0.291314,-0.281216,0.27175,0.160889
-0.293208,-0.293208,-0.289889,-0.275076,0.273807,0.165514
-0.291364,-0.291364,-0.288056,-0.268161,0.274464,0.170118
-0.289429,-0.289429,-0.286118,-0.261184,0.275506,0.174764
-0.287616,-0.287616,-0.284301,-0.254232,0.277037,0.179418
-0.285871,-0.285871,-0.282543,-0.247506,0.278566,0.183964
-0.284155,-0.284155,-0.280845,-0.240866,0.280104,0.18852
-0.282375,-0.282375,-0.279112,-0.234653,0.281671,0.19309
-0.280816,-0.280816,-0.277635,-0.228346,0.283288,0.197688
-0.279365,-0.279365,-0.276295,-0.222222,0.285162,0.202307
-0.277896,-0.277896,-0.274951,-0.216477,0.287017,0.206899
-0.276218,-0.276218,-0.273414,-0.209591,0.286658,0.211471
-0.274637,-0.274637,-0.271994,-0.203537,0.287758,0.216018
-0.273284,-0.273284,-0.270818,-0.198506,0.290208,0.220582
-0.271779,-0.271779,-0.269483,-0.193327,0.292355,0.225113
-0.270298,-0.270298,-0.268183,-0.188023,0.294274,0.229625
-0.268822,-0.268822,-0.266883,-0.182669,0.295907,0.234114
-0.267323,-0.267323,-0.265562,-0.176981,0.29738,0.238623
-0.266151,-0.266151,-0.264558,-0.171154,0.298922,0.243147
-0.26496,-0.26496,-0.263532,-0.165342,0.300638,0.247661
-0.263746,-0.263746,-0.262501,-0.160311,0.30346,0.252188
-0.261863,-0.261863,-0.260812,-0.154758,0.304385,0.256688
-0.26013,-0.26013,-0.259241,-0.148942,0.304943,0.261206
-0.258253,-0.258253,-0.257508,-0.142944,0.305599,0.265683
-0.256466,-0.256466,-0.255899,-0.136617,0.305814,0.270185
-0.2545,-0.2545,-0.254047,-0.12997,0.30559,0.274685
-0.252644,-0.252644,-0.252303,-0.123048,0.305303,0.279177
-0.25043,-0.25043,-0.250164,-0.11676,0.305274,0.283685
-0.248334,-0.248334,-0.248128,-0.110248,0.30525,0.288221
-0.246187,-0.246187,-0.246044,-0.103741,0.304944,0.292708
-0.243883,-0.243883,-0.243821,-0.0971132,0.304709,0.297233
-0.241484,-0.241484,-0.24152,-0.0906545,0.304424,0.30174
-0.239027,-0.239027,-0.239151,-0.0844047,0.303929,0.306225
-0.236304,-0.236304,-0.23653,-0.0779463,0.302363,0.310681
-0.233434,-0.233434,-0.233768,-0.0714642,0.30103,0.315151
-0.230046,-0.230046,-0.230436,-0.0637122,0.29865,0.319611
-0.226559,-0.226559,-0.226976,-0.0563188,0.297519,0.324076
-0.223757,-0.223757,-0.224216,-0.049444,0.297321,0.328484
-0.221052,-0.221052,-0.221542,-0.0425936,0.297238,0.332879
-0.218082,-0.218082,-0.218573,-0.0357391,0.296434,0.337355
-0.215393,-0.215393,-0.21589,-0.02934,0.295817,0.341807
-0.212936,-0.212936,-0.213522,-0.0231339,0.295715,0.346233
-0.210401,-0.210401,-0.211125,-0.0172437,0.296159,0.350609
-0.208039,-0.208039,-0.209085,-0.0106806,0.29657,0.354965
-0.205714,-0.205714,-0.207048,-0.00397768,0.296382,0.359316
-0.203171,-0.203171,-0.204767,0.00211426,0.296552,0.363648
-0.200631,-0.200631,-0.202513,0.00773076,0.296887,0.367972
-0.197876,-0.197876,-0.200053,0.0132227,0.297958,0.372348
-0.195076,-0.195076,-0.197531,0.0187924,0.298854,0.376787
-0.192382,-0.192382,-0.195027,0.0259479,0.297602,0.38127
-0.18963,-0.18963,-0.192481,0.0331581,0.295335,0.385784
-0.186304,-0.186304,-0.189503,0.04053,0.293119,0.390182
-0.183071,-0.183071,-0.186572,0.0477268,0.291107,0.394576
-0.180255,-0.180255,-0.184036,0.0549704,0.289354,0.399029
-0.177562,-0.177562,-0.181583,0.0623438,0.28806,0.403445
-0.174768,-0.174768,-0.179029,0.0708398,0.287528,0.407972
-0.172311,-0.172311,-0.176759,0.0785428,0.289366,0.41241
-0.170224,-0.170224,-0.174826,0.0864601,0.292087,0.416868
-0.16839,-0.16839,-0.173111,0.0942965,0.295169,0.421244
-0.167,-0.167,-0.17182,0.102509,0.298072,0.425501
-0.165642,-0.165642,-0.170565,0.110377,0.301274,0.429748
-0.164017,-0.164017,-0.16904,0.118062,0.304708,0.433902
-0.162416,-0.162416,-0.167541,0.125583,0.308285,0.438041
-0.161002,-0.161002,-0.166249,0.132376,0.312517,0.442054
-0.159734,-0.159734,-0.165095,0.139305,0.316673,0.446172
-0.158177,-0.158177,-0.163644,0.147093,0.320425,0.450447
-0.156765,-0.156765,-0.16229,0.155131,0.323812,0.454776
-0.155663,-0.155663,-0.161346,0.163533,0.327742,0.459205
-0.154385,-0.154385,-0.160193,0.172153,0.330973,0.463633
-0.152834,-0.152834,-0.158762,0.181209,0.333449,0.467998
-0.151208,-0.151208,-0.157241,0.18991,0.335921,0.47243
-0.149502,-0.149502,-0.155616,0.199083,0.338335,0.476841
-0.147661,-0.147661,-0.153876,0.208747,0.340635,0.481222
-0.145036,-0.145036,-0.151422,0.218747,0.34159,0.485102
-0.142501,-0.142501,-0.149069,0.22878,0.342557,0.488636
-0.139781,-0.139781,-0.14647,0.238267,0.343379,0.491645
-0.136814,-0.136814,-0.143406,0.248059,0.343321,0.493781
-0.133505,-0.133505,-0.140021,0.255927,0.342032,0.495286
-0.130017,-0.130017,-0.13647,0.26126,0.341647,0.496159
-0.126624,-0.126624,-0.132993,0.265749,0.341592,0.496837
-0.123235,-0.123235,-0.129514,0.269449,0.341706,0.497263
-0.120335,-0.120335,-0.126541,0.27229,0.341524,0.497545
-0.117789,-0.117789,-0.12394,0.275969,0.340503,0.497894
-0.115724,-0.115724,-0.121825,0.279468,0.34007,0.498281
-0.113906,-0.113906,-0.119962,0.282966,0.339722,0.49863
-0.112342,-0.112342,-0.118399,0.286319,0.339739,0.498951
-0.110909,-0.110909,-0.116975,0.289351,0.340017,0.499244
-0.108988,-0.108988,-0.115072,0.292579,0.340529,0.499576
-0.107252,-0.107252,-0.113345,0.295877,0.34122,0.499925
-0.105297,-0.105297,-0.111412,0.299098,0.341939,0.500296
-0.103472,-0.103472,-0.109589,0.302488,0.342598,0.500667
-0.101576,-0.101576,-0.107714,0.304596,0.344838,0.500902
-0.100177,-0.100177,-0.106305,0.307001,0.348198,0.501206
-0.0987965,-0.0987965,-0.104916,0.309296,0.351024,0.501355
-0.0981156,-0.0981156,-0.103936,0.311722,0.353369,0.501414
-0.097421,-0.097421,-0.10324,0.314163,0.355182,0.501433
-0.0966447,-0.0966447,-0.102465,0.316712,0.356811,0.501379
-0.0956819,-0.0956819,-0.101502,0.319065,0.358018,0.501305
-0.0946188,-0.0946188,-0.100436,0.321618,0.359078,0.501192
-0.0934867,-0.0934867,-0.0993059,0.324099,0.360128,0.501038
-0.0924921,-0.0924921,-0.0983159,0.326564,0.361258,0.500877
-0.0916486,-0.0916486,-0.0974711,0.329047,0.362404,0.500705
-0.0912433,-0.0912433,-0.0970504,0.331957,0.363591,0.500643
-0.0908944,-0.0908944,-0.0966838,0.334229,0.364856,0.5005
-0.0901558,-0.0901558,-0.0959299,0.336138,0.366042,0.500301
-0.0892944,-0.0892944,-0.095053,0.338098,0.367244,0.500189
-0.0886269,-0.0886269,-0.0943775,0.34012,0.368432,0.500082
-0.0881404,-0.0881404,-0.0938758,0.342056,0.369665,0.499922
-0.0876354,-0.0876354,-0.0933625,0.343743,0.371007,0.499701
-0.0870384,-0.0870384,-0.0927422,0.345331,0.372226,0.49947
-0.0863529,-0.0863529,-0.0920335,0.347069,0.373556,0.499244
-0.0854537,-0.0854537,-0.0911041,0.34901,0.374802,0.499044
-0.0845437,-0.0845437,-0.0901688,0.350712,0.376158,0.498854
-0.0832648,-0.0832648,-0.0888513,0.352819,0.377319,0.498677
-0.0822971,-0.0822971,-0.0878643,0.354958,0.378529,0.498493
-0.08163,-0.08163,-0.0871584,0.356899,0.37993,0.498275
-0.0809343,-0.0809343,-0.0864246,0.358949,0.381285,0.498066
-0.0800731,-0.0800731,-0.0855334,0.360908,0.382616,0.497876
-0.0789702,-0.0789702,-0.0844126,0.362974,0.383923,0.497703
-0.0776953,-0.0776953,-0.083134,0.364652,0.384994,0.497565
-0.0763176,-0.0763176,-0.0817434,0.36601,0.385808,0.497486
-0.074766,-0.074766,-0.0801653,0.366295,0.386088,0.497153
-0.0732101,-0.0732101,-0.078599,0.365579,0.386168,0.496626
-0.0713715,-0.0713715,-0.0767375,0.361889,0.386403,0.49508
-0.0692527,-0.0692527,-0.0745824,0.357077,0.38633,0.492956
-0.0672597,-0.0672597,-0.0725379,0.352081,0.384955,0.489736
-0.0650004,-0.0650004,-0.070199,0.347471,0.382345,0.486009
-0.0625318,-0.0625318,-0.0676407,0.343541,0.378899,0.48187
-0.0600386,-0.0600386,-0.065063,0.340077,0.37488,0.477431
-0.0577453,-0.0577453,-0.0626945,0.33648,0.370736,0.473123
-0.0554679,-0.0554679,-0.0603485,0.332751,0.366676,0.468926
-0.0531804,-0.0531804,-0.058,0.329083,0.363081,0.465002
-0.0507343,-0.0507343,-0.0555049,0.325663,0.359621,0.461127
-0.0482581,-0.0482581,-0.0529646,0.322508,0.356434,0.457125
-0.0457793,-0.0457793,-0.0504202,0.319819,0.353212,0.453031
-0.0432735,-0.0432736,-0.0478484,0.3174,0.350034,0.44879
-0.0407074,-0.0407074,-0.0452223,0.314494,0.34695,0.444498
-0.038153,-0.038153,-0.0426064,0.311133,0.343958,0.440222
-0.0355824,-0.0355824,-0.0399719,0.307666,0.340973,0.435975
-0.0333107,-0.0333107,-0.0376266,0.304124,0.338221,0.431663
-0.0308929,-0.0308929,-0.0351399,0.301268,0.335253,0.42738
-0.0284115,-0.0284115,-0.0325858,0.298485,0.332115,0.423153
-0.0258529,-0.0258529,-0.0299541,0.295493,0.328913,0.418995
-0.0233527,-0.0233527,-0.0273769,0.292159,0.325787,0.414861
-0.0207451,-0.0207451,-0.0247104,0.28851,0.322652,0.410714
-0.0183912,-0.0183912,-0.0222926,0.284552,0.319508,0.406545
-0.0159771,-0.0159771,-0.0198092,0.280512,0.316308,0.402391
-0.0137524,-0.0137524,-0.0175047,0.27635,0.313188,0.398168
-0.0116107,-0.0116107,-0.0152863,0.272223,0.310074,0.393901
-0.00931528,-0.00931528,-0.0129144,0.267883,0.306771,0.389575
-0.00689314,-0.00689314,-0.010414,0.263543,0.303412,0.385253
-0.00452886,-0.00452887,-0.0079884,0.259022,0.299868,0.381024
-0.00211258,-0.00211257,-0.0055047,0.254474,0.296023,0.376809
0.000259145,0.000259146,-0.00305154,0.249887,0.292098,0.372542
0.00268764,0.00268764,-0.000543559,0.245053,0.288079,0.368281
0.00514534,0.00514534,0.00199162,0.239145,0.28388,0.363955
0.00758314,0.00758314,0.0045107,0.233289,0.279619,0.359685
0.00990401,0.00990401,0.00691944,0.227108,0.275253,0.355417
0.0124114,0.0124114,0.00950834,0.221036,0.27068,0.35123
0.0151777,0.0151777,0.0123579,0.215134,0.26581,0.347163
0.0176787,0.0176787,0.0149401,0.209409,0.260899,0.343159
0.0199375,0.0199375,0.0172829,0.203892,0.255739,0.339274
0.0220905,0.0220905,0.0195192,0.198261,0.250698,0.335392
0.0242895,0.0242895,0.021786,0.192983,0.245342,0.331641
0.0266368,0.0266368,0.0242035,0.18748,0.240002,0.327838
0.0288847,0.0288847,0.0265263,0.181024,0.234849,0.323768
0.0312815,0.0312815,0.0289976,0.17423,0.229663,0.319623
0.033493,0.033493,0.0312753,0.16691,0.224602,0.315368
0.0356085,0.0356085,0.0334696,0.159847,0.219534,0.311128
0.0376674,0.0376674,0.0356027,0.152806,0.214446,0.306921
0.0395827,0.0395827,0.0375864,0.145778,0.209379,0.302723
0.0413297,0.0413297,0.0394092,0.13866,0.204288,0.298487
0.0428707,0.0428707,0.0410264,0.131362,0.199399,0.294235
0.0447163,0.0447163,0.0429429,0.124146,0.194463,0.289979
0.0464301,0.0464301,0.0447344,0.117135,0.189602,0.285731
0.0478718,0.0478718,0.0462508,0.110388,0.184733,0.281525
0.0491753,0.0491753,0.0476318,0.103624,0.179947,0.277326
0.05059,0.05059,0.049122,0.0972333,0.174943,0.273159
0.052037,0.052037,0.0506448,0.0909412,0.169895,0.269003
0.0535744,0.0535744,0.0522611,0.0846207,0.164925,0.264854
0.0550712,0.0550712,0.0538369,0.0784218,0.159972,0.260696
0.0567873,0.0567873,0.0556191,0.0723162,0.154918,0.256502
0.0585146,0.0585146,0.0574287,0.0663198,0.149745,0.252261
0.0602473,0.0602473,0.0592302,0.05992,0.144717,0.248003
0.0618523,0.0618523,0.0609084,0.0531637,0.139805,0.243751
0.0634325,0.0634325,0.0625602,0.0461105,0.134708,0.239535
0.0651997,0.0651997,0.0644018,0.0389748,0.129457,0.235316
0.0665644,0.0665644,0.0658271,0.0315243,0.124139,0.231108
0.0680802,0.0680802,0.0674005,0.0241074,0.118672,0.226908
0.0694891,0.0694891,0.0688787,0.0170986,0.113452,0.222773
0.0710346,0.0710346,0.0704957,0.0100973,0.108197,0.218655
0.0725064,0.0725063,0.0720316,0.00293955,0.103042,0.214489
0.0739311,0.0739311,0.0735305,-0.00419571,0.0978301,0.210281
0.0752761,0.0752761,0.0749417,-0.0111657,0.0926415,0.206069
0.0761987,0.0761987,0.0759242,-0.0181259,0.0875195,0.201886
0.0767866,0.0767866,0.0765702,-0.0250121,0.0825098,0.197642
0.0771761,0.0771761,0.0770289,-0.0320452,0.0775928,0.193439
0.0774248,0.0774248,0.0773394,-0.0389818,0.0727242,0.189241
0.0777274,0.0777274,0.0777137,-0.0460376,0.0678901,0.185061
0.0782225,0.0782225,0.0782638,-0.0530809,0.0629872,0.180921
0.0787679,0.0787679,0.0788707,-0.0600721,0.0580832,0.176787
0.0794925,0.0794925,0.0796592,-0.0668842,0.0530594,0.172669
0.0803127,0.0803127,0.0805323,-0.0741466,0.04807,0.168449
0.081258,0.081258,0.0815222,-0.0813523,0.0431601,0.164278
0.0819636,0.0819636,0.0822725,-0.0883337,0.0383366,0.160133
0.0825758,0.0825758,0.0829333,-0.0952944,0.033573,0.156016
0.0833959,0.0833959,0.0838056,-0.102132,0.028746,0.151893
0.0843585,0.0843585,0.0848226,-0.108576,0.023838,0.147797
0.0853522,0.0853522,0.0858633,-0.114873,0.0188841,0.143726
0.0864424,0.0864424,0.0870067,-0.120965,0.0139648,0.139664
0.0876928,0.0876928,0.088299,-0.12703,0.00885986,0.135615
0.0886487,0.0886487,0.0892937,-0.133353,0.00390393,0.131563
0.0895313,0.0895313,0.0902248,-0.139381,-0.0010069,0.127507
0.0902362,0.0902362,0.0909802,-0.145646,-0.00591427,0.123447
0.0912438,0.0912438,0.0920334,-0.151984,-0.0109352,0.119395
0.0926291,0.0926291,0.0934621,-0.158309,-0.0161257,0.11536
0.0941541,0.0941541,0.0950466,-0.164582,-0.0214123,0.111306
0.095392,0.095392,0.0963398,-0.170717,-0.0267132,0.10724
0.0965173,0.0965173,0.0975136,-0.177154,-0.0320313,0.103139
0.0974964,0.0974964,0.0985603,-0.183259,-0.0371044,0.0990138
0.0983077,0.0983077,0.099455,-0.189002,-0.042158,0.0948569
0.0989375,0.0989375,0.100158,-0.193888,-0.0465316,0.0909535
0.099794,0.099794,0.101088,-0.197773,-0.0508357,0.0872378
0.100455,0.100455,0.101805,-0.19873,-0.0552361,0.084548
0.100902,0.100902,0.102294,-0.198602,-0.0592708,0.082425
0.101326,0.101326,0.102757,-0.198225,-0.0618598,0.0813993
0.101778,0.101778,0.103243,-0.198382,-0.0629363,0.080877
0.102242,0.102242,0.103713,-0.198969,-0.0631721,0.0807682
0.102746,0.102746,0.10422,-0.20015,-0.0627327,0.0809508
0.103649,0.103649,0.105155,-0.200985,-0.0622334,0.0810119
0.104448,0.104448,0.105981,-0.201633,-0.0615103,0.0809652
0.105177,0.105177,0.106751,-0.202317,-0.0607836,0.0806407
0.105809,0.105809,0.10743,-0.20291,-0.0601934,0.0802831
0.106398,0.106398,0.108049,-0.20359,-0.0597807,0.0800475
0.107054,0.107054,0.10874,-0.204738,-0.0594188,0.0798949
0.107665,0.107665,0.109374,-0.206143,-0.0590261,0.0798645
0.108416,0.108416,0.110143,-0.207095,-0.058828,0.0798774
0.109198,0.109198,0.110955,-0.2078,-0.0588834,0.0799465
0.110031,0.110031,0.111826,-0.208546,-0.0590483,0.0800269
0.111285,0.111285,0.113117,-0.209346,-0.0595198,0.0801131
0.112969,0.112969,0.11486,-0.211149,-0.0603384,0.0802338
0.115131,0.115131,0.117095,-0.213248,-0.0614221,0.0803264
0.117593,0.117593,0.119621,-0.215168,-0.0627709,0.0803865
0.12031,0.12031,0.122396,-0.217076,-0.0641246,0.0804253
0.123141,0.123141,0.125322,-0.218708,-0.0654723,0.0804756
0.12617,0.12617,0.128447,-0.219657,-0.0666923,0.0805667
0.129124,0.129124,0.131486,-0.220175,-0.0679016,0.0806678
0.132106,0.132106,0.134557,-0.220414,-0.0689618,0.0807808
0.135189,0.135189,0.137748,-0.220155,-0.0700164,0.0808924
0.138093,0.138093,0.140763,-0.219212,-0.0707411,0.0810244
0.140916,0.140916,0.143697,-0.218164,-0.0713274,0.0811629
0.143857,0.143857,0.146756,-0.217221,-0.0718685,0.0813293
0.146872,0.146872,0.149896,-0.216397,-0.0723643,0.0815082
0.150045,0.150045,0.153167,-0.216112,-0.0727543,0.0816616
0.153214,0.153214,0.156436,-0.21637,-0.0731913,0.0818121
0.156427,0.156427,0.159769,-0.216826,-0.0739843,0.0819536
0.159576,0.159576,0.163023,-0.217398,-0.074802,0.0820796
0.162696,0.162696,0.166223,-0.21802,-0.0756146,0.082205
0.165625,0.165625,0.169213,-0.218966,-0.0763877,0.0822756
0.168369,0.168369,0.172035,-0.219949,-0.0772458,0.0823359
0.171402,0.171402,0.175153,-0.220863,-0.0781383,0.0824153
0.174485,0.174485,0.17832,-0.221662,-0.0789435,0.0824794
0.177521,0.177521,0.181443,-0.222341,-0.0796986,0.0825528
0.180631,0.180631,0.184642,-0.222821,-0.0805749,0.0826357
0.183745,0.183745,0.187836,-0.22285,-0.0813251,0.0827642
0.186931,0.186931,0.191117,-0.222529,-0.0822536,0.0829375
0.189994,0.189994,0.194272,-0.222181,-0.0830923,0.0831157
0.19301,0.19301,0.197375,-0.221897,-0.0838141,0.0833078
0.196131,0.196131,0.200565,-0.221716,-0.0845159,0.0834844
0.199186,0.199186,0.203672,-0.221525,-0.085115,0.0836331
0.202429,0.202429,0.206986,-0.22137,-0.0859314,0.083776
0.205383,0.205383,0.209994,-0.22108,-0.086502,0.0839731
0.20813,0.20813,0.212806,-0.220754,-0.0870181,0.0841802
0.210406,0.210406,0.215147,-0.220207,-0.0874477,0.0843794
0.212862,0.212862,0.217681,-0.219693,-0.0880277,0.0845695
0.215749,0.215749,0.220638,-0.219012,-0.08864,0.0847732
0.218627,0.218627,0.223575,-0.218286,-0.0891553,0.0849797
0.22098,0.22098,0.225994,-0.217694,-0.0894043,0.0851711
0.223325,0.223325,0.228407,-0.217132,-0.0896175,0.0853681
0.225556,0.225556,0.230698,-0.216612,-0.0897382,0.0855673
0.227791,0.227791,0.232988,-0.216266,-0.0898704,0.0857728
0.229757,0.229757,0.235019,-0.216004,-0.0898149,0.086011
0.231698,0.231698,0.237015,-0.215974,-0.0896611,0.0863
0.233644,0.233644,0.239021,-0.215733,-0.0896568,0.0865824
0.235941,0.235941,0.241364,-0.21527,-0.0897765,0.0868461
0.238326,0.238326,0.243804,-0.214627,-0.0897916,0.0870667
0.240886,0.240886,0.246419,-0.214058,-0.0897432,0.087278
0.243565,0.243565,0.249161,-0.213508,-0.0894318,0.0874569
0.246304,0.246304,0.251958,-0.212822,-0.0891184,0.087635
0.249274,0.249274,0.254972,-0.21209,-0.0891542,0.0877549
0.25229,0.25229,0.258029,-0.211523,-0.0893101,0.0878444
0.255491,0.255491,0.261274,-0.211034,-0.0894438,0.0879145
0.258326,0.258326,0.26415,-0.21065,-0.0893725,0.0879666
0.261177,0.261177,0.26705,-0.210351,-0.0893425,0.0880162
0.264266,0.264266,0.270192,-0.21135,-0.0892092,0.0877028
0.267652,0.267652,0.273641,-0.212379,-0.0893175,0.0874219
0.271225,0.271225,0.277263,-0.212631,-0.0895578,0.0873497
0.274984,0.274984,0.281086,-0.212435,-0.0899317,0.0873616
0.278385,0.278385,0.284546,-0.212052,-0.0899771,0.0874451
0.281641,0.281641,0.287887,-0.211563,-0.0901193,0.0875603
0.285076,0.285076,0.291397,-0.211108,-0.0903965,0.0876783
0.288609,0.288609,0.294984,-0.210727,-0.0905911,0.0877863
0.292219,0.292219,0.298663,-0.210358,-0.0909527,0.0878985
0.295759,0.295759,0.302288,-0.209978,-0.0913626,0.0880011
0.299269,0.299269,0.305899,-0.209575,-0.0918081,0.0881017
0.302885,0.302885,0.309618,-0.208998,-0.0923871,0.0881987
0.306546,0.306546,0.313381,-0.208828,-0.0928159,0.0882879
0.310139,0.310139,0.317057,-0.208792,-0.0930545,0.0883668
0.313727,0.313727,0.320755,-0.208824,-0.0932074,0.0884455
0.31714,0.31714,0.324249,-0.208867,-0.0931078,0.0885324
0.320374,0.320374,0.327563,-0.208947,-0.0929018,0.0886109
0.32374,0.32374,0.331016,-0.208734,-0.0928249,0.0886899
0.327139,0.327139,0.334506,-0.208417,-0.0929547,0.088779
0.33055,0.33055,0.337999,-0.208236,-0.0927635,0.0888632
0.333682,0.333682,0.341209,-0.208041,-0.0925318,0.0889492
0.336676,0.336676,0.344279,-0.207892,-0.0921831,0.0890288
0.339543,0.339543,0.347204,-0.207982,-0.0918722,0.0891048
0.34258,0.34258,0.350312,-0.208206,-0.0916758,0.089174
0.345605,0.345605,0.353412,-0.208164,-0.0915342,0.089271
0.34842,0.34842,0.356284,-0.208187,-0.0912846,0.0893474
0.351445,0.351445,0.359348,-0.208233,-0.0909284,0.0894004
0.354694,0.354694,0.362632,-0.207996,-0.0909732,0.0894636
0.357716,0.357716,0.365711,-0.207979,-0.0908316,0.0895073
0.360537,0.360537,0.368591,-0.208002,-0.0905585,0.0895481
0.363328,0.363328,0.371442,-0.20794,-0.0902602,0.0896015
0.366127,0.366127,0.374288,-0.207564,-0.0899998,0.0896874
0.368665,0.368665,0.376858,-0.206846,-0.0898926,0.0897979
0.37116,0.37116,0.379383,-0.206075,-0.0899392,0.089918
0.373857,0.373857,0.382131,-0.20517,-0.0902972,0.090049
0.376144,0.376144,0.384453,-0.204638,-0.0901595,0.0901148
0.378458,0.378458,0.386805,-0.204312,-0.0902795,0.0901518
0.380562,0.380562,0.388936,-0.203845,-0.0906874,0.0901977
0.38237,0.38237,0.390756,-0.203425,-0.091129,0.0902433
0.384242,0.384242,0.392661,-0.203194,-0.0918279,0.0903206
0.386285,0.386285,0.394724,-0.203055,-0.0927951,0.0904269
0.388287,0.388287,0.396756,-0.20306,-0.0936551,0.0905662
0.389955,0.389955,0.398455,-0.20338,-0.0942539,0.090713
0.39153,0.39153,0.400064,-0.203661,-0.0946345,0.090838
0.392874,0.392874,0.401433,-0.203779,-0.0948792,0.090955
0.393857,0.393857,0.402426,-0.203814,-0.0949158,0.0910521
0.394423,0.394423,0.402981,-0.203425,-0.0948253,0.0910803
0.394462,0.394462,0.402991,-0.203126,-0.0946356,0.0910754
0.393968,0.393968,0.402479,-0.203236,-0.095721,0.0911477
0.392905,0.392904,0.401422,-0.206175,-0.0979775,0.0913794
0.39134,0.39134,0.399855,-0.212297,-0.0999081,0.0916772
0.389582,0.389582,0.398085,-0.218085,-0.104326,0.0922416
0.387056,0.387056,0.395569,-0.227568,-0.11269,0.0925324
0.38393,0.38393,0.392449,-0.238379,-0.122412,0.0927225
0.381615,0.381615,0.390135,-0.250412,-0.135041,0.0926928
0.380001,0.380001,0.388514,-0.262895,-0.149487,0.0923915
0.378377,0.378377,0.38689,-0.275467,-0.164309,0.0919904
0.376359,0.376359,0.384872,-0.287859,-0.179289,0.0914703
0.373627,0.373626,0.382163,-0.300136,-0.194057,0.0907869
0.370613,0.370613,0.379193,-0.311998,-0.20878,0.0900071
0.367456,0.367456,0.37607,-0.323261,-0.223333,0.0891061
0.364196,0.364196,0.372814,-0.334348,-0.237402,0.0881466
0.360821,0.360821,0.369454,-0.345222,-0.251607,0.0871096
0.357395,0.357395,0.366058,-0.355907,-0.265843,0.0860772
0.354105,0.354105,0.362826,-0.366392,-0.280033,0.0850512
0.350677,0.350677,0.359442,-0.376815,-0.294066,0.0840432
0.347087,0.347087,0.355891,-0.387408,-0.308084,0.0830148
0.343415,0.343415,0.352249,-0.398189,-0.32213,0.0820358
0.339726,0.339726,0.34857,-0.409144,-0.336249,0.0810556
0.335841,0.335841,0.344694,-0.42018,-0.350227,0.0800823
0.331902,0.331902,0.340769,-0.431682,-0.364331,0.0790477
0.327889,0.327889,0.33675,-0.443432,-0.378321,0.0779951
0.324023,0.324023,0.332874,-0.455156,-0.392294,0.0769553
0.320508,0.320508,0.329342,-0.466852,-0.406356,0.0759177
0.317215,0.317215,0.326036,-0.478489,-0.420502,0.0748868
0.313812,0.313812,0.322633,-0.490103,-0.434701,0.0738694
0.309906,0.309906,0.318714,-0.50169,-0.448641,0.0728514
0.30598,0.30598,0.314796,-0.513371,-0.462822,0.0718119
0.301962,0.301962,0.310778,-0.525015,-0.477101,0.0707722
0.298451,0.298451,0.307258,-0.5369,-0.491405,0.0697348
0.29502,0.29502,0.303791,-0.548836,-0.505646,0.0687165
0.291096,0.291096,0.299847,-0.560897,-0.51974,0.0677177
0.287388,0.287388,0.296116,-0.572895,-0.533838,0.0669312
0.28415,0.28415,0.292855,-0.584961,-0.547815,0.0663672
0.280672,0.280672,0.289377,-0.597097,-0.560572,0.0664498
0.277072,0.277072,0.285767,-0.609143,-0.572561,0.0669091
0.272466,0.272466,0.281142,-0.620306,-0.582337,0.0682271
0.267582,0.267582,0.276208,-0.630429,-0.591026,0.0700115
0.261996,0.261996,0.27053,-0.637988,-0.596686,0.0725717
0.256412,0.256412,0.26484,-0.644027,-0.600466,0.0755333
0.251349,0.251349,0.259679,-0.646283,-0.601119,0.0791444
0.246954,0.246954,0.255174,-0.644516,-0.599279,0.0832
0.242878,0.242878,0.250975,-0.640993,-0.596387,0.0873919
0.239315,0.239315,0.247312,-0.636182,-0.592696,0.0916932
0.236631,0.236631,0.244536,-0.630315,-0.587385,0.0960108
0.234092,0.234092,0.241916,-0.623758,-0.581421,0.10038
0.231826,0.231826,0.239568,-0.616248,-0.574591,0.104747
0.229835,0.229835,0.237499,-0.608586,-0.567595,0.109094
0.228203,0.228203,0.23579,-0.601056,-0.560317,0.113396
0.226765,0.226765,0.234278,-0.593863,-0.552961,0.117665
0.225723,0.225723,0.233171,-0.585679,-0.545689,0.122261
0.224736,0.224736,0.232108,-0.577347,-0.53836,0.126805
0.223459,0.223459,0.230775,-0.569561,-0.53104,0.131126
0.222558,0.222558,0.229783,-0.562025,-0.523935,0.135365
0.221591,0.221591,0.22872,-0.554627,-0.517238,0.139602
0.220592,0.220592,0.227612,-0.547555,-0.510323,0.143794
0.219051,0.219051,0.225996,-0.540535,-0.503312,0.147986
0.217494,0.217494,0.224385,-0.533647,-0.496358,0.152195
0.215583,0.215583,0.222413,-0.526872,-0.489218,0.156395
0.213593,0.213593,0.220347,-0.520025,-0.482079,0.160607
0.211446,0.211446,0.218109,-0.513372,-0.474888,0.164813
0.209359,0.209359,0.215925,-0.506819,-0.467747,0.169018
0.207118,0.207118,0.213594,-0.500054,-0.460667,0.173237
0.204909,0.204909,0.211302,-0.493116,-0.45375,0.177467
0.202716,0.202716,0.209021,-0.485957,-0.446916,0.181702
0.200512,0.200512,0.206746,-0.478907,-0.440243,0.185936
0.198293,0.198293,0.204458,-0.472076,-0.433604,0.190143
0.195995,0.195995,0.20208,-0.46518,-0.426905,0.194346
0.193762,0.193762,0.199744,-0.458548,-0.420122,0.198518
0.191439,0.191439,0.197332,-0.451849,-0.41357,0.202684
0.189179,0.189179,0.194989,-0.445091,-0.406963,0.206845
0.187124,0.187124,0.192836,-0.437991,-0.400679,0.211017
0.1851,0.1851,0.190722,-0.430726,-0.394226,0.21521
0.182771,0.182771,0.18829,-0.423203,-0.387561,0.219418
0.18077,0.18077,0.186193,-0.415651,-0.380839,0.223631
0.179542,0.179542,0.184885,-0.408239,-0.374265,0.227817
0.178008,0.178008,0.183279,-0.400769,-0.367576,0.231967
0.176375,0.176375,0.18157,-0.393278,-0.360677,0.236131
0.17463,0.17463,0.179732,-0.385564,-0.353696,0.240295
0.173029,0.173029,0.178044,-0.377922,-0.346781,0.244448
0.171359,0.171359,0.176284,-0.370441,-0.339956,0.248605
0.169563,0.169563,0.174414,-0.363279,-0.333143,0.252716
0.16775,0.16775,0.172531,-0.35615,-0.326398,0.25684
0.165927,0.165927,0.170661,-0.349317,-0.319514,0.260947
0.163822,0.163822,0.168477,-0.342718,-0.312603,0.265041
0.161613,0.161613,0.166195,-0.336172,-0.306177,0.269206
0.159108,0.159108,0.163625,-0.330108,-0.300138,0.273339
0.156707,0.156707,0.161158,-0.324789,-0.294268,0.277357
0.154337,0.154337,0.15875,-0.321472,-0.287709,0.280543
0.152381,0.152381,0.15676,-0.320358,-0.281362,0.282944
0.150236,0.150236,0.154567,-0.320108,-0.275326,0.28492
0.148406,0.148405,0.15269,-0.319919,-0.270884,0.28646
0.146984,0.146984,0.151214,-0.318828,-0.268954,0.287063
0.145483,0.145483,0.149646,-0.31753,-0.267984,0.287262
0.143824,0.143824,0.14795,-0.316146,-0.26818,0.287032
0.142166,0.142166,0.146265,-0.314538,-0.268374,0.286834
0.140427,0.140427,0.144493,-0.312464,-0.268041,0.286805
0.138794,0.138794,0.142832,-0.310443,-0.267171,0.286832
0.137483,0.137483,0.141477,-0.307754,-0.264513,0.286911
0.136448,0.136448,0.140378,-0.302372,-0.260445,0.286834
0.135601,0.135601,0.139453,-0.293923,-0.256394,0.286637
0.134792,0.134792,0.138562,-0.285846,-0.249949,0.286141
0.134738,0.134738,0.138422,-0.274487,-0.239824,0.285783
0.135428,0.135428,0.139021,-0.261927,-0.228458,0.285505
0.135252,0.135252,0.138737,-0.248836,-0.214197,0.285426
0.134485,0.134485,0.137871,-0.235603,-0.198436,0.285613
0.133819,0.133819,0.137093,-0.222185,-0.182456,0.285893
0.13345,0.13345,0.136596,-0.20891,-0.166419,0.286271
0.133743,0.133743,0.136741,-0.195904,-0.150426,0.286791
0.13398,0.13398,0.136834,-0.183008,-0.134441,0.287419
0.134412,0.134412,0.137137,-0.17009,-0.118614,0.288184
0.134895,0.134895,0.137495,-0.157213,-0.102829,0.289008
0.1356,0.1356,0.138085,-0.144486,-0.0871278,0.289893
0.136583,0.136583,0.138957,-0.131703,-0.071483,0.290802
0.137197,0.137197,0.139455,-0.118935,-0.0557727,0.29174
0.137975,0.137975,0.140127,-0.106164,-0.040062,0.292675
0.138651,0.138651,0.140692,-0.0934631,-0.0242677,0.293606
0.139473,0.139473,0.141411,-0.0807,-0.0085581,0.294508
0.140315,0.140315,0.142153,-0.0680144,0.00727123,0.295389
0.14133,0.14133,0.143079,-0.0552122,0.0228795,0.296275
0.142491,0.142491,0.144139,-0.042407,0.03843,0.297189
0.143761,0.143761,0.145323,-0.0296845,0.0539457,0.298086
0.144688,0.144688,0.146164,-0.0170685,0.0695669,0.298962
0.145268,0.145268,0.146674,-0.00427964,0.0849949,0.299851
0.145716,0.145716,0.14705,0.00866902,0.100492,0.30077
0.146615,0.146615,0.14788,0.0215956,0.115947,0.301689
0.148056,0.148056,0.149236,0.0339543,0.131423,0.302545
0.149743,0.149743,0.150832,0.0461828,0.146822,0.303408
0.151519,0.151519,0.152532,0.0585478,0.162151,0.304303
0.153152,0.153152,0.154109,0.0710871,0.177471,0.305226
0.154952,0.154952,0.15587,0.0838656,0.192725,0.306189
0.156993,0.156993,0.157858,0.0967634,0.207976,0.307129
0.158344,0.158344,0.159158,0.109563,0.22337,0.307844
0.15957,0.15957,0.160328,0.122437,0.238507,0.30834
0.161392,0.161392,0.16206,0.135231,0.252379,0.30817
0.1635,0.1635,0.164104,0.147895,0.26531,0.307614
0.166429,0.166429,0.167003,0.159643,0.276312,0.306193
0.169823,0.169823,0.170393,0.170416,0.286104,0.304331
0.174378,0.174378,0.174995,0.178532,0.292636,0.301699
0.179071,0.179071,0.179758,0.184959,0.297212,0.298673
0.18313,0.18313,0.183905,0.187387,0.298613,0.294996
0.186709,0.186709,0.18759,0.185632,0.297508,0.290859
0.18989,0.18989,0.190878,0.182477,0.295352,0.286616
0.192638,0.192638,0.193714,0.178099,0.29221,0.282246
0.194302,0.194302,0.195472,0.172686,0.287533,0.277856
0.195709,0.195708,0.196969,0.166368,0.282374,0.273428
0.196793,0.196793,0.19815,0.159438,0.27655,0.269038
0.197804,0.197804,0.199244,0.152378,0.27036,0.264683
0.198597,0.198597,0.200117,0.145699,0.263854,0.26042
0.199381,0.199381,0.200976,0.139539,0.257193,0.256225
0.200021,0.200021,0.201692,0.133294,0.250782,0.252082
0.200451,0.200451,0.202212,0.126882,0.244535,0.247957
0.20112,0.20112,0.20296,0.120225,0.23837,0.243869
0.201429,0.201428,0.203364,0.11344,0.232431,0.239768
0.20212,0.20212,0.204172,0.106789,0.226421,0.235614
0.20286,0.20286,0.205046,0.100227,0.220282,0.231463
0.204152,0.204152,0.206447,0.093671,0.214029,0.227321
0.205469,0.205469,0.207876,0.087018,0.207896,0.223165
0.207322,0.207322,0.209703,0.0804191,0.201733,0.219017
0.209387,0.209387,0.211886,0.0738611,0.195517,0.214864
0.211612,0.211612,0.214229,0.0674088,0.189382,0.210701
0.213684,0.213684,0.216423,0.0609997,0.183454,0.206535
0.215889,0.215889,0.218751,0.0547605,0.177376,0.202364
0.218125,0.218125,0.221108,0.0485459,0.17136,0.198191
0.220607,0.220607,0.223712,0.042433,0.165065,0.194021
0.222935,0.222935,0.226157,0.0364344,0.158782,0.189849
0.224991,0.224991,0.228337,0.0307195,0.152671,0.185711
0.226966,0.226966,0.230445,0.0250159,0.146516,0.181572
0.229109,0.229109,0.232721,0.0196537,0.1402,0.177448
0.231348,0.231348,0.235101,0.0143412,0.133787,0.173332
0.233589,0.233589,0.237477,0.00891422,0.12742,0.169203
0.235562,0.235562,0.239594,0.00300025,0.121377,0.165048
0.237443,0.237443,0.241603,-0.00317024,0.115384,0.160849
0.239474,0.239474,0.243758,-0.00947934,0.109376,0.156652
0.241112,0.241112,0.245528,-0.0159317,0.103425,0.152435
0.242071,0.242071,0.246614,-0.0222366,0.0975098,0.148238
0.243385,0.243385,0.248036,-0.0285796,0.0915433,0.144088
0.244626,0.244626,0.249383,-0.0347264,0.0855329,0.139956
0.24588,0.24588,0.250746,-0.0410133,0.0793971,0.135815
0.247076,0.247076,0.252038,-0.0472776,0.0732987,0.131682
0.248141,0.248141,0.253207,-0.053508,0.067355,0.12754
0.249579,0.249579,0.254732,-0.0596949,0.0612427,0.123409
0.250608,0.250608,0.255863,-0.0661365,0.0553358,0.119235
0.25153,0.25153,0.256888,-0.0723535,0.0494195,0.115072
0.252674,0.252674,0.258146,-0.0785874,0.0436084,0.110915
0.254102,0.254102,0.259675,-0.0844669,0.0375893,0.106742
0.255896,0.255896,0.26155,-0.0897631,0.0319291,0.102618
0.257696,0.257696,0.263436,-0.0943558,0.0264845,0.0986087
0.259651,0.259651,0.265467,-0.0970576,0.0202999,0.0954224
0.261052,0.261052,0.266921,-0.0976286,0.0146298,0.0930087
0.262331,0.262331,0.268265,-0.0973615,0.00960275,0.0909916
0.263323,0.263323,0.269332,-0.096801,0.00595214,0.0894134
0.264131,0.264131,0.270227,-0.0968854,0.00465825,0.0887724
0.265169,0.265169,0.271332,-0.0971713,0.00420183,0.088518
0.266561,0.266561,0.272761,-0.0975207,0.00479444,0.0887141
0.267686,0.267686,0.273927,-0.0980909,0.00556044,0.0889007
0.268787,0.268787,0.275069,-0.0991403,0.00612099,0.0889583
0.26986,0.26986,0.276187,-0.100002,0.00640222,0.0889677
0.27083,0.27083,0.277214,-0.101005,0.00637622,0.088852
0.271809,0.271809,0.278238,-0.10177,0.0062325,0.088734
0.272789,0.272789,0.279257,-0.102417,0.00580856,0.0886711
0.274014,0.274014,0.280515,-0.103225,0.00518842,0.08862
0.275403,0.275403,0.281927,-0.10387,0.00466291,0.0887099
0.276662,0.276662,0.283213,-0.10485,0.00421211,0.0888088
0.277651,0.277651,0.284227,-0.10593,0.00405896,0.0889223
0.278672,0.278672,0.285276,-0.107139,0.00392114,0.0890341
0.279915,0.279915,0.286557,-0.108731,0.00361438,0.0891314
0.281117,0.281117,0.287807,-0.110227,0.00338135,0.0892373
0.282416,0.282416,0.289139,-0.1114,0.00295445,0.0893754
0.283512,0.283512,0.290267,-0.112637,0.00261228,0.0895016
0.284301,0.284301,0.291083,-0.114129,0.00239413,0.0895895
0.285064,0.285064,0.291875,-0.115612,0.00221167,0.0896836
0.285983,0.285983,0.292818,-0.116949,0.00177565,0.089822
0.286779,0.286779,0.293647,-0.11844,0.00138737,0.090023
0.288003,0.288003,0.294881,-0.119855,0.000793212,0.0904219
0.289159,0.289159,0.296036,-0.121093,9.6961e-05,0.0909279
0.290622,0.290622,0.297514,-0.122413,-0.000653619,0.0915546
0.2921,0.2921,0.299005,-0.12373,-0.00128882,0.0922446
0.293552,0.293552,0.300485,-0.125028,-0.00198007,0.0929617
0.295129,0.295129,0.302079,-0.126729,-0.00125835,0.0935475
0.296946,0.296946,0.303937,-0.128342,-0.00135741,0.0940076
0.298823,0.298823,0.305843,-0.129578,-0.00171119,0.0943842
0.300866,0.300866,0.307928,-0.13142,-0.00265407,0.0941824
0.302916,0.302916,0.310018,-0.13373,-0.00376532,0.0938307
0.305003,0.305003,0.312141,-0.136766,-0.00510621,0.0934031
0.306701,0.306701,0.313869,-0.139837,-0.00621452,0.0930254
0.308065,0.308065,0.315274,-0.142067,-0.00724678,0.0928611
0.309226,0.309226,0.316474,-0.143584,-0.00759031,0.0928516
0.31052,0.31052,0.317789,-0.14504,-0.00759982,0.0930438
0.311837,0.311837,0.319118,-0.146732,-0.00770436,0.0930247
0.312927,0.312927,0.320211,-0.149072,-0.00774725,0.0927028
0.313924,0.313924,0.32122,-0.151489,-0.00783351,0.0924888
0.315081,0.315081,0.322395,-0.152765,-0.00816194,0.0923791
0.316018,0.316018,0.323355,-0.154487,-0.00857611,0.0921223
0.316477,0.316477,0.323847,-0.156442,-0.00911397,0.0916788
0.316978,0.316977,0.324359,-0.158467,-0.00991653,0.091301
0.317609,0.317609,0.324978,-0.160129,-0.0108801,0.0909756
0.317854,0.317854,0.32521,-0.161217,-0.0116529,0.0908097
0.318042,0.318042,0.325404,-0.162633,-0.0124164,0.0905623
0.31825,0.31825,0.325612,-0.164389,-0.0131549,0.0901337
0.318344,0.318344,0.325706,-0.166136,-0.01385,0.0897909
0.318697,0.318697,0.326044,-0.170372,-0.0133375,0.0894974
0.31922,0.31922,0.32656,-0.17348,-0.0136992,0.0892692
0.320155,0.320155,0.327491,-0.178261,-0.0135179,0.0890865
0.321233,0.321233,0.328566,-0.183534,-0.0132269,0.0889309
0.322603,0.322603,0.329945,-0.188442,-0.0129046,0.0886685
0.324288,0.324288,0.33163,-0.192464,-0.0130751,0.0881824
0.325806,0.325806,0.333154,-0.195579,-0.0140322,0.0877402
0.327212,0.327212,0.334567,-0.19798,-0.0156252,0.0871767
0.328205,0.328205,0.335573,-0.200403,-0.0170271,0.0866838
0.328894,0.328894,0.336279,-0.202202,-0.0186181,0.0863002
0.329443,0.329443,0.336823,-0.203167,-0.0198925,0.0861311
0.329967,0.329967,0.337343,-0.20386,-0.0210042,0.0860149
0.330512,0.330512,0.337872,-0.204147,-0.0218296,0.0860085
0.331072,0.331072,0.338406,-0.204524,-0.0224016,0.0860064
0.331972,0.331972,0.339268,-0.204725,-0.023079,0.0860022
0.332473,0.332473,0.33973,-0.204844,-0.0233818,0.0859494
0.332885,0.332885,0.34011,-0.204761,-0.0238527,0.0859068
0.333098,0.333098,0.340432,-0.204561,-0.0244933,0.0858634
0.333466,0.333466,0.340764,-0.204656,-0.0253006,0.0857799
0.3339,0.3339,0.341163,-0.204749,-0.0263414,0.0857121
0.334226,0.334226,0.341452,-0.204949,-0.0274566,0.0856682
0.334309,0.33457,0.341745,-0.205357,-0.0285122,0.0856497
0.334109,0.33437,0.341489,-0.206033,-0.0294817,0.0856391
0.333195,0.333456,0.340495,-0.207246,-0.0300211,0.0855622
0.332354,0.332615,0.339581,-0.208639,-0.0306158,0.0854607
0.332049,0.33231,0.339202,-0.210436,-0.0317291,0.0853316
0.331814,0.332075,0.338892,-0.212388,-0.0327559,0.085242
0.331447,0.331708,0.338462,-0.214611,-0.0335885,0.0851658
0.331118,0.33138,0.338056,-0.216747,-0.0342502,0.0851035
0.330926,0.331187,0.337807,-0.218674,-0.034969,0.0850413
0.33085,0.331111,0.33767,-0.220124,-0.0357945,0.0849987
0.330791,0.331052,0.33757,-0.221122,-0.0366481,0.0850089
0.330874,0.331136,0.337622,-0.221627,-0.0376675,0.0850712
0.331067,0.331328,0.33777,-0.222003,-0.0384895,0.0851449
0.331032,0.331293,0.337679,-0.221975,-0.0390903,0.0852735
0.330709,0.33097,0.337302,-0.222185,-0.0394556,0.0853896
0.330414,0.330675,0.336981,-0.22265,-0.0398418,0.0854548
0.330556,0.330817,0.337103,-0.223049,-0.0406324,0.0855349
0.330628,0.33089,0.337161,-0.22352,-0.0414483,0.0856163
0.330922,0.331183,0.337443,-0.224065,-0.0424543,0.0857094
0.331133,0.331395,0.337654,-0.224758,-0.0434887,0.0857953
0.331843,0.332105,0.338149,-0.225417,-0.0445011,0.0858871
0.332451,0.332712,0.338711,-0.226177,-0.0457085,0.0859748
0.332564,0.332825,0.338772,-0.22714,-0.0466347,0.0859643
0.332514,0.332775,0.338672,-0.22863,-0.0472061,0.0858334
0.332358,0.332619,0.338478,-0.230465,-0.0477611,0.085624
0.332264,0.332525,0.338377,-0.232504,-0.0486922,0.0853585
0.332454,0.332716,0.338561,-0.234595,-0.0496228,0.085097
0.332726,0.332987,0.33882,-0.236714,-0.0506245,0.0848346
0.333056,0.333317,0.33914,-0.238772,-0.0518656,0.0845844
0.333495,0.333757,0.339564,-0.240814,-0.0530953,0.0843299
0.334017,0.334278,0.340069,-0.242765,-0.0543701,0.084079
0.334509,0.334771,0.340555,-0.244717,-0.0555017,0.0838393
0.33472,0.334981,0.340745,-0.246736,-0.0564268,0.0835609
0.335074,0.335335,0.341083,-0.248738,-0.0574276,0.0832754
0.335614,0.335875,0.341618,-0.250848,-0.0585418,0.082995
0.336222,0.336483,0.342214,-0.252942,-0.0596032,0.0827227
0.337066,0.337327,0.343062,-0.254994,-0.0608009,0.0824549
0.337783,0.338044,0.343799,-0.256366,-0.0619104,0.0823311
0.33845,0.338712,0.344469,-0.256928,-0.0628484,0.0823404
0.338975,0.339236,0.345012,-0.257403,-0.0635205,0.0823613
0.339094,0.339355,0.345147,-0.257799,-0.0639317,0.0823856
0.33907,0.339331,0.345123,-0.258162,-0.0642954,0.0824066
0.339263,0.339524,0.34532,-0.258652,-0.0649657,0.0824092
0.339326,0.339587,0.345362,-0.259355,-0.0655535,0.0824076
0.339149,0.339411,0.345156,-0.260017,-0.0659637,0.0824067
0.338572,0.338833,0.344575,-0.260736,-0.0662662,0.0824025
0.337914,0.338176,0.343911,-0.261551,-0.0664977,0.0823826
0.337594,0.337855,0.343581,-0.262558,-0.0670884,0.0821797
0.3375,0.337761,0.343479,-0.263719,-0.0677841,0.081813
0.337185,0.337446,0.343154,-0.264841,-0.0684664,0.0815664
0.336842,0.337104,0.3428,-0.265477,-0.0687049,0.0814376
0.336506,0.336767,0.342434,-0.266594,-0.0689373,0.080961
0.336139,0.3364,0.342069,-0.267697,-0.0691215,0.0803577
0.33568,0.335941,0.341599,-0.268125,-0.0688435,0.0798768
0.335033,0.335295,0.340921,-0.268629,-0.0685565,0.0791493
0.334391,0.334652,0.340256,-0.269614,-0.0684026,0.0782522
0.333707,0.333968,0.339534,-0.269655,-0.068144,0.0775767
0.332816,0.333077,0.338613,-0.269192,-0.0690962,0.0770744
0.331448,0.331709,0.337207,-0.268714,-0.0690729,0.0767048
0.329774,0.330035,0.335503,-0.26859,-0.0687807,0.0764403
0.328431,0.328692,0.334132,-0.267734,-0.0681495,0.0767651
0.327359,0.32762,0.333028,-0.266489,-0.0671713,0.0772512
0.326277,0.326538,0.331932,-0.264603,-0.0660146,0.0777911
0.32557,0.325831,0.331223,-0.262527,-0.0652268,0.0782915
0.325022,0.325283,0.330665,-0.260655,-0.0645416,0.0786361
0.324908,0.325169,0.330553,-0.259306,-0.0646383,0.0787938
0.324651,0.324912,0.330296,-0.258075,-0.0649098,0.0787129
0.324134,0.324396,0.329781,-0.256677,-0.065041,0.0788129
0.323447,0.323708,0.329087,-0.254988,-0.0651546,0.0791208
0.322701,0.322962,0.328318,-0.253578,-0.0653606,0.0792277
0.322014,0.322275,0.327616,-0.253256,-0.0654615,0.0792027
0.321663,0.321925,0.327261,-0.252654,-0.0655709,0.0792983
0.321551,0.321812,0.327151,-0.251649,-0.0654777,0.0796129
0.321738,0.322,0.327343,-0.25059,-0.065135,0.0799241
0.32219,0.322451,0.327805,-0.249712,-0.0650196,0.0802107
0.322884,0.323145,0.328525,-0.249674,-0.064804,0.0802824
0.323311,0.323573,0.328949,-0.24948,-0.0642681,0.0803664
0.323906,0.324167,0.329546,-0.248971,-0.0636759,0.080558
0.324579,0.32484,0.330216,-0.248158,-0.0630258,0.0806511
0.324788,0.325049,0.33043,-0.244478,-0.0634366,0.0807206
0.324846,0.325107,0.330485,-0.24222,-0.0629648,0.080685
0.324107,0.324369,0.329762,-0.238373,-0.0627632,0.0806275
0.323494,0.323756,0.329154,-0.234198,-0.0627762,0.0805501
0.322585,0.322846,0.328232,-0.230141,-0.0628589,0.0806092
0.321206,0.321467,0.326849,-0.227229,-0.0624575,0.0808903
0.31998,0.320241,0.325617,-0.225245,-0.06129,0.0811351
0.318759,0.31902,0.3244,-0.224219,-0.0595462,0.0814563
0.317549,0.317811,0.32318,-0.223304,-0.0578103,0.0816889
0.316557,0.316818,0.322164,-0.22263,-0.0561823,0.0818165
0.315797,0.316058,0.321403,-0.222677,-0.0548594,0.0817469
0.314922,0.315183,0.32052,-0.222874,-0.0536515,0.0816084
0.313835,0.314096,0.319438,-0.2233,-0.0528383,0.0813808
0.312556,0.312817,0.318153,-0.223832,-0.0521149,0.0811453
0.310866,0.311127,0.316454,-0.225007,-0.0512641,0.0808711
0.309392,0.309654,0.314969,-0.226505,-0.0506482,0.0805828
0.308282,0.308543,0.313827,-0.228107,-0.0502883,0.0802822
0.307331,0.307592,0.31284,-0.229857,-0.050091,0.0799846
0.306229,0.30649,0.311719,-0.231324,-0.0493623,0.0797926
0.305,0.305262,0.310478,-0.232618,-0.0483237,0.0796731
0.303749,0.30401,0.309214,-0.233248,-0.0471842,0.0796983
0.302705,0.302705,0.307907,-0.233993,-0.0459593,0.0797394
0.302487,0.302487,0.307671,-0.235563,-0.0457139,0.0793429
0.302669,0.302669,0.307852,-0.237141,-0.0456662,0.0788715
0.302925,0.302925,0.308123,-0.238616,-0.0458247,0.0783788
0.302892,0.302892,0.308106,-0.239765,-0.0456131,0.0779012
0.304146,0.304146,0.309437,-0.240786,-0.0461439,0.0773958
0.306133,0.306133,0.311503,-0.241613,-0.0472619,0.0769057
0.309037,0.309037,0.31449,-0.242435,-0.0490537,0.0764402
0.312128,0.312128,0.317673,-0.243372,-0.050976,0.0759778
0.315906,0.315906,0.321562,-0.244744,-0.0529515,0.075749
0.319593,0.319593,0.325354,-0.246344,-0.0545466,0.0755908
0.322904,0.322904,0.328763,-0.247612,-0.0551417,0.0754826
0.32612,0.32612,0.332076,-0.248039,-0.055535,0.0754137
0.329475,0.329475,0.33553,-0.247167,-0.0555085,0.0753696
0.33307,0.33307,0.339229,-0.245108,-0.055386,0.0753694
0.337365,0.337365,0.343611,-0.244576,-0.0541046,0.0753456
0.341694,0.341694,0.34799,-0.244636,-0.0519805,0.0753125
0.346413,0.346413,0.352741,-0.24595,-0.0494839,0.07527
0.35091,0.35091,0.357279,-0.24779,-0.0467729,0.0752609
0.35492,0.35492,0.361369,-0.248523,-0.0457053,0.0754308
0.358782,0.358782,0.365526,-0.248874,-0.0453883,0.0756921
0.362456,0.362456,0.36931,-0.249543,-0.0451957,0.0760724
0.366294,0.366294,0.373268,-0.249971,-0.0453578,0.0765824
0.370053,0.370053,0.377149,-0.249863,-0.0458631,0.0772282
0.373889,0.373889,0.381092,-0.249321,-0.0463287,0.0779642
0.37787,0.37787,0.385145,-0.248214,-0.046517,0.0787336
0.381699,0.381699,0.389033,-0.246891,-0.0465425,0.0795046
0.385731,0.385731,0.393158,-0.244829,-0.0465732,0.0802623
0.390161,0.390161,0.397687,-0.242717,-0.0464732,0.0809951
0.395071,0.395071,0.402693,-0.240051,-0.046291,0.0817301
0.400074,0.400074,0.407789,-0.238491,-0.0453737,0.0824498
0.405257,0.405257,0.413086,-0.238478,-0.0437246,0.0831052
0.410717,0.410717,0.418686,-0.238881,-0.0423893,0.0837451
0.416816,0.416816,0.424912,-0.239069,-0.0417068,0.0844022
0.422916,0.422916,0.431144,-0.238673,-0.0407318,0.0851059
0.429304,0.429304,0.437672,-0.240958,-0.0383102,0.0856684
0.435517,0.435517,0.444014,-0.242353,-0.0364157,0.0862819
0.442332,0.442332,0.450958,-0.242162,-0.0351314,0.0868739
0.449578,0.449578,0.458354,-0.242432,-0.03423,0.0873585
0.457122,0.457121,0.466058,-0.243992,-0.0327372,0.0878091
0.464957,0.464957,0.474052,-0.246152,-0.0311507,0.0882081
0.472916,0.472916,0.482183,-0.247921,-0.0298323,0.0885913
0.480844,0.480844,0.490295,-0.249229,-0.0289752,0.088964
0.489147,0.489147,0.498802,-0.251258,-0.0276898,0.0892596
0.497622,0.497622,0.507463,-0.251469,-0.0272092,0.0895916
0.506547,0.506547,0.516542,-0.250801,-0.0273099,0.0899265
0.515458,0.515457,0.525605,-0.249255,-0.0277943,0.090299
0.524372,0.524372,0.534672,-0.248348,-0.0274067,0.0908121
0.533155,0.533155,0.543603,-0.246641,-0.0272289,0.091534
0.542279,0.542279,0.552883,-0.24416,-0.0275573,0.0922054
0.551359,0.551358,0.562116,-0.242388,-0.028016,0.0927389
0.560251,0.560251,0.571179,-0.240309,-0.0281425,0.0935054
0.568684,0.568684,0.579778,-0.240112,-0.0269573,0.0941095
0.576002,0.576002,0.587309,-0.242994,-0.0254387,0.0941546
0.582424,0.582424,0.593972,-0.246283,-0.0230176,0.094291
0.588631,0.588631,0.600401,-0.250078,-0.0192027,0.0945492
0.595861,0.595861,0.607843,-0.254864,-0.015746,0.0945668
0.603545,0.603545,0.615754,-0.259474,-0.0132895,0.0945033
0.611299,0.611299,0.623723,-0.264186,-0.0109747,0.0943996
0.61912,0.61912,0.631733,-0.26894,-0.00844102,0.0942829
0.626494,0.626494,0.639292,-0.273606,-0.00577805,0.0941705
0.63346,0.63346,0.64644,-0.278408,-0.00285244,0.0940415
0.640403,0.640403,0.653562,-0.28329,9.81742e-05,0.0939021
0.647014,0.647014,0.660348,-0.287947,0.00284026,0.0937429
0.653698,0.653698,0.667229,-0.291386,0.00434891,0.0935838
0.6607,0.6607,0.674406,-0.29413,0.00491022,0.0933983
0.66804,0.66804,0.681898,-0.296631,0.0052528,0.0932152
0.675504,0.675504,0.689495,-0.299064,0.00554098,0.0930272
0.682953,0.682953,0.697079,-0.300777,0.00598884,0.0930111
0.690054,0.690054,0.704301,-0.300247,0.00734209,0.0933169
0.697739,0.697739,0.712059,-0.299246,0.0086027,0.0937736
0.704144,0.704143,0.718503,-0.301646,0.0124261,0.0941177
0.709983,0.709983,0.724364,-0.303857,0.016503,0.0945001
0.715242,0.715242,0.729643,-0.3056,0.0199565,0.0949904
0.720134,0.720134,0.734547,-0.306416,0.0233422,0.0957755
0.725445,0.725445,0.739857,-0.309517,0.0276629,0.0964548
0.73107,0.73107,0.745507,-0.311406,0.0316835,0.0974019
0.737108,0.737107,0.75159,-0.312227,0.0362249,0.0994705
0.743163,0.743163,0.757713,-0.311715,0.039687,0.102236
0.750009,0.750009,0.764621,-0.324014,0.0410791,0.104711
0.757157,0.757157,0.771832,-0.336568,0.0417738,0.107341
0.764555,0.764555,0.779271,-0.348677,0.0415169,0.110197
0.771881,0.771881,0.786622,-0.358119,0.0425079,0.114437
0.77922,0.77922,0.793991,-0.362326,0.0430832,0.120158
0.786589,0.786588,0.801381,-0.365907,0.0437663,0.126143
0.793782,0.793781,0.808587,-0.368205,0.0438618,0.131939
0.801183,0.801183,0.81599,-0.369929,0.0438086,0.137577
0.808797,0.808796,0.823608,-0.370499,0.0434485,0.142965
0.816381,0.816381,0.831199,-0.370558,0.0430586,0.148254
0.824195,0.824195,0.839019,-0.369646,0.0425004,0.153369
0.832535,0.832535,0.84737,-0.368457,0.0417897,0.158287
0.841354,0.841354,0.856206,-0.367237,0.0411039,0.162779
0.84953,0.84953,0.864393,-0.365655,0.0402556,0.166786
0.857161,0.857161,0.871934,-0.362924,0.0394919,0.170905
0.864573,0.864573,0.879274,-0.359541,0.0388928,0.174827
0.872162,0.872162,0.886808,-0.355078,0.0392997,0.178762
0.879787,0.879787,0.894374,-0.350213,0.0402018,0.182749
0.887281,0.887281,0.9018,-0.344993,0.0408215,0.186672
0.894736,0.894736,0.909183,-0.339782,0.0412776,0.190481
0.902303,0.902303,0.916672,-0.334915,0.0416338,0.194166
0.909788,0.909788,0.92404,-0.329834,0.0420001,0.197797
0.916277,0.916277,0.930466,-0.323651,0.043158,0.201756
0.922598,0.922598,0.936732,-0.317144,0.0443295,0.205822
0.928883,0.928883,0.942945,-0.310529,0.0456951,0.209958
0.935181,0.935181,0.949165,-0.303801,0.0470733,0.214142
0.940184,0.940184,0.954029,-0.297044,0.0491778,0.218351
0.944259,0.944259,0.957964,-0.290364,0.0518554,0.222496
0.947106,0.947106,0.960667,-0.283772,0.0551135,0.226609
0.949702,0.949702,0.9631,-0.277177,0.0585043,0.230756
0.951664,0.951664,0.964888,-0.270408,0.0619277,0.234667
0.953709,0.953709,0.966755,-0.263673,0.0649869,0.238492
0.956027,0.956027,0.968903,-0.257825,0.0671654,0.242203
0.958446,0.958446,0.971156,-0.252903,0.0689439,0.245872
