 head     neck    torso    right elbow    right_shoulder_ right hand    
-0.365988   -0.365988   -0.378044   -0.352468   0.375534   0.104242
-0.337325   -0.337325   -0.348557   -0.341291   0.35802   0.104441
-0.331191   -0.331191   -0.342663   -0.32155   0.374433   0.104891
-0.394893   -0.394893   -0.417853   -0.276033   0.377914   0.108252
-0.366018   -0.366018   -0.389276   -0.289674   0.371493   0.113072
-0.365126   -0.365126   -0.381926   -0.314924   0.379637   0.113874
-0.357776   -0.357776   -0.375577   -0.334902   0.380495   0.112011
-0.347768   -0.347768   -0.363308   -0.338693   0.340804   0.10894
-0.312457   -0.312457   -0.32394   -0.370282   0.321881   0.106414
-0.336148   -0.336148   -0.345297   -0.315984   0.217777   0.105862
-0.340681   -0.340681   -0.35173   -0.310582   0.189272   0.10802
-0.350975   -0.350975   -0.363534   -0.56709   0.218286   0.097388
-0.356754   -0.356754   -0.368971   -0.385578   0.223043   0.115948
-0.332814   -0.332814   -0.341016   -0.538354   0.206791   0.100233
-0.277959   -0.277959   -0.279913   -0.54023   0.21233   0.10249
-0.284916   -0.284916   -0.286722   -0.504117   0.223134   0.108737
-0.227054   -0.227054   -0.229891   -0.332554   0.168785   0.119339
-0.245257   -0.245257   -0.253362   -0.241679   0.133675   0.123567
-0.253305   -0.253305   -0.264026   -0.30755   0.19327   0.130544
-0.295769   -0.295769   -0.31458   -0.314308   0.285396   0.138594
-0.30472   -0.30472   -0.317727   -0.379136   0.336462   0.166914
-0.324435   -0.324435   -0.336248   -0.400029   0.345308   0.171711
-0.367415   -0.367415   -0.386601   -0.414257   0.369084   0.185362
-0.412971   -0.412971   -0.433807   -0.444147   0.354058   0.191671
-0.432278   -0.432278   -0.446927   -0.426215   0.348505   0.191021
-0.402394   -0.402394   -0.416099   -0.442943   0.345681   0.188362
-0.414864   -0.414864   -0.423191   -0.387536   0.332723   0.186277
-0.424399   -0.424399   -0.433738   -0.394011   0.336798   0.179802
-0.397402   -0.397402   -0.401374   -0.34679   0.319472   0.16029
-0.39037   -0.39037   -0.39389   -0.334922   0.311387   0.159917
-0.33858   -0.33858   -0.339927   -0.323607   0.257075   0.156159
-0.302635   -0.302635   -0.308919   -0.34203   0.250792   0.144365
-0.304182   -0.304182   -0.314633   -0.322195   0.221994   0.139843
-0.340826   -0.340826   -0.348434   -0.293474   0.206553   0.138816
-0.429375   -0.429375   -0.435317   -0.304832   0.239062   0.132894
-0.374934   -0.374934   -0.386351   -0.30184   0.24508   0.131403
-0.331954   -0.331954   -0.332896   -0.273729   0.246748   0.150352
-0.299795   -0.299795   -0.310922   -0.221922   0.25079   0.153892
-0.315949   -0.315948   -0.31932   -0.221416   0.22884   0.149153
-0.303299   -0.303299   -0.316424   -0.22554   0.233344   0.149258
-0.315686   -0.315686   -0.329212   -0.20608   0.202291   0.145877
-0.423278   -0.423278   -0.443104   -0.218293   0.214544   0.141207
-0.373883   -0.373883   -0.390966   -0.24525   0.21207   0.145531
-0.35352   -0.35352   -0.363432   -0.246093   0.199537   0.144362
-0.358508   -0.358508   -0.365672   -0.261291   0.16429   0.146195
-0.405085   -0.405085   -0.417013   -0.275112   0.164347   0.144605
-0.402102   -0.402102   -0.416188   -0.26777   0.169529   0.144787
-0.399269   -0.399268   -0.418831   -0.244866   0.163623   0.149571
-0.384604   -0.384604   -0.402904   -0.272141   0.163511   0.147778
-0.352629   -0.352629   -0.367695   -0.268029   0.151065   0.146969
-0.331182   -0.331182   -0.342758   -0.265993   0.146965   0.150057
-0.348571   -0.348571   -0.35983   -0.287163   0.159896   0.14445
-0.352322   -0.352322   -0.36076   -0.262502   0.159787   0.144801
-0.349932   -0.349932   -0.354579   -0.235967   0.165272   0.145642
-0.340254   -0.340254   -0.344475   -0.285874   0.218844   0.142086
-0.360138   -0.360138   -0.365815   -0.271446   0.23299   0.142636
-0.375034   -0.375034   -0.382104   -0.228292   0.209421   0.138094
-0.3738   -0.3738   -0.379322   -0.243969   0.210274   0.13887
-0.364678   -0.364678   -0.37086   -0.243769   0.213902   0.142073
-0.366497   -0.366497   -0.371098   -0.261612   0.217303   0.144561
-0.356317   -0.356317   -0.360286   -0.277132   0.22003   0.140351
-0.360485   -0.360485   -0.364021   -0.290422   0.22412   0.14014
-0.374551   -0.374551   -0.376681   -0.331401   0.236311   0.142893
-0.377138   -0.377138   -0.378205   -0.325312   0.232441   0.143032
-0.39579   -0.39579   -0.39831   -0.338772   0.242924   0.143074
-0.399139   -0.399139   -0.40371   -0.335644   0.252056   0.14038
-0.401692   -0.401692   -0.407235   -0.332246   0.253625   0.144028
-0.410178   -0.410178   -0.416573   -0.556096   0.251746   0.138534
-0.414072   -0.414071   -0.418725   -0.37975   0.283172   0.143992
-0.414209   -0.414209   -0.418322   -0.366694   0.274891   0.143941
-0.421412   -0.421412   -0.425067   -0.339127   0.256218   0.137729
-0.42561   -0.42561   -0.428376   -0.361303   0.247362   0.140219
-0.437865   -0.437865   -0.444638   -0.342908   0.225987   0.140808
-0.434628   -0.434628   -0.43876   -0.326691   0.178735   0.141389
-0.433797   -0.433797   -0.435703   -0.28278   0.149146   0.142386
-0.439195   -0.439195   -0.440699   -0.272744   0.163722   0.14297
-0.432207   -0.432207   -0.430295   -0.286379   0.165651   0.146302
-0.413874   -0.413874   -0.411101   -0.300171   0.195764   0.147072
-0.388154   -0.388154   -0.386652   -0.316888   0.178454   0.149344
-0.383239   -0.383239   -0.382604   -0.302646   0.172547   0.147536
-0.369525   -0.369525   -0.368866   -0.281959   0.173398   0.144341
-0.370463   -0.370463   -0.370556   -0.303805   0.1836   0.146878
-0.363222   -0.363222   -0.36254   -0.317716   0.185337   0.148428
-0.36434   -0.36434   -0.363863   -0.312801   0.188621   0.146479
-0.377648   -0.377648   -0.376912   -0.320398   0.221766   0.148181
-0.378887   -0.378887   -0.377409   -0.338963   0.237607   0.147487
-0.384731   -0.384731   -0.383651   -0.336194   0.238492   0.145566
-0.377149   -0.377149   -0.377408   -0.3553   0.23475   0.145366
-0.381675   -0.381675   -0.385003   -0.347421   0.253001   0.146625
-0.396401   -0.396401   -0.399009   -0.355439   0.258881   0.144974
-0.401938   -0.401938   -0.403018   -0.331116   0.259676   0.148366
-0.392887   -0.392887   -0.392936   -0.342949   0.251211   0.144493
-0.375616   -0.375616   -0.374489   -0.327616   0.254022   0.152151
-0.377514   -0.377514   -0.375776   -0.356109   0.264637   0.151823
-0.366153   -0.366153   -0.362946   -0.33917   0.261206   0.151687
-0.355032   -0.355032   -0.351218   -0.355761   0.258189   0.151438
-0.354872   -0.354872   -0.348848   -0.349669   0.253027   0.15303
-0.345705   -0.345705   -0.338788   -0.331042   0.244406   0.153894
-0.326818   -0.326818   -0.316663   -0.326229   0.213896   0.15418
-0.32966   -0.32966   -0.320149   -0.32671   0.208496   0.15577
-0.337022   -0.337022   -0.328495   -0.298902   0.187283   0.157379
-0.346105   -0.346105   -0.339187   -0.273988   0.168382   0.160078
-0.345745   -0.345745   -0.341363   -0.260671   0.139622   0.150025
-0.339468   -0.339468   -0.333529   -0.267263   0.141633   0.153507
-0.402034   -0.402034   -0.395999   -0.207464   0.198118   0.166789
-0.445923   -0.445923   -0.443214   -0.21926   0.201196   0.168876
-0.481291   -0.481291   -0.482853   -0.226349   0.211149   0.169649
-0.473061   -0.473061   -0.475632   -0.231297   0.211791   0.172485
-0.529154   -0.529154   -0.534619   -0.205914   0.295134   0.174593
-0.560111   -0.560111   -0.561526   -0.185359   0.278537   0.176111
-0.521998   -0.521998   -0.522881   -0.162773   0.26516   0.179485
-0.52598   -0.52598   -0.526308   -0.168877   0.274931   0.178299
-0.519097   -0.519097   -0.520935   -0.175663   0.287543   0.17781
-0.521248   -0.521248   -0.524741   -0.156944   0.303121   0.176759
-0.510668   -0.510668   -0.522729   -0.171435   0.327041   0.172303
-0.5156   -0.5156   -0.529325   -0.170639   0.334276   0.171603
-0.383586   -0.383586   -0.390999   -0.158764   0.223646   0.168094
-0.42868   -0.42868   -0.436864   -0.16838   0.267763   0.164611
-0.419942   -0.419942   -0.425136   -0.192874   0.287723   0.153913
-0.431736   -0.431736   -0.433654   -0.18554   0.247409   0.158805
-0.390449   -0.390449   -0.393408   -0.18831   0.256987   0.153051
-0.388467   -0.388467   -0.391732   -0.196516   0.223236   0.150711
-0.3928   -0.3928   -0.395392   -0.167582   0.211507   0.165629
-0.404113   -0.404113   -0.408072   -0.182461   0.223051   0.17142
-0.420821   -0.420821   -0.426968   -0.147937   0.25188   0.187398
-0.42898   -0.42898   -0.435996   -0.200456   0.297993   0.196478
-0.432231   -0.432231   -0.442536   -0.210626   0.391759   0.220388
-0.435872   -0.435872   -0.446402   -0.240814   0.429377   0.236708
-0.437919   -0.437919   -0.453378   -0.283592   0.582648   0.272603
-0.435671   -0.435671   -0.453912   -0.265479   0.579271   0.291341
-0.439716   -0.439716   -0.459963   -0.23771   0.632885   0.330242
-0.440076   -0.440076   -0.459003   -0.158195   0.643244   0.368005
-0.431596   -0.431596   -0.449731   -0.155224   0.647694   0.384318
-0.425637   -0.425637   -0.44195   -0.150161   0.646074   0.377401
-0.373714   -0.373714   -0.38709   -0.0976443   0.637044   0.422412
-0.372976   -0.372976   -0.388903   -0.0352515   0.632349   0.435499
-0.376468   -0.376468   -0.396042   0.00361393   0.65505   0.450843
-0.370722   -0.370722   -0.390927   0.0483856   0.655569   0.456444
-0.362262   -0.362262   -0.380388   0.0479737   0.619555   0.475953
-0.382524   -0.382524   -0.39918   0.0633111   0.611676   0.481686
-0.412184   -0.412184   -0.423815   0.0602175   0.623371   0.49082
-0.333937   -0.333937   -0.354956   0.0798471   0.621901   0.496098
-0.294504   -0.294504   -0.317165   0.104514   0.607381   0.501593
-0.317941   -0.317941   -0.339857   0.099837   0.599511   0.505316
-0.267374   -0.267374   -0.294485   0.123585   0.566168   0.508089
-0.281528   -0.281528   -0.30821   0.119145   0.560473   0.51269
-0.264509   -0.264509   -0.287638   0.144536   0.537828   0.517472
-0.261279   -0.261279   -0.284489   0.123011   0.537722   0.519137
-0.152393   -0.152393   -0.191709   0.0885872   0.554564   0.526271
-0.178114   -0.178114   -0.213991   0.0860513   0.556838   0.528006
-0.186743   -0.186743   -0.218833   0.0991757   0.547098   0.52881
-0.181569   -0.181569   -0.214565   0.0908785   0.553064   0.532282
-0.0901387   -0.0901387   -0.137372   0.11834   0.541344   0.534063
-0.113159   -0.113159   -0.154308   0.143034   0.528392   0.539205
-0.155222   -0.155222   -0.189232   0.144821   0.513661   0.536281
-0.172628   -0.172628   -0.205308   0.138362   0.509825   0.535356
-0.165397   -0.165397   -0.198736   0.123955   0.550998   0.529331
-0.153388   -0.153388   -0.18804   0.179499   0.533356   0.537382
-0.106935   -0.106935   -0.139241   0.185005   0.486499   0.538782
-0.101352   -0.101352   -0.131565   0.196126   0.469345   0.537189
-0.0830695   -0.0830695   -0.109978   0.21998   0.498261   0.539815
-0.0669354   -0.0669354   -0.0933976   0.241011   0.481865   0.542546
-0.00590101   -0.00590101   -0.0285587   0.25523   0.457075   0.543141
-0.00816659   -0.00816659   -0.0321665   0.245099   0.44503   0.537041
0.0317554   0.0317554   0.00910643   0.272911   0.404241   0.537208
0.042401   0.042401   0.0210263   0.259893   0.421445   0.536405
0.0378455   0.0378455   0.0165845   0.242021   0.480859   0.531383
0.117727   0.117727   0.0941602   0.239828   0.466386   0.522751
0.0444105   0.0444105   0.0356198   0.254787   0.456915   0.509715
0.0163   0.0163   -0.000259453   0.243108   0.47977   0.509316
-0.0561024   -0.0561024   -0.0723739   0.247517   0.477088   0.510067
-0.0466983   -0.0466983   -0.0628695   0.246409   0.475854   0.495519
-0.0422229   -0.0422229   -0.0609399   0.286116   0.466083   0.510422
-0.0402901   -0.0402901   -0.0595766   0.309077   0.470699   0.523045
-0.0312897   -0.0312897   -0.0538216   0.282387   0.483185   0.524275
-0.0525105   -0.0525105   -0.0764734   0.28389   0.481925   0.522876
-0.0521864   -0.0521864   -0.0779467   0.316876   0.470897   0.519428
-0.0604757   -0.0604757   -0.0815337   0.301188   0.47571   0.524387
-0.0567365   -0.0567365   -0.0754477   0.27471   0.478641   0.525418
0.0318877   0.0318877   -0.00548815   0.273784   0.474611   0.524496
0.04335   0.04335   0.00620012   0.265965   0.466505   0.524705
-0.00128762   -0.00128762   -0.039121   0.264436   0.473865   0.522601
-0.0660182   -0.0660182   -0.0886882   0.260658   0.46582   0.52321
-0.071608   -0.071608   -0.0919911   0.259851   0.464171   0.522813
-0.0780696   -0.0780696   -0.0922259   0.26829   0.472253   0.525107
-0.0102873   -0.0102873   -0.0423901   0.271057   0.470186   0.526845
-0.0558959   -0.0558959   -0.0767804   0.288579   0.463228   0.524809
-0.0568554   -0.0568554   -0.074803   0.310299   0.458648   0.523645
-0.0685371   -0.0685371   -0.0790126   0.352264   0.454186   0.527301
-0.052148   -0.052148   -0.0661755   0.352931   0.439882   0.52675
-0.0313076   -0.0313076   -0.0501957   0.349775   0.450054   0.525758
-0.0168553   -0.0168553   -0.0406971   0.36931   0.454858   0.528895
0.0479798   0.0479798   0.00218534   0.379194   0.441998   0.525729
0.0282312   0.0282312   -0.00921906   0.366608   0.4422   0.526165
0.013   0.013   -0.022859   0.337215   0.450902   0.505973
0.0146805   0.0146805   -0.0205237   0.387028   0.457366   0.528891
0.0121266   0.0121266   -0.0265847   0.370142   0.465369   0.522984
0.00120625   0.00120624   -0.0442483   0.371148   0.462554   0.528438
0.0100857   0.0100857   -0.0365952   0.413377   0.441556   0.529185
-0.00935935   -0.00935935   -0.0524238   0.407114   0.448359   0.527348
-0.0319848   -0.0319848   -0.0533447   0.589923   0.418334   0.54936
0.000793261   0.000793258   -0.00801032   0.414307   0.253339   0.591703
-0.170958   -0.170958   -0.179594   0.29109   0.06216   0.524702
-0.182779   -0.182779   -0.190966   0.251241   0.0110021   0.482375
-0.191898   -0.191898   -0.199806   0.196177   -0.0458699   0.39852
-0.190402   -0.190402   -0.197242   0.179923   -0.0587531   0.361037
-0.161188   -0.161188   -0.167973   0.161338   -0.0719029   0.297792
-0.197414   -0.197414   -0.203423   0.15842   -0.072856   0.270832
-0.200093   -0.200093   -0.206479   0.149962   -0.0813866   0.225705
-0.187159   -0.187159   -0.193156   0.150695   -0.0812327   0.207273
-0.0899548   -0.0899548   -0.0957084   0.147161   -0.0882446   0.178319
-0.00490034   -0.00490034   -0.0107838   0.14884   -0.0888409   0.168248
0.066221   0.066221   0.060127   0.152334   -0.0895151   0.150559
0.0696082   0.0696082   0.0639356   0.154775   -0.0888318   0.14218
0.0723535   0.0723535   0.0663215   0.159473   -0.0871437   0.126237
0.0640709   0.0640709   0.0580743   0.160476   -0.0877438   0.120335
0.0662884   0.0662884   0.0604392   0.167346   -0.0837863   0.111052
0.0727613   0.0727613   0.0674802   0.170412   -0.0820042   0.107101
0.0707052   0.0707051   0.0650672   0.460023   -0.0342397   0.353762
0.0747553   0.0747553   0.0693889   0.538516   0.0507848   0.508649
0.0880031   0.0880031   0.0825555   0.651759   0.174859   0.601235
0.107546   0.107546   0.101394   0.684309   0.210496   0.60589
0.104882   0.104882   0.0991359   0.74578   0.295732   0.576414
0.091345   0.091345   0.0852188   0.733806   0.296728   0.573202
0.109223   0.109223   0.102497   0.716384   0.287351   0.57351
0.125416   0.125416   0.118494   0.702842   0.271188   0.574907
0.121215   0.121215   0.114824   0.720145   0.255274   0.574268
0.121585   0.121585   0.115801   0.691365   0.262002   0.57426
0.123827   0.123827   0.118469   0.629555   0.266224   0.573301
0.124558   0.124558   0.118289   0.596687   0.273837   0.574544
0.119762   0.119762   0.112873   0.582615   0.28639   0.577306
0.119747   0.119747   0.113181   0.589471   0.286871   0.579691
0.111664   0.111664   0.105005   0.592481   0.289829   0.585693
0.115876   0.115876   0.109972   0.566456   0.278879   0.58395
0.117167   0.117167   0.112368   0.546079   0.275475   0.584995
0.11087   0.11087   0.106098   0.541571   0.276962   0.585389
0.108582   0.108582   0.103657   0.534128   0.27525   0.584413
0.10879   0.10879   0.103176   0.533287   0.264011   0.583681
0.12738   0.112543   0.107697   0.531837   0.267226   0.584007
0.137057   0.137057   0.132956   0.497272   0.263929   0.582938
0.134676   0.134676   0.130444   0.508145   0.254571   0.585076
0.135722   0.135722   0.131555   0.506179   0.25268   0.585514
0.140491   0.140491   0.13575   0.477056   0.252725   0.574683
0.131448   0.131448   0.126927   0.482018   0.262694   0.575384
0.137247   0.137247   0.132413   0.500619   0.266175   0.574189
0.134521   0.134521   0.129755   0.476987   0.266146   0.57473
0.126308   0.126308   0.1218   0.474555   0.265328   0.587627
0.130153   0.130153   0.125228   0.454305   0.266698   0.589427
0.118805   0.118805   0.113645   0.455153   0.283166   0.583507
0.117014   0.117014   0.111898   0.459768   0.283944   0.581946
0.118299   0.118299   0.113204   0.461917   0.266101   0.585374
0.122874   0.122874   0.118139   0.443501   0.264256   0.583795
0.133724   0.133724   0.129206   0.455761   0.259987   0.586145
0.13499   0.13499   0.130814   0.463621   0.24862   0.588051
0.131591   0.131591   0.126799   0.462939   0.260545   0.591155
0.134307   0.134307   0.129679   0.437442   0.26309   0.586746
0.144502   0.144502   0.139595   0.452164   0.248844   0.581744
0.136782   0.136782   0.132808   0.430744   0.259546   0.580243
0.136485   0.136485   0.131849   0.449251   0.262645   0.580813
0.133165   0.133165   0.128527   0.459742   0.257774   0.585428
0.127807   0.127807   0.123694   0.466362   0.2502   0.592188
0.129813   0.129813   0.125865   0.471012   0.251624   0.593081
0.139475   0.139475   0.134857   0.449235   0.24854   0.594259
0.138837   0.138837   0.134657   0.462661   0.242967   0.593681
0.142811   0.142811   0.13744   0.453781   0.243042   0.593543
0.140418   0.140418   0.135357   0.454403   0.232421   0.592322
0.114276   0.114276   0.109077   0.451734   0.248701   0.591576
0.111104   0.111104   0.105875   0.445119   0.251437   0.591975
0.116104   0.116104   0.110851   0.443916   0.253205   0.593285
0.118355   0.118355   0.113098   0.445971   0.254274   0.59166
0.110022   0.110022   0.104465   0.436811   0.25828   0.590311
0.112634   0.112634   0.107441   0.441588   0.256086   0.592026
0.109755   0.109755   0.104223   0.432351   0.256658   0.590487
0.102685   0.102685   0.0964547   0.434006   0.260835   0.586742
0.104264   0.104264   0.0980945   0.441147   0.261285   0.5897
0.102183   0.102183   0.0960235   0.42046   0.262241   0.588677
0.0913421   0.0913421   0.0853419   0.41323   0.266134   0.59207
0.10171   0.10171   0.0959686   0.425843   0.263779   0.587718
0.100265   0.100265   0.0944852   0.422111   0.262578   0.583226
0.0909505   0.0909505   0.0855121   0.413148   0.266152   0.584677
0.0974054   0.0974054   0.0919679   0.441019   0.259987   0.591262
0.106529   0.106529   0.100349   0.464838   0.251131   0.593496
0.112121   0.112121   0.107175   0.482918   0.247432   0.59512
0.109411   0.109411   0.103265   0.498996   0.243899   0.595716
0.109432   0.109432   0.104161   0.48489   0.249444   0.595515
0.102245   0.102245   0.0959933   0.473346   0.256488   0.594991
0.100573   0.100573   0.0950325   0.47923   0.265461   0.595446
0.107117   0.107117   0.100851   0.478503   0.261738   0.595295
0.104046   0.104046   0.0979998   0.474342   0.269423   0.593994
0.10616   0.10616   0.0996497   0.484648   0.271927   0.594561
0.104898   0.104898   0.0982802   0.472763   0.270967   0.588855
0.101005   0.101005   0.0948814   0.470725   0.269612   0.590262
0.103149   0.103149   0.0972863   0.462104   0.271934   0.590693
0.113667   0.113667   0.108905   0.450261   0.280035   0.591072
0.110518   0.110518   0.104994   0.473268   0.276779   0.59405
0.119423   0.119423   0.114248   0.477715   0.270057   0.59458
0.13537   0.13537   0.129427   0.488601   0.260836   0.595728
0.125709   0.125709   0.119858   0.492658   0.259588   0.594468
0.119812   0.119812   0.11427   0.490784   0.278075   0.590169
0.125423   0.125423   0.120846   0.497423   0.279609   0.586232
0.126326   0.126326   0.122014   0.497756   0.287843   0.586362
0.126   0.126   0.121906   0.471342   0.29849   0.5874
0.12427   0.12427   0.119703   0.484293   0.282699   0.591102
0.128221   0.128221   0.124431   0.488896   0.27264   0.595184
0.138187   0.138187   0.133655   0.476509   0.281226   0.594938
0.131436   0.131436   0.126741   0.473028   0.291177   0.593769
0.151211   0.151211   0.146022   0.476908   0.28355   0.594181
0.146824   0.146824   0.141787   0.477065   0.289783   0.594317
0.138201   0.138201   0.13329   0.489796   0.287091   0.596031
0.124948   0.124948   0.120899   0.507393   0.28232   0.598008
0.132909   0.132909   0.128528   0.510268   0.285052   0.599012
0.13392   0.13392   0.129453   0.518399   0.274827   0.599791
0.141006   0.141006   0.13748   0.506142   0.263719   0.598561
0.127978   0.127978   0.124134   0.497403   0.273434   0.598141
0.115666   0.115666   0.112484   0.496909   0.288819   0.598015
0.116835   0.116835   0.11365   0.475446   0.299022   0.595718
0.121597   0.121597   0.117927   0.484826   0.289526   0.59622
0.130929   0.130929   0.126479   0.459381   0.281249   0.593559
0.126514   0.126514   0.12172   0.47487   0.28478   0.594543
0.121458   0.121458   0.116982   0.470463   0.286467   0.589021
0.132999   0.132999   0.127932   0.465336   0.277489   0.586201
0.126846   0.126846   0.122017   0.452347   0.286663   0.58877
0.117502   0.117502   0.112519   0.451392   0.291919   0.589969
0.117454   0.117454   0.113147   0.445958   0.291113   0.59352
0.114086   0.114086   0.109312   0.456375   0.286372   0.589498
0.117469   0.117469   0.112359   0.463079   0.285006   0.58708
0.109817   0.109817   0.104409   0.463098   0.279683   0.584809
0.113091   0.113091   0.109042   0.471872   0.292824   0.584368
0.126201   0.126201   0.121513   0.464055   0.281578   0.584542
0.132066   0.132066   0.127388   0.422052   0.274602   0.585891
0.131583   0.131583   0.127155   0.435041   0.282092   0.585146
0.117433   0.117433   0.113443   0.4666   0.274378   0.584373
0.117997   0.117997   0.112809   0.4653   0.270862   0.583285
0.123151   0.123151   0.118821   0.477726   0.267198   0.584003
0.133348   0.133348   0.130651   0.468668   0.264012   0.583089
0.136213   0.136213   0.133291   0.461471   0.269573   0.583203
0.125515   0.125515   0.122398   0.472841   0.283448   0.582368
0.1306   0.1306   0.126717   0.457219   0.285403   0.586148
0.136135   0.136135   0.132467   0.461469   0.280539   0.589327
0.146432   0.146432   0.143083   0.468415   0.265497   0.59471
0.144826   0.144826   0.140732   0.467912   0.267148   0.592267
0.146413   0.146413   0.142034   0.459244   0.270099   0.591991
0.136803   0.136803   0.133122   0.459203   0.27329   0.593481
0.138944   0.138944   0.135173   0.474343   0.269119   0.590192
0.148042   0.148042   0.144303   0.457725   0.268806   0.586104
0.152429   0.152429   0.148917   0.429627   0.272468   0.58783
0.146538   0.146538   0.143125   0.438725   0.27449   0.590805
0.14328   0.14328   0.138943   0.454467   0.286169   0.587213
0.132935   0.132935   0.12814   0.458151   0.275925   0.585138
0.138457   0.138457   0.133902   0.435944   0.273481   0.586569
0.128876   0.128876   0.124082   0.431455   0.278119   0.589043
0.112215   0.112215   0.107011   0.439907   0.286121   0.592759
0.108606   0.108606   0.104567   0.423031   0.290148   0.591403
0.128453   0.128453   0.123965   0.438007   0.282297   0.58964
0.118824   0.118824   0.114755   0.465487   0.268612   0.595212
0.125101   0.125101   0.11966   0.449968   0.26246   0.596008
0.123991   0.123991   0.118777   0.428008   0.271744   0.595477
0.120401   0.120401   0.116462   0.429664   0.275415   0.596393
0.116008   0.116007   0.111802   0.44166   0.26945   0.596115
0.137115   0.137115   0.133207   0.425597   0.270376   0.594848
0.139969   0.139969   0.135536   0.410003   0.27454   0.593261
0.126787   0.126787   0.12201   0.449174   0.277372   0.596802
0.124845   0.124845   0.119688   0.449653   0.277929   0.596393
0.120111   0.120111   0.115198   0.446024   0.274804   0.596983
0.134989   0.134989   0.131402   0.449783   0.265355   0.594864
0.145799   0.145799   0.142255   0.474263   0.262522   0.594979
0.170516   0.170516   0.167213   0.467252   0.252247   0.594966
0.146539   0.146539   0.143368   0.440467   0.255019   0.593291
0.148163   0.148163   0.144948   0.44325   0.241445   0.588171
0.140344   0.140344   0.135929   0.425598   0.214419   0.593199
0.134589   0.134589   0.13069   0.415485   0.199423   0.594067
0.109601   0.109601   0.105433   0.347593   0.169153   0.59057
0.0895604   0.0895604   0.0854849   0.267407   0.111504   0.585025
0.0718963   0.0718963   0.0681992   0.229722   0.0903247   0.581916
0.054609   0.054609   0.0512817   0.20275   0.057029   0.578714
0.0306183   0.0306183   0.0269083   0.124102   0.0054844   0.576785
0.0201741   0.0201741   0.0171687   0.0443285   -0.0150412   0.566004
0.00645805   0.00645805   0.00307693   -0.0342497   -0.0786305   0.549258
-0.00651056   -0.00651056   -0.00984714   -0.100561   -0.127132   0.512412
-0.0058954   -0.0058954   -0.00852915   -0.124058   -0.162648   0.491107
-0.00952808   -0.00952808   -0.0125746   -0.128444   -0.197525   0.469855
0.00604059   0.00604059   0.00295914   -0.152989   -0.244743   0.422571
-0.00661465   -0.00661465   -0.00967937   -0.168273   -0.249996   0.365893
-0.0118425   -0.0118425   -0.014827   -0.170904   -0.239111   0.336625
-0.0104669   -0.0104669   -0.0138883   -0.132185   -0.241741   0.309914
-0.0939165   -0.0939165   -0.0979076   -0.122482   -0.172001   0.252087
-0.137341   -0.137341   -0.140632   -0.0769905   -0.142808   0.203335
-0.155081   -0.155081   -0.158374   -0.0825399   -0.113793   0.180247
-0.159706   -0.159706   -0.161136   -0.102865   -0.103274   0.15893
-0.151868   -0.151868   -0.152701   -0.109743   -0.0945747   0.14482
-0.15841   -0.15841   -0.158596   -0.111033   -0.0891728   0.141581
-0.162179   -0.162179   -0.162782   -0.130486   -0.0831211   0.141123
-0.158963   -0.158963   -0.160202   -0.130648   -0.0834893   0.143647
-0.156183   -0.156183   -0.157831   -0.15621   -0.0842456   0.15025
-0.160022   -0.160022   -0.161173   -0.167508   -0.0791842   0.152203
-0.199269   -0.199269   -0.200257   -0.181697   -0.0551957   0.154937
-0.189938   -0.177592   -0.191002   -0.180815   -0.0675037   0.156234
-0.176007   -0.176007   -0.176933   -0.170749   -0.0672901   0.15423
-0.167309   -0.167309   -0.168892   -0.166614   -0.0625521   0.153339
-0.171542   -0.171542   -0.173869   -0.144896   -0.0559045   0.153241
-0.168031   -0.168031   -0.169756   -0.134368   -0.0440787   0.15139
-0.160524   -0.160524   -0.162886   -0.146727   -0.0544128   0.145285
-0.144723   -0.144723   -0.146547   -0.156322   -0.0507547   0.141516
-0.150456   -0.150456   -0.151746   -0.160442   -0.0505514   0.141036
-0.160282   -0.160282   -0.161146   -0.155687   -0.0485001   0.142972
-0.191857   -0.191857   -0.192697   -0.153469   -0.0278094   0.143065
-0.182246   -0.182246   -0.183768   -0.155706   -0.0272088   0.143093
-0.201937   -0.201937   -0.203615   -0.136154   -0.0364595   0.146336
-0.253181   -0.253181   -0.254273   -0.135477   -0.00793586   0.147702
-0.259722   -0.259722   -0.261261   -0.140496   0.00169593   0.146864
-0.240149   -0.240149   -0.241432   -0.13784   -0.016122   0.14382
-0.232183   -0.232183   -0.233832   -0.144366   -0.0154624   0.142638
-0.218435   -0.218435   -0.219971   -0.136652   -0.0214722   0.142337
-0.226703   -0.226703   -0.228774   -0.139321   -0.0164832   0.142985
-0.228637   -0.228637   -0.230249   -0.139708   -0.0226464   0.14343
-0.211355   -0.211355   -0.21291   -0.143219   -0.0427482   0.144564
-0.194907   -0.194907   -0.196205   -0.165626   -0.0527424   0.143267
-0.186448   -0.186448   -0.188656   -0.172052   -0.0570546   0.142051
-0.179498   -0.179498   -0.181858   -0.177187   -0.0606286   0.140419
-0.167673   -0.167673   -0.169976   -0.190026   -0.0754271   0.138548
-0.17227   -0.17227   -0.173591   -0.188594   -0.0795741   0.138794
-0.170933   -0.170933   -0.173387   -0.186836   -0.106338   0.139156
-0.171617   -0.171617   -0.174426   -0.182341   -0.123392   0.138736
-0.193252   -0.193252   -0.196447   -0.173055   -0.165539   0.145495
-0.191157   -0.191157   -0.194486   -0.193965   -0.218104   0.148809
-0.187741   -0.187741   -0.190044   -0.277721   -0.351812   0.152549
-0.189221   -0.189221   -0.191394   -0.286497   -0.462242   0.1557
-0.191475   -0.191475   -0.193932   -0.456898   -0.719518   0.150032
-0.194331   -0.194331   -0.196513   -0.548407   -0.849924   0.148194
-0.234362   -0.234362   -0.23685   -0.770689   -1.07629   0.136541
-0.294266   -0.294266   -0.296211   -0.983205   -1.24357   0.12238
-0.343451   -0.343451   -0.343843   -1.08672   -1.29858   0.113007
-0.401165   -0.401165   -0.402656   -1.24932   -1.37998   0.096795
-0.423081   -0.423081   -0.425039   -1.29271   -1.42619   0.0889769
-0.471864   -0.471864   -0.472525   -1.31779   -1.51981   0.0796246
-0.493176   -0.493176   -0.491966   -1.32803   -1.554   0.0573481
-0.449506   -0.449506   -0.446602   -1.35644   -1.58406   0.0466813
-0.432273   -0.432273   -0.429753   -1.36064   -1.59361   0.0444677
-0.440019   -0.440019   -0.438207   -1.36213   -1.59256   0.0409032
-0.507656   -0.507656   -0.507534   -1.3477   -1.56662   0.0439375
-0.551029   -0.551029   -0.550509   -1.34261   -1.55061   0.0414588
-0.614431   -0.614431   -0.615105   -1.33621   -1.50119   0.0413369
-0.649897   -0.649897   -0.651504   -1.33093   -1.50471   0.0391843
-0.716485   -0.716485   -0.719109   -1.32224   -1.499   0.0403479
-0.731972   -0.731972   -0.733657   -1.31141   -1.50526   0.0383744
-0.770327   -0.770327   -0.774416   -1.33676   -1.45349   0.0382286
-0.789226   -0.789226   -0.792961   -1.35924   -1.38843   0.0376909
-0.787148   -0.787148   -0.790946   -1.32789   -1.45933   0.037369
-0.780185   -0.780185   -0.783639   -1.31092   -1.48015   0.0374481
-0.769161   -0.769161   -0.773991   -1.3339   -1.46774   0.0362938
-0.746491   -0.746491   -0.751188   -1.33687   -1.49337   0.0375699
-0.735738   -0.735738   -0.740018   -1.3501   -1.48242   0.0378527
-0.752561   -0.752561   -0.756212   -1.37096   -1.42698   0.0390647
-0.776947   -0.776947   -0.782246   -1.38037   -1.40405   0.0382231
-0.760309   -0.760309   -0.765646   -1.38441   -1.38735   0.0367153
-0.731414   -0.731414   -0.735981   -1.37865   -1.42327   0.0373591
-0.715953   -0.715953   -0.719627   -1.36165   -1.46489   0.034742
-0.725209   -0.725209   -0.72668   -1.35461   -1.45338   0.0336667
-0.731374   -0.731374   -0.732907   -1.34666   -1.48238   0.0348883
-0.739836   -0.739835   -0.742125   -1.34337   -1.49834   0.0326215
-0.750916   -0.750916   -0.752704   -1.34013   -1.50623   0.0337006
-0.754405   -0.754405   -0.756873   -1.33569   -1.50315   0.0305282
-0.770896   -0.770896   -0.773033   -1.3334   -1.50436   0.0311042
-0.78198   -0.78198   -0.783094   -1.3456   -1.49413   0.0340683
-0.78038   -0.78038   -0.782295   -1.34566   -1.49348   0.0369614
-0.786258   -0.786258   -0.7877   -1.34459   -1.49026   0.0379753
-0.780657   -0.780657   -0.783584   -1.34434   -1.49231   0.0382389
-0.787231   -0.787231   -0.78853   -1.34037   -1.49762   0.0374891
-0.775482   -0.775482   -0.777578   -1.3389   -1.4995   0.0391933
-0.778956   -0.778956   -0.781988   -1.33561   -1.50085   0.0376348
-0.779285   -0.779285   -0.78209   -1.34698   -1.49575   0.0406498
-0.787725   -0.787725   -0.789589   -1.36634   -1.47932   0.0363144
-0.779137   -0.779137   -0.781256   -1.35729   -1.48081   0.0394499
-0.771445   -0.771445   -0.77339   -1.36066   -1.47455   0.0414035
-0.770679   -0.770679   -0.773088   -1.36403   -1.47446   0.0412164
-0.78442   -0.78442   -0.785542   -1.35659   -1.48303   0.0404236
-0.786306   -0.786306   -0.78725   -1.36651   -1.47774   0.0426323
-0.784273   -0.784273   -0.785879   -1.37381   -1.47235   0.0390586
-0.786785   -0.786785   -0.789092   -1.37643   -1.47632   0.0371997
-0.79339   -0.79339   -0.795348   -1.3792   -1.4654   0.0385952
-0.790513   -0.790513   -0.792089   -1.36474   -1.47252   0.0404219
-0.794428   -0.794428   -0.795549   -1.37294   -1.46819   0.0397124
-0.787232   -0.787232   -0.788166   -1.37202   -1.47049   0.0387403
-0.791345   -0.791345   -0.792462   -1.37678   -1.46456   0.0405678
-0.795089   -0.795089   -0.796834   -1.37748   -1.46219   0.0401767
-0.789257   -0.789257   -0.79175   -1.37817   -1.46642   0.041365
-0.788006   -0.788006   -0.791299   -1.37955   -1.47417   0.0414793
-0.791819   -0.791819   -0.79384   -1.37741   -1.46712   0.0439332
-0.792108   -0.792108   -0.79337   -1.37824   -1.4618   0.0422442
-0.772552   -0.772552   -0.773759   -1.38084   -1.46655   0.0409298
-0.761327   -0.761327   -0.763881   -1.38038   -1.47297   0.0415269
-0.721529   -0.721529   -0.723226   -1.38043   -1.48528   0.0416321
-0.721103   -0.721103   -0.722662   -1.37867   -1.48359   0.041219
-0.730461   -0.730461   -0.731873   -1.37946   -1.47948   0.0414153
-0.754957   -0.754957   -0.755043   -1.38057   -1.47444   0.0409788
-0.762405   -0.762405   -0.762304   -1.37927   -1.47547   0.0410005
-0.760419   -0.760419   -0.760571   -1.38085   -1.47326   0.0390394
-0.75704   -0.75704   -0.758669   -1.38185   -1.4838   0.0395971
-0.766505   -0.766505   -0.766886   -1.38399   -1.47964   0.0369774
-0.748446   -0.748446   -0.749682   -1.38893   -1.48547   0.0305765
-0.732228   -0.732228   -0.733893   -1.38831   -1.4906   0.0312864
-0.747631   -0.747631   -0.750242   -1.38381   -1.48898   0.0385794
-0.748681   -0.748681   -0.750709   -1.38437   -1.48548   0.0389332
-0.752999   -0.752999   -0.756123   -1.38684   -1.48675   0.0374617
-0.750936   -0.750936   -0.754426   -1.38803   -1.48545   0.0368091
-0.760384   -0.760384   -0.764048   -1.386   -1.49144   0.0376049
-0.765285   -0.765285   -0.767772   -1.38504   -1.48488   0.038249
-0.738753   -0.738753   -0.740195   -1.38569   -1.48793   0.0349784
-0.738794   -0.738794   -0.739333   -1.38598   -1.48804   0.0326688
-0.760236   -0.760236   -0.760724   -1.38716   -1.47991   0.0339961
-0.764991   -0.764991   -0.765955   -1.38682   -1.47944   0.0334626
-0.765965   -0.765965   -0.76714   -1.38601   -1.47984   0.0253189
-0.772994   -0.772994   -0.773847   -1.3827   -1.48656   0.0320161
-0.784352   -0.784352   -0.783791   -1.38236   -1.48146   0.0273509
-0.773631   -0.773631   -0.772358   -1.38311   -1.47819   0.0270751
-0.728978   -0.728978   -0.730221   -1.38346   -1.48713   0.0268598
-0.716849   -0.716849   -0.716729   -1.38321   -1.4764   0.0271687
-0.755703   -0.755703   -0.757046   -1.38327   -1.49024   0.0266491
-0.773017   -0.773017   -0.77367   -1.3835   -1.48917   0.0237196
-0.766644   -0.766644   -0.766362   -1.38436   -1.48124   0.0254214
-0.767474   -0.767474   -0.767282   -1.38525   -1.47988   0.0276608
-0.765979   -0.765979   -0.765553   -1.38585   -1.47574   0.0258261
-0.774386   -0.774386   -0.774844   -1.38351   -1.47849   0.0279848
-0.788181   -0.788181   -0.788766   -1.38448   -1.47558   0.0299767
-0.776576   -0.776576   -0.777341   -1.37928   -1.48809   0.0353028
-0.768881   -0.768881   -0.771279   -1.38318   -1.48957   0.0323413
-0.763135   -0.763135   -0.766202   -1.3841   -1.49179   0.0300112
-0.779124   -0.779124   -0.782316   -1.39164   -1.47655   0.0178128
-0.783545   -0.783545   -0.786518   -1.38615   -1.48816   0.0264614
-0.793188   -0.793188   -0.795892   -1.38775   -1.48308   0.0238859
-0.783555   -0.783555   -0.786848   -1.38429   -1.49378   0.0296179
-0.787503   -0.787503   -0.790876   -1.39241   -1.48097   0.0190457
-0.767705   -0.767705   -0.770495   -1.39063   -1.48146   0.0196137
-0.776937   -0.776937   -0.780434   -1.39322   -1.48351   0.0229352
-0.789281   -0.789281   -0.792013   -1.39347   -1.47963   0.0171334
-0.788615   -0.788615   -0.791312   -1.3922   -1.4795   0.019562
-0.796171   -0.796171   -0.798669   -1.39412   -1.47837   0.0187562
-0.775051   -0.775051   -0.777998   -1.39466   -1.48403   0.0177514
-0.769747   -0.769747   -0.773478   -1.39506   -1.48441   0.0237413
-0.76391   -0.76391   -0.767117   -1.39303   -1.48943   0.0283376
-0.772555   -0.772555   -0.775271   -1.39066   -1.49154   0.0290071
-0.76687   -0.76687   -0.768618   -1.39399   -1.49031   0.0247001
-0.777892   -0.777892   -0.778874   -1.39153   -1.4823   0.0235025
-0.769427   -0.769427   -0.770342   -1.39297   -1.48151   0.0234045
-0.761895   -0.761894   -0.764078   -1.3944   -1.47852   0.0188466
-0.762084   -0.762084   -0.764361   -1.39509   -1.47994   0.0161549
-0.761112   -0.761112   -0.764456   -1.39143   -1.4881   0.0255925
-0.768763   -0.768763   -0.772135   -1.39093   -1.48856   0.0257165
-0.768106   -0.768106   -0.771798   -1.39023   -1.49121   0.0292998
-0.772242   -0.772242   -0.77434   -1.39204   -1.48839   0.0312839
-0.766387   -0.766387   -0.769512   -1.39352   -1.48668   0.0240674
-0.768704   -0.768704   -0.771497   -1.39452   -1.48671   0.0270683
-0.766311   -0.766311   -0.76841   -1.39472   -1.48683   0.0232227
-0.776664   -0.776664   -0.78054   -1.39413   -1.48378   0.0198412
-0.775194   -0.775194   -0.778838   -1.39507   -1.4813   0.0192076
-0.776209   -0.776209   -0.780428   -1.38849   -1.48474   0.0288798
-0.79261   -0.79261   -0.796573   -1.38715   -1.47867   0.029639
-0.771117   -0.771117   -0.774499   -1.39061   -1.48386   0.025055
-0.774887   -0.774887   -0.778988   -1.39085   -1.48558   0.0264265
-0.759671   -0.759671   -0.762659   -1.38565   -1.4961   0.028612
-0.765501   -0.765501   -0.769387   -1.38459   -1.49127   0.0305531
-0.78197   -0.78197   -0.785102   -1.38528   -1.49039   0.0338354
-0.782782   -0.782782   -0.786484   -1.38197   -1.50362   0.0344635
-0.782461   -0.782461   -0.783858   -1.3899   -1.48871   0.0316246
-0.776971   -0.776971   -0.777709   -1.39054   -1.48478   0.0341204
-0.752485   -0.752485   -0.753847   -1.38647   -1.48059   0.0399666
-0.748898   -0.748898   -0.749831   -1.38667   -1.47983   0.0406083
-0.766173   -0.766173   -0.767822   -1.38643   -1.48102   0.0411376
-0.778838   -0.778838   -0.779181   -1.38691   -1.4831   0.0414236
-0.767222   -0.767222   -0.767856   -1.38714   -1.49467   0.0388472
-0.76466   -0.76466   -0.766834   -1.38552   -1.50052   0.0378343
-0.774647   -0.774647   -0.776378   -1.38528   -1.4813   0.0385621
-0.765292   -0.765292   -0.767626   -1.3841   -1.47424   0.0395906
-0.774597   -0.774597   -0.778023   -1.38526   -1.46917   0.0390067
-0.771045   -0.771045   -0.774769   -1.38544   -1.47021   0.0384436
-0.775277   -0.775277   -0.778833   -1.38273   -1.48039   0.039285
-0.770519   -0.770519   -0.774407   -1.38097   -1.48612   0.036549
-0.757473   -0.757473   -0.761674   -1.37869   -1.48929   0.0424002
-0.764675   -0.764675   -0.767779   -1.38199   -1.47695   0.0409849
-0.774164   -0.774164   -0.774832   -1.37977   -1.47539   0.041408
-0.772587   -0.772587   -0.774002   -1.38343   -1.47356   0.0398519
-0.753168   -0.753168   -0.754026   -1.3848   -1.46969   0.0384657
-0.759235   -0.759235   -0.761915   -1.3817   -1.48182   0.036033
-0.772688   -0.772688   -0.772681   -1.37531   -1.47494   0.0366324
-0.779039   -0.779039   -0.779238   -1.37945   -1.47297   0.0358704
-0.766132   -0.766132   -0.7687   -1.38406   -1.47376   0.0352015
-0.769413   -0.769413   -0.771922   -1.38778   -1.46865   0.0393548
-0.751817   -0.751817   -0.751494   -1.38973   -1.45559   0.0407723
-0.741814   -0.741814   -0.742281   -1.38465   -1.47089   0.0397045
-0.742663   -0.742663   -0.743736   -1.37886   -1.49637   0.037894
-0.727757   -0.727757   -0.728603   -1.35617   -1.53161   0.0492619
-0.655374   -0.655374   -0.655022   -1.33629   -1.58023   0.0623303
-0.636897   -0.636897   -0.636971   -1.33777   -1.58082   0.0682307
-0.650767   -0.650767   -0.650087   -1.33353   -1.52919   0.0823569
-0.662584   -0.662583   -0.664852   -1.3077   -1.47337   0.0932171
-0.662782   -0.662782   -0.668859   -1.10374   -1.35417   0.109547
-0.63276   -0.63276   -0.639921   -0.933483   -1.26642   0.119241
-0.546208   -0.546208   -0.554958   -0.543452   -1.01101   0.137996
-0.499885   -0.499885   -0.506375   -0.350478   -0.849458   0.145494
-0.430616   -0.430616   -0.436425   -0.0668395   -0.54724   0.161062
-0.402373   -0.402373   -0.408339   0.037513   -0.4296   0.164851
-0.389231   -0.389231   -0.393913   0.179973   -0.205593   0.160914
-0.381025   -0.381025   -0.385946   0.185513   -0.123058   0.159948
-0.340857   -0.340857   -0.345375   0.145472   -0.0289934   0.155333
-0.31653   -0.31653   -0.320947   0.118429   -0.0115734   0.154662
-0.25498   -0.25498   -0.259008   0.0641396   0.0083315   0.154321
-0.216881   -0.216881   -0.220632   0.023504   0.0164987   0.154321
-0.191317   -0.191317   -0.195289   -0.00657325   -0.00809125   0.157091
-0.190084   -0.190084   -0.193872   -0.0361067   -0.0047671   0.15704
-0.191491   -0.191491   -0.195306   -0.0786227   -0.015792   0.157159
-0.1935   -0.1935   -0.197358   -0.0959907   -0.0300549   0.156501
-0.180078   -0.180078   -0.183309   -0.131113   -0.0632345   0.153161
-0.169889   -0.169889   -0.173138   -0.156638   -0.0787799   0.151433
-0.153065   -0.153065   -0.157268   -0.244529   -0.0921263   0.144278
-0.162948   -0.162948   -0.166033   -0.276134   -0.0865819   0.14124
-0.157408   -0.157408   -0.161412   -0.303288   -0.103584   0.138247
-0.155136   -0.155136   -0.158005   -0.302863   -0.11502   0.136962
-0.153608   -0.153608   -0.156888   -0.296383   -0.125486   0.1371
-0.151007   -0.151007   -0.154058   -0.291793   -0.127844   0.137837
-0.165441   -0.165441   -0.168514   -0.295228   -0.108631   0.137553
-0.155794   -0.155794   -0.158854   -0.283917   -0.123259   0.137248
-0.152533   -0.152533   -0.155093   -0.272879   -0.132579   0.137161
-0.168005   -0.168005   -0.171709   -0.273623   -0.120241   0.136603
-0.162295   -0.162295   -0.165358   -0.269498   -0.114625   0.134004
-0.155041   -0.155041   -0.157425   -0.265949   -0.109783   0.135015
-0.148883   -0.148883   -0.151224   -0.272078   -0.117705   0.136886
-0.161036   -0.161036   -0.16412   -0.278093   -0.101213   0.13793
-0.163156   -0.163156   -0.166589   -0.269279   -0.106115   0.136198
-0.158536   -0.158536   -0.162201   -0.264241   -0.108255   0.137419
-0.159585   -0.159585   -0.16314   -0.279188   -0.108562   0.1331
-0.163153   -0.163153   -0.166247   -0.278106   -0.112694   0.131766
-0.174497   -0.174497   -0.17719   -0.284807   -0.106856   0.131599
-0.177925   -0.177925   -0.181006   -0.287846   -0.101055   0.129561
-0.167203   -0.167203   -0.171366   -0.295429   -0.104648   0.127699
-0.140705   -0.140705   -0.144455   -0.297481   -0.126416   0.126068
-0.120478   -0.120478   -0.123515   -0.281951   -0.136594   0.129898
-0.111862   -0.111862   -0.115303   -0.275887   -0.144552   0.133936
-0.121319   -0.121319   -0.12382   -0.28149   -0.131613   0.135782
-0.119393   -0.119393   -0.122048   -0.295244   -0.121394   0.137263
-0.14915   -0.14915   -0.151286   -0.284189   -0.114501   0.136511
-0.155498   -0.155498   -0.157511   -0.291178   -0.0992112   0.138184
-0.150658   -0.150658   -0.153346   -0.290159   -0.118678   0.135437
-0.150608   -0.150608   -0.153338   -0.283853   -0.120673   0.135682
-0.145241   -0.145241   -0.147793   -0.287118   -0.122695   0.13554
-0.143449   -0.143449   -0.146538   -0.281975   -0.131101   0.136457
-0.141275   -0.141275   -0.14456   -0.277557   -0.125807   0.136925
-0.142527   -0.142527   -0.145377   -0.282029   -0.125359   0.136018
-0.134399   -0.134399   -0.137384   -0.280952   -0.119146   0.138215
-0.138587   -0.138587   -0.140321   -0.287007   -0.105264   0.138578
-0.141681   -0.141681   -0.144776   -0.293746   -0.120887   0.135236
-0.140409   -0.140409   -0.143387   -0.300617   -0.112807   0.133777
-0.132612   -0.132612   -0.134997   -0.302267   -0.0898965   0.143595
-0.128219   -0.128219   -0.130368   -0.285624   -0.062645   0.160982
-0.0622311   -0.0622311   -0.0647338   -0.268003   -0.0690322   0.209626
-0.0441641   -0.0441641   -0.0470433   -0.240807   -0.026165   0.240555
-0.0373528   -0.0373528   -0.0404339   -0.192776   0.0131633   0.276846
-0.00521556   -0.00521555   -0.00807216   -0.1381   0.117358   0.355917
0.0157516   0.0157516   0.0124989   -0.0149357   0.203452   0.435012
0.0419924   0.0419924   0.0379955   0.0342758   0.244428   0.465208
0.0649869   0.0649869   0.0606554   0.159345   0.303855   0.51214
0.0638176   0.0638176   0.0588606   0.209912   0.322403   0.523769
0.101696   0.101696   0.0981578   0.323361   0.331687   0.561629
0.0944069   0.0944069   0.0909919   0.363507   0.342616   0.568273
0.0990365   0.0990365   0.0958032   0.36357   0.355462   0.576931
0.117174   0.117174   0.112232   0.41979   0.324096   0.587398
0.0903871   0.0903871   0.0851708   0.447322   0.314002   0.594546
0.08025   0.08025   0.0739061   0.405377   0.310201   0.591496
0.0533501   0.0533501   0.0463399   0.412117   0.293409   0.596261
0.0505179   0.0505179   0.0436349   0.397597   0.287439   0.59372
0.0387979   0.0387979   0.0317796   0.381521   0.282226   0.58967
0.03265   0.03265   0.0255563   0.343758   0.283118   0.586253
0.0141166   0.0141166   0.00680927   0.355611   0.27282   0.588529
0.011583   0.011583   0.0039599   0.366804   0.262592   0.594662
0.0155318   0.0155318   0.00785038   0.388779   0.254402   0.601433
0.0121095   0.0121095   0.00479235   0.365549   0.247052   0.602934
0.0196355   0.0196355   0.0128142   0.335206   0.240759   0.600349
0.0293161   0.0293161   0.0227766   0.307808   0.242721   0.598126
0.0261412   0.0261412   0.0198518   0.326764   0.228248   0.600316
0.0140948   0.0140948   0.00787773   0.323623   0.234358   0.601278
0.0123305   0.0123306   0.00498978   0.327506   0.222606   0.601317
0.00940362   0.00940362   0.00195013   0.324601   0.222275   0.599642
0.0065155   0.0065155   -0.000913975   0.324021   0.226006   0.598971
0.00416748   0.00416749   -0.00303869   0.329772   0.22334   0.598298
0.0158631   0.0158631   0.00883511   0.33803   0.219217   0.600666
0.019925   0.019925   0.0123786   0.342624   0.211131   0.601833
0.0323202   0.0323203   0.0248842   0.337264   0.210092   0.601753
0.0337699   0.0337699   0.0271683   0.343991   0.213345   0.602152
0.0325531   0.0325531   0.0258433   0.339998   0.215616   0.602078
0.0250313   0.0250314   0.0174823   0.326358   0.224705   0.601317
0.0192003   0.0192003   0.0129678   0.328949   0.224257   0.601469
0.0207527   0.0207527   0.0153894   0.336601   0.214814   0.60161
0.0253949   0.0253949   0.0207704   0.333352   0.21503   0.601792
0.0244388   0.0244388   0.0188869   0.33648   0.211559   0.602259
0.0109092   0.0109092   0.00412438   0.339373   0.211763   0.602094
0.00580045   0.00580045   0.00015696   0.344608   0.211526   0.603017
0.0131524   0.0131524   0.00746695   0.335514   0.210033   0.601986
0.014025   0.014025   0.00778498   0.325763   0.211634   0.60151
0.0176826   0.0176827   0.0118901   0.315246   0.214736   0.600536
0.00950089   0.0095009   0.00287699   0.333109   0.208015   0.601235
0.00902954   0.00902954   0.00334815   0.327312   0.204355   0.600929
0.0132972   0.0132972   0.0075465   0.338619   0.201311   0.602405
0.0207347   0.0207347   0.0149319   0.334799   0.195916   0.602031
0.0088038   0.00880381   0.00173506   0.352929   0.200635   0.608507
0.0125233   0.0125233   0.0061963   0.364449   0.191128   0.611117
0.0224151   0.0224151   0.0158688   0.342083   0.190404   0.607849
0.0236216   0.0236217   0.0172971   0.346718   0.182582   0.609449
0.0193438   0.0193438   0.013905   0.344216   0.188995   0.611152
0.026544   0.026544   0.0206055   0.328315   0.181894   0.606437
0.00395031   0.00395032   -0.00312739   0.301824   0.19339   0.599487
0.00271284   0.00271284   -0.00515503   0.312161   0.193952   0.602654
0.00434483   0.00434484   -0.00267273   0.304691   0.197469   0.599646
0.00199474   0.00199475   -0.00558319   0.318465   0.191037   0.599828
-0.0150916   -0.0150915   -0.0229189   0.331948   0.195301   0.60066
-0.0169303   -0.0169302   -0.0244611   0.332501   0.191598   0.60108
-0.0163439   -0.0163439   -0.022991   0.346511   0.191603   0.602271
-0.0173688   -0.0173688   -0.0240497   0.350259   0.193274   0.60246
-0.0219113   -0.0219112   -0.0289206   0.34091   0.187916   0.601642
-0.00360747   -0.00360746   -0.00839566   0.296774   0.193658   0.591991
0.0109939   0.0109939   0.0057279   0.298362   0.184049   0.59428
0.000192947   0.00019296   -0.0046516   0.279439   0.190224   0.593157
-0.00531705   -0.00531704   -0.00982727   0.295459   0.18326   0.595547
-0.00316818   -0.00316816   -0.00895768   0.296435   0.176391   0.600286
-0.00889367   -0.00889365   -0.0152818   0.310892   0.175569   0.600401
-0.00572774   -0.00572772   -0.0127364   0.283812   0.179645   0.597688
0.0141013   0.0141014   0.00725285   0.30452   0.174385   0.597075
0.0247016   0.0247017   0.0178459   0.303838   0.179476   0.598138
0.0157702   0.0157702   0.00967084   0.296688   0.179825   0.597716
0.0208184   0.0208184   0.016266   0.288816   0.17682   0.596468
0.0193414   0.0193415   0.0135686   0.272925   0.180908   0.589481
0.0298419   0.0298419   0.0249092   0.277361   0.180356   0.590866
0.0371521   0.0371521   0.0312   0.294987   0.18063   0.595066
0.0269426   0.0269426   0.0210476   0.313294   0.168674   0.596707
0.0326606   0.0326606   0.0251194   0.3186   0.169549   0.596725
0.0109638   0.0109638   0.0031931   0.295387   0.175087   0.600909
0.0094639   0.00946392   0.00152357   0.30361   0.168202   0.602797
0.00682128   0.00682129   -0.000909097   0.312608   0.168905   0.60558
0.0091681   0.00916812   0.0014592   0.304772   0.170112   0.607663
-0.00217194   -0.00217192   -0.00994459   0.305638   0.171536   0.606766
-0.0176376   -0.0176376   -0.0253362   0.303742   0.170971   0.607714
-0.0191511   -0.0191511   -0.0268998   0.303397   0.169952   0.607488
-0.0191542   -0.0191542   -0.027491   0.3022   0.172798   0.606659
-0.0244335   -0.0244335   -0.0331787   0.309432   0.178494   0.60484
-0.0308648   -0.0308648   -0.0387021   0.297883   0.182508   0.601471
-0.0186311   -0.0186311   -0.0269224   0.298924   0.181026   0.59975
-0.0135465   -0.0135465   -0.0219124   0.303047   0.182103   0.601713
-0.00990808   -0.00990807   -0.0177339   0.298414   0.179679   0.604103
0.00603568   0.0060357   -0.00266297   0.286303   0.172065   0.604959
-0.00217918   -0.00217917   -0.0106877   0.278197   0.178908   0.604587
-0.00976323   -0.00976322   -0.0170462   0.28762   0.173546   0.602004
0.00149671   0.00149672   -0.00657359   0.278197   0.171767   0.599336
0.00553486   0.00553488   -0.00321248   0.27485   0.178876   0.599585
-0.0139495   -0.0139495   -0.0213329   0.271042   0.179089   0.600507
-0.0216845   -0.0216845   -0.0301411   0.273372   0.18064   0.598597
-0.0152069   -0.0152069   -0.0230903   0.27572   0.173213   0.60049
-0.0187668   -0.0187668   -0.0266455   0.274279   0.169984   0.599251
-0.0232057   -0.0232057   -0.0314677   0.282403   0.177144   0.597173
-0.0214107   -0.0214107   -0.0292977   0.266995   0.178431   0.594401
-0.0177847   -0.0177846   -0.0244453   0.270599   0.170601   0.594559
0.00356335   0.00356337   -0.00385921   0.27372   0.165168   0.601521
0.012222   0.012222   0.00539422   0.280391   0.167192   0.600371
0.0230438   0.0230438   0.0165902   0.280293   0.16742   0.5987
0.0390319   0.0390319   0.0325894   0.276706   0.155835   0.600436
0.0263346   0.0263347   0.0195864   0.278728   0.165157   0.60119
0.0193779   0.0193779   0.0125836   0.279635   0.156318   0.602951
0.0303322   0.0303322   0.024111   0.274076   0.157606   0.603714
0.037928   0.037928   0.030972   0.276518   0.163865   0.601175
0.0220349   0.0220349   0.0151836   0.272567   0.167219   0.599902
0.0176119   0.0176119   0.0108763   0.279263   0.170233   0.598344
0.0192858   0.0192858   0.0125932   0.263159   0.171091   0.598744
0.0175705   0.0175705   0.0105942   0.267598   0.170307   0.600762
0.0274972   0.0274972   0.0204459   0.278362   0.168208   0.598345
0.031318   0.0313181   0.0249335   0.277228   0.16729   0.597746
0.0163012   0.0163012   0.0102858   0.281912   0.171365   0.596043
0.00710652   0.00710654   -5.89939e-05   0.279815   0.178684   0.595315
0.015803   0.015803   0.00903582   0.285447   0.167479   0.595442
0.00953967   0.00953969   0.0018039   0.301609   0.16263   0.595879
0.00924307   0.00924309   0.00193701   0.303276   0.160809   0.595066
0.0120863   0.0120863   0.00424213   0.282337   0.169975   0.593828
0.0132289   0.013229   0.00546905   0.288909   0.174915   0.595206
0.00178756   0.00178759   -0.00508337   0.278858   0.181018   0.594593
0.0134606   0.0134606   0.00608326   0.289463   0.168108   0.594363
0.00177035   0.00177036   -0.00585449   0.29414   0.173247   0.596673
0.00775634   0.00775636   0.000320569   0.285063   0.175614   0.595464
0.0150324   0.0150324   0.00754792   0.272982   0.17548   0.594307
0.0175686   0.0175686   0.0104785   0.276438   0.171817   0.593936
0.0137866   0.0137866   0.00586008   0.282994   0.171511   0.595232
0.0194132   0.0194132   0.0117224   0.255219   0.177951   0.587217
0.0171684   0.0171684   0.00949426   0.255927   0.181056   0.585752
0.00415862   0.00415864   -0.00373581   0.25897   0.182075   0.584453
-0.0124256   -0.0124256   -0.0194453   0.247082   0.191119   0.583784
-0.0299559   -0.0299559   -0.0365868   0.2362   0.198689   0.582591
-0.0177329   -0.0177329   -0.0244284   0.240682   0.192698   0.582738
-0.0139147   -0.0139147   -0.0203219   0.21922   0.192557   0.575526
-0.0232623   -0.0232623   -0.0297565   0.209965   0.203282   0.572813
-0.0305358   -0.0305358   -0.0384302   0.23874   0.196547   0.583929
-0.0194111   -0.0194111   -0.0261925   0.259675   0.187023   0.587908
0.0060365   0.00603651   0.000638768   0.2712   0.180841   0.592334
0.0204861   0.0204861   0.0141684   0.271533   0.165195   0.592956
0.00902503   0.00902505   0.00257081   0.284188   0.163869   0.595221
0.00241909   0.0024191   -0.00413023   0.279805   0.168169   0.595015
-0.0136273   -0.0136273   -0.0193213   0.262383   0.178042   0.593406
0.00514747   0.00514749   -0.000666346   0.26386   0.166222   0.59311
0.0253235   0.0253235   0.0194183   0.254315   0.154049   0.589167
0.0250305   0.0250306   0.0189875   0.235473   0.157202   0.58242
0.015148   0.0151481   0.00911623   0.217156   0.171349   0.574896
0.0165921   0.0165922   0.010455   0.220165   0.17815   0.574308
-0.00598942   -0.00598939   -0.0124735   0.236847   0.176397   0.577117
-0.00872117   -0.00872115   -0.0155044   0.217967   0.190057   0.575421
0.00253375   0.00253377   -0.00334727   0.242553   0.189145   0.580634
-0.0102944   -0.0102944   -0.0170834   0.236039   0.186583   0.578741
-0.0179545   -0.0179545   -0.0240993   0.246902   0.18415   0.585598
0.0150604   0.0150604   0.00960588   0.237806   0.175453   0.581039
0.0374262   0.0374263   0.0312518   0.248138   0.171453   0.582225
0.0320459   0.0320459   0.025991   0.246417   0.164359   0.582639
0.0348637   0.0348637   0.0284853   0.242678   0.165364   0.583665
0.0366685   0.0366685   0.0306659   0.252535   0.165503   0.584599
0.0247387   0.0247387   0.0195283   0.239064   0.168301   0.583414
0.02474   0.02474   0.0187722   0.239643   0.160967   0.58286
0.0235844   0.0235844   0.0173117   0.225912   0.175979   0.579445
0.0185377   0.0185378   0.0125651   0.233837   0.178473   0.580918
-0.00150525   -0.00150522   -0.0076482   0.229099   0.188304   0.582849
-0.010916   -0.010916   -0.0171424   0.238885   0.192083   0.583722
-0.0160762   -0.0160761   -0.0222975   0.232403   0.188475   0.584558
-0.00451665   -0.00451662   -0.0103567   0.236541   0.193402   0.584609
-0.00287159   -0.00287156   -0.00863074   0.254015   0.188376   0.58601
0.0170225   0.0170225   0.0119455   0.252783   0.184639   0.586169
0.0406533   0.0406533   0.0361966   0.25004   0.178144   0.579626
0.0461916   0.0461916   0.0425861   0.251445   0.174896   0.577267
0.0374048   0.0374048   0.0330419   0.240889   0.175332   0.576478
0.044757   0.044757   0.0402635   0.249004   0.18219   0.577189
0.0329027   0.0329027   0.0285787   0.242909   0.189913   0.575738
0.0297253   0.0297253   0.0259679   0.250068   0.186091   0.5753
0.0442074   0.0442074   0.0397311   0.237402   0.190064   0.569388
0.0370093   0.0370093   0.0324475   0.236738   0.184524   0.570729
0.0410106   0.0410106   0.0367089   0.239689   0.191061   0.575152
0.0353403   0.0353404   0.0310933   0.254994   0.188064   0.577181
0.0467837   0.0467837   0.0428037   0.229155   0.186557   0.580109
0.0439897   0.0439897   0.0392467   0.222272   0.183288   0.578756
0.0418427   0.0418427   0.0371993   0.215055   0.181051   0.578789
0.042251   0.042251   0.0373804   0.210663   0.18707   0.578175
0.0522485   0.0522486   0.0478068   0.213549   0.182851   0.578192
0.0448875   0.0448875   0.0403032   0.233542   0.186019   0.580909
0.0390941   0.0390941   0.0344521   0.225228   0.186757   0.579654
0.0418859   0.0418859   0.0366857   0.230123   0.186879   0.579084
0.0318606   0.0318606   0.0262959   0.233397   0.185187   0.579115
0.030696   0.030696   0.0254929   0.223653   0.193077   0.578727
0.0162705   0.0162705   0.00999277   0.226127   0.199905   0.577138
0.017643   0.017643   0.0121737   0.221527   0.198305   0.576406
0.0296823   0.0296823   0.0242927   0.24767   0.190333   0.577633
0.0294642   0.0294642   0.023721   0.246982   0.19067   0.577985
0.0300827   0.0300828   0.0240426   0.249177   0.190553   0.577596
0.0243296   0.0243296   0.0178654   0.248661   0.192098   0.577781
0.0212141   0.0212142   0.0153831   0.224152   0.208096   0.563984
0.0155788   0.0155788   0.00952726   0.237396   0.205943   0.567673
0.0219933   0.0219933   0.0161398   0.244541   0.201959   0.574607
0.024177   0.024177   0.0184177   0.24523   0.202788   0.576211
0.0183303   0.0183303   0.0128658   0.248282   0.199733   0.577932
0.0148653   0.0148654   0.00862499   0.22951   0.200677   0.576901
0.0206887   0.0206887   0.0151333   0.244075   0.198419   0.578632
0.0370681   0.0370681   0.0315705   0.231514   0.196531   0.576997
0.0494831   0.0494832   0.0438636   0.23169   0.201546   0.57777
0.0507049   0.0507049   0.04506   0.230659   0.198277   0.580348
0.0479402   0.0479403   0.0432608   0.238247   0.202285   0.579186
0.0461895   0.0461896   0.0415281   0.236048   0.199329   0.578119
0.0421817   0.0421817   0.0374197   0.222051   0.212286   0.570758
0.0442128   0.0442128   0.0386771   0.217734   0.204656   0.576073
0.047299   0.047299   0.0429188   0.229235   0.204685   0.576723
0.0466511   0.0466511   0.0413413   0.218246   0.211086   0.569452
0.0482875   0.0482875   0.0432752   0.205301   0.204718   0.574816
0.0511402   0.0511403   0.0458419   0.201808   0.20522   0.576135
0.046725   0.046725   0.0405589   0.228321   0.199053   0.57786
0.0417799   0.0417799   0.0363716   0.212116   0.204204   0.569873
0.0451628   0.0451629   0.0402131   0.225288   0.203324   0.575097
0.0415007   0.0415008   0.0365123   0.241345   0.202844   0.578259
0.0458347   0.0458347   0.0408377   0.238119   0.203993   0.580217
0.0496515   0.0496516   0.0442474   0.236662   0.20411   0.580483
0.0417634   0.0417634   0.0368396   0.216762   0.194939   0.577786
0.049441   0.0494411   0.0453692   0.208198   0.197386   0.578386
0.042499   0.042499   0.0378094   0.21247   0.208431   0.576494
0.0332728   0.0332728   0.0282864   0.219488   0.210743   0.57632
0.0133925   0.0133925   0.00825114   0.213395   0.219172   0.562379
0.00518787   0.0051879   9.01687e-05   0.224693   0.222601   0.559943
0.00677635   0.00677638   0.00176501   0.220516   0.22266   0.56397
0.00824054   0.00824058   0.00215108   0.213394   0.223909   0.568443
0.000786466   0.000786498   -0.00600784   0.214095   0.234613   0.567751
0.0159971   0.0159971   0.00912455   0.223758   0.226026   0.570933
0.0300845   0.0300845   0.0242739   0.223634   0.211895   0.566565
0.0258137   0.0258137   0.0198788   0.224255   0.207005   0.569659
0.0245888   0.0245889   0.0179274   0.22256   0.208635   0.559015
0.022185   0.0221851   0.0153541   0.220406   0.211976   0.556327
0.0277798   0.0277799   0.0221549   0.221353   0.206195   0.559635
0.0357741   0.0357741   0.0302014   0.218237   0.203455   0.564174
0.0356931   0.0356931   0.030095   0.220653   0.203717   0.56304
0.0316528   0.0316529   0.0265892   0.225114   0.206405   0.566834
0.0441328   0.0441328   0.0389309   0.227147   0.191812   0.57991
0.0485588   0.0485589   0.0429443   0.248224   0.194507   0.580513
0.0429841   0.0429841   0.0383918   0.265742   0.197175   0.580982
0.0507087   0.0507087   0.0454649   0.260059   0.194057   0.581421
0.0483691   0.0483691   0.0440322   0.245946   0.206989   0.577969
0.0588146   0.0588146   0.0537704   0.260304   0.208438   0.577903
0.0478372   0.0478372   0.0426611   0.229689   0.231856   0.562958
0.0510133   0.0510133   0.0466425   0.214507   0.25141   0.558718
0.0627062   0.0627062   0.0585374   0.235523   0.243258   0.562911
0.0809953   0.0809953   0.077176   0.239641   0.244202   0.570082
0.0744909   0.0744909   0.0713212   0.288767   0.243764   0.577786
0.0847613   0.0847613   0.0814934   0.266977   0.245782   0.570294
0.0679623   0.0679623   0.0645293   0.251217   0.258824   0.560334
0.0588111   0.0588111   0.0551546   0.23389   0.271808   0.556598
0.0872011   0.0872012   0.0841224   0.260759   0.264943   0.565522
0.0963289   0.096329   0.0932609   0.240331   0.276911   0.561329
0.0884783   0.0884784   0.0848238   0.222969   0.282063   0.556263
0.0833106   0.0833106   0.079495   0.21975   0.281751   0.555494
0.0800927   0.0800928   0.0754347   0.256012   0.284196   0.556421
0.0852407   0.0852408   0.0812796   0.267154   0.287396   0.56579
0.103061   0.103061   0.0992536   0.308731   0.280974   0.57833
0.116393   0.116393   0.112193   0.325949   0.27501   0.582607
0.112002   0.112002   0.107794   0.332644   0.289813   0.588318
0.10604   0.10604   0.101585   0.289024   0.298942   0.584928
0.102731   0.102731   0.0993633   0.244396   0.285734   0.582371
0.10218   0.10218   0.100419   0.195901   0.295787   0.573434
0.158273   0.158273   0.157855   0.056566   0.314614   0.54031
0.21828   0.21828   0.218712   -0.033883   0.310023   0.51482
0.297864   0.297864   0.299108   -0.25512   0.321167   0.44683
0.327208   0.327208   0.328753   -0.323813   0.2804   0.420806
0.371205   0.371205   0.372173   -0.447897   0.25418   0.399716
0.384991   0.384991   0.385908   -0.518002   0.244705   0.408374
0.444466   0.444466   0.445587   -0.647352   0.182965   0.460567
0.510426   0.510426   0.511008   -0.70189   0.131082   0.49421
0.573494   0.573494   0.573446   -0.689462   0.0535436   0.529978
0.692509   0.692509   0.694169   -0.482565   -0.0437176   0.595913
0.643537   0.643537   0.64379   -0.215647   0.0290938   0.620411
0.60269   0.60269   0.602688   -0.124888   0.112521   0.622987
0.502137   0.502137   0.502379   0.00498545   0.147288   0.611896
0.0573758   0.0573758   0.0572572   0.0566794   0.122641   0.578228
-0.266121   -0.266121   -0.266555   0.124257   0.0863036   0.540482
-0.389129   -0.389129   -0.389245   0.166303   0.0952079   0.534207
-0.468076   -0.468076   -0.473916   0.218415   0.0911691   0.520147
-0.479415   -0.479415   -0.487213   -0.39962   -0.255343   0.434364
-0.48762   -0.48762   -0.497074   -0.933587   -0.557658   0.300107
-0.489041   -0.489041   -0.498783   -0.836488   -0.645092   0.293179
-0.490541   -0.490541   -0.500479   -0.961928   -0.423171   0.31731
-0.489734   -0.489734   -0.499791   -0.956781   -0.334376   0.331683
-0.489699   -0.489699   -0.4998   -0.866379   -0.200435   0.356876
-0.489699   -0.489699   -0.4998   -0.866379   -0.200435   0.356876
-0.489699   -0.489699   -0.4998   -0.866379   -0.200435   0.356876
-0.489699   -0.489699   -0.4998   -0.866379   -0.200435   0.356876
-0.489699   -0.489699   -0.4998   -0.866379   -0.200435   0.356876
-0.489699   -0.489699   -0.4998   -0.866379   -0.200435   0.356876
